  0.00000000E+00 -0.20340272E+02
  0.14630364E-01 -0.20339777E+02
  0.29260727E-01 -0.20338287E+02
  0.43891091E-01 -0.20335797E+02
  0.58521454E-01 -0.20332301E+02
  0.73151818E-01 -0.20327802E+02
  0.87782182E-01 -0.20322310E+02
  0.10241255E+00 -0.20315839E+02
  0.11704291E+00 -0.20308398E+02
  0.13167327E+00 -0.20299987E+02
  0.14630364E+00 -0.20290596E+02
  0.16093400E+00 -0.20280210E+02
  0.17556436E+00 -0.20268817E+02
  0.19019473E+00 -0.20256417E+02
  0.20482509E+00 -0.20243020E+02
  0.21945545E+00 -0.20228645E+02
  0.23408582E+00 -0.20213310E+02
  0.24871618E+00 -0.20197021E+02
  0.26334654E+00 -0.20179778E+02
  0.27797691E+00 -0.20161572E+02
  0.29260727E+00 -0.20142398E+02
  0.30723764E+00 -0.20122254E+02
  0.32186800E+00 -0.20101149E+02
  0.33649836E+00 -0.20079094E+02
  0.35112873E+00 -0.20056095E+02
  0.36575909E+00 -0.20032157E+02
  0.38038945E+00 -0.20007278E+02
  0.39501982E+00 -0.19981458E+02
  0.40965018E+00 -0.19954702E+02
  0.42428054E+00 -0.19927022E+02
  0.43891091E+00 -0.19898433E+02
  0.45354127E+00 -0.19868950E+02
  0.46817163E+00 -0.19838581E+02
  0.48280200E+00 -0.19807328E+02
  0.49743236E+00 -0.19775193E+02
  0.51206273E+00 -0.19742177E+02
  0.52669309E+00 -0.19708287E+02
  0.54132345E+00 -0.19673532E+02
  0.55595382E+00 -0.19637924E+02
  0.57058418E+00 -0.19601476E+02
  0.58521454E+00 -0.19564197E+02
  0.59984491E+00 -0.19526100E+02
  0.61447527E+00 -0.19487200E+02
  0.62910563E+00 -0.19447516E+02
  0.64373600E+00 -0.19407067E+02
  0.65836636E+00 -0.19365868E+02
  0.67299673E+00 -0.19323932E+02
  0.68762709E+00 -0.19281265E+02
  0.70225745E+00 -0.19237876E+02
  0.71688782E+00 -0.19193781E+02
  0.73151818E+00 -0.19149000E+02
  0.74614854E+00 -0.19103558E+02
  0.76077891E+00 -0.19057482E+02
  0.77540927E+00 -0.19010795E+02
  0.79003963E+00 -0.18963520E+02
  0.80467000E+00 -0.18915682E+02
  0.81930036E+00 -0.18867313E+02
  0.83393072E+00 -0.18818445E+02
  0.84856109E+00 -0.18769115E+02
  0.86319145E+00 -0.18719351E+02
  0.87782182E+00 -0.18669179E+02
  0.89245218E+00 -0.18618619E+02
  0.90708254E+00 -0.18567699E+02
  0.92171291E+00 -0.18516462E+02
  0.93634327E+00 -0.18464963E+02
  0.95097363E+00 -0.18413266E+02
  0.96560400E+00 -0.18361434E+02
  0.98023436E+00 -0.18309520E+02
  0.99486472E+00 -0.18257566E+02
  0.10094951E+01 -0.18205613E+02
  0.10241255E+01 -0.18153712E+02
  0.10387558E+01 -0.18101930E+02
  0.10533862E+01 -0.18050352E+02
  0.10680165E+01 -0.17999070E+02
  0.10826469E+01 -0.17948175E+02
  0.10972773E+01 -0.17897750E+02
  0.11119076E+01 -0.17847869E+02
  0.11265380E+01 -0.17798613E+02
  0.11411684E+01 -0.17750072E+02
  0.11557987E+01 -0.17702352E+02
  0.11704291E+01 -0.17655573E+02
  0.11850595E+01 -0.17609860E+02
  0.11996898E+01 -0.17565339E+02
  0.12143202E+01 -0.17522131E+02
  0.12289505E+01 -0.17480361E+02
  0.12435809E+01 -0.17440160E+02
  0.12582113E+01 -0.17401670E+02
  0.12728416E+01 -0.17365040E+02
  0.12874720E+01 -0.17330418E+02
  0.13021024E+01 -0.17297943E+02
  0.13167327E+01 -0.17267747E+02
  0.13313631E+01 -0.17239950E+02
  0.13459935E+01 -0.17214669E+02
  0.13606238E+01 -0.17192023E+02
  0.13752542E+01 -0.17172129E+02
  0.13898845E+01 -0.17155099E+02
  0.14045149E+01 -0.17141036E+02
  0.14191453E+01 -0.17130022E+02
  0.14337756E+01 -0.17122117E+02
  0.14484060E+01 -0.17117359E+02
  0.14629695E+01 -0.17115771E+02
  0.14775330E+01 -0.17115432E+02
  0.14920966E+01 -0.17114412E+02
  0.15066601E+01 -0.17112709E+02
  0.15212236E+01 -0.17110319E+02
  0.15357871E+01 -0.17107243E+02
  0.15503507E+01 -0.17103487E+02
  0.15649142E+01 -0.17099059E+02
  0.15794777E+01 -0.17093970E+02
  0.15940412E+01 -0.17088232E+02
  0.16086048E+01 -0.17081852E+02
  0.16231683E+01 -0.17074839E+02
  0.16377318E+01 -0.17067198E+02
  0.16522953E+01 -0.17058936E+02
  0.16668589E+01 -0.17050063E+02
  0.16814224E+01 -0.17040590E+02
  0.16959859E+01 -0.17030529E+02
  0.17105494E+01 -0.17019893E+02
  0.17251130E+01 -0.17008696E+02
  0.17396765E+01 -0.16996953E+02
  0.17542400E+01 -0.16984682E+02
  0.17688035E+01 -0.16971905E+02
  0.17833671E+01 -0.16958648E+02
  0.17979306E+01 -0.16944938E+02
  0.18124941E+01 -0.16930801E+02
  0.18270576E+01 -0.16916262E+02
  0.18416212E+01 -0.16901344E+02
  0.18561847E+01 -0.16886071E+02
  0.18707482E+01 -0.16870468E+02
  0.18853117E+01 -0.16854569E+02
  0.18998753E+01 -0.16838407E+02
  0.19144388E+01 -0.16822021E+02
  0.19290023E+01 -0.16805449E+02
  0.19435658E+01 -0.16788728E+02
  0.19581294E+01 -0.16771895E+02
  0.19726929E+01 -0.16754993E+02
  0.19872564E+01 -0.16738069E+02
  0.20018199E+01 -0.16721178E+02
  0.20163835E+01 -0.16704381E+02
  0.20309470E+01 -0.16687742E+02
  0.20455105E+01 -0.16671321E+02
  0.20600740E+01 -0.16655175E+02
  0.20746376E+01 -0.16639355E+02
  0.20892011E+01 -0.16623912E+02
  0.21037646E+01 -0.16608903E+02
  0.21183281E+01 -0.16594391E+02
  0.21328917E+01 -0.16580449E+02
  0.21474552E+01 -0.16567155E+02
  0.21620187E+01 -0.16554591E+02
  0.21765822E+01 -0.16542839E+02
  0.21911458E+01 -0.16531981E+02
  0.22057093E+01 -0.16522099E+02
  0.22202728E+01 -0.16513279E+02
  0.22348363E+01 -0.16505606E+02
  0.22493999E+01 -0.16499166E+02
  0.22639634E+01 -0.16494039E+02
  0.22785269E+01 -0.16490298E+02
  0.22930904E+01 -0.16488008E+02
  0.23077806E+01 -0.16487232E+02
  0.23224708E+01 -0.16488055E+02
  0.23371609E+01 -0.16490575E+02
  0.23518511E+01 -0.16494857E+02
  0.23665412E+01 -0.16500963E+02
  0.23812314E+01 -0.16508948E+02
  0.23959216E+01 -0.16518860E+02
  0.24106117E+01 -0.16530734E+02
  0.24253019E+01 -0.16544595E+02
  0.24399921E+01 -0.16560459E+02
  0.24546822E+01 -0.16578335E+02
  0.24693724E+01 -0.16598228E+02
  0.24840626E+01 -0.16620135E+02
  0.24987527E+01 -0.16644048E+02
  0.25134429E+01 -0.16669952E+02
  0.25281331E+01 -0.16697820E+02
  0.25428232E+01 -0.16727616E+02
  0.25575134E+01 -0.16759288E+02
  0.25722035E+01 -0.16792779E+02
  0.25868937E+01 -0.16828017E+02
  0.26015839E+01 -0.16864930E+02
  0.26162740E+01 -0.16903443E+02
  0.26309642E+01 -0.16943486E+02
  0.26456544E+01 -0.16984995E+02
  0.26603445E+01 -0.17027908E+02
  0.26750347E+01 -0.17072158E+02
  0.26897249E+01 -0.17117670E+02
  0.27044150E+01 -0.17164354E+02
  0.27191052E+01 -0.17212113E+02
  0.27337954E+01 -0.17260844E+02
  0.27484855E+01 -0.17310454E+02
  0.27631757E+01 -0.17360863E+02
  0.27778658E+01 -0.17412006E+02
  0.27925560E+01 -0.17463829E+02
  0.28072462E+01 -0.17516274E+02
  0.28219363E+01 -0.17569276E+02
  0.28366265E+01 -0.17622756E+02
  0.28513167E+01 -0.17676629E+02
  0.28660068E+01 -0.17730809E+02
  0.28806970E+01 -0.17785220E+02
  0.28953872E+01 -0.17839804E+02
  0.29100773E+01 -0.17894516E+02
  0.29247675E+01 -0.17949319E+02
  0.29394576E+01 -0.18004173E+02
  0.29541478E+01 -0.18059030E+02
  0.29688380E+01 -0.18113833E+02
  0.29835281E+01 -0.18168524E+02
  0.29982183E+01 -0.18223047E+02
  0.30129085E+01 -0.18277357E+02
  0.30275986E+01 -0.18331418E+02
  0.30422888E+01 -0.18385200E+02
  0.30569790E+01 -0.18438673E+02
  0.30716691E+01 -0.18491805E+02
  0.30863593E+01 -0.18544556E+02
  0.31010495E+01 -0.18596887E+02
  0.31157396E+01 -0.18648764E+02
  0.31304298E+01 -0.18700161E+02
  0.31451199E+01 -0.18751057E+02
  0.31598101E+01 -0.18801437E+02
  0.31745003E+01 -0.18851284E+02
  0.31891904E+01 -0.18900574E+02
  0.32038806E+01 -0.18949274E+02
  0.32185708E+01 -0.18997353E+02
  0.32332609E+01 -0.19044778E+02
  0.32479511E+01 -0.19091526E+02
  0.32626413E+01 -0.19137584E+02
  0.32773314E+01 -0.19182943E+02
  0.32920216E+01 -0.19227597E+02
  0.33067118E+01 -0.19271536E+02
  0.33214019E+01 -0.19314743E+02
  0.33360921E+01 -0.19357196E+02
  0.33507822E+01 -0.19398872E+02
  0.33654724E+01 -0.19439752E+02
  0.33801626E+01 -0.19479821E+02
  0.33948527E+01 -0.19519075E+02
  0.34095429E+01 -0.19557509E+02
  0.34242331E+01 -0.19595122E+02
  0.34389232E+01 -0.19631905E+02
  0.34536134E+01 -0.19667847E+02
  0.34683036E+01 -0.19702932E+02
  0.34829937E+01 -0.19737146E+02
  0.34976839E+01 -0.19770475E+02
  0.35123740E+01 -0.19802910E+02
  0.35270642E+01 -0.19834446E+02
  0.35417544E+01 -0.19865078E+02
  0.35564445E+01 -0.19894803E+02
  0.35711347E+01 -0.19923615E+02
  0.35858249E+01 -0.19951507E+02
  0.36005150E+01 -0.19978472E+02
  0.36152052E+01 -0.20004504E+02
  0.36298954E+01 -0.20029596E+02
  0.36445855E+01 -0.20053743E+02
  0.36592757E+01 -0.20076942E+02
  0.36739659E+01 -0.20099187E+02
  0.36886560E+01 -0.20120471E+02
  0.37033462E+01 -0.20140789E+02
  0.37180363E+01 -0.20160135E+02
  0.37327265E+01 -0.20178504E+02
  0.37474167E+01 -0.20195895E+02
  0.37621068E+01 -0.20212308E+02
  0.37767970E+01 -0.20227742E+02
  0.37914872E+01 -0.20242196E+02
  0.38061773E+01 -0.20255670E+02
  0.38208675E+01 -0.20268158E+02
  0.38355577E+01 -0.20279657E+02
  0.38502478E+01 -0.20290162E+02
  0.38649380E+01 -0.20299670E+02
  0.38796281E+01 -0.20308178E+02
  0.38943183E+01 -0.20315687E+02
  0.39090085E+01 -0.20322198E+02
  0.39236986E+01 -0.20327711E+02
  0.39383888E+01 -0.20332227E+02
  0.39530790E+01 -0.20335743E+02
  0.39677691E+01 -0.20338258E+02
  0.39824593E+01 -0.20339769E+02
  0.39970897E+01 -0.20340272E+02
  
  0.00000000E+00 -0.20162285E+02
  0.14630364E-01 -0.20161800E+02
  0.29260727E-01 -0.20160340E+02
  0.43891091E-01 -0.20157898E+02
  0.58521454E-01 -0.20154467E+02
  0.73151818E-01 -0.20150050E+02
  0.87782182E-01 -0.20144658E+02
  0.10241255E+00 -0.20138306E+02
  0.11704291E+00 -0.20131004E+02
  0.13167327E+00 -0.20122750E+02
  0.14630364E+00 -0.20113534E+02
  0.16093400E+00 -0.20103340E+02
  0.17556436E+00 -0.20092159E+02
  0.19019473E+00 -0.20079990E+02
  0.20482509E+00 -0.20066847E+02
  0.21945545E+00 -0.20052746E+02
  0.23408582E+00 -0.20037701E+02
  0.24871618E+00 -0.20021718E+02
  0.26334654E+00 -0.20004796E+02
  0.27797691E+00 -0.19986928E+02
  0.29260727E+00 -0.19968111E+02
  0.30723764E+00 -0.19948346E+02
  0.32186800E+00 -0.19927641E+02
  0.33649836E+00 -0.19906006E+02
  0.35112873E+00 -0.19883446E+02
  0.36575909E+00 -0.19859964E+02
  0.38038945E+00 -0.19835562E+02
  0.39501982E+00 -0.19810241E+02
  0.40965018E+00 -0.19784007E+02
  0.42428054E+00 -0.19756866E+02
  0.43891091E+00 -0.19728831E+02
  0.45354127E+00 -0.19699912E+02
  0.46817163E+00 -0.19670117E+02
  0.48280200E+00 -0.19639455E+02
  0.49743236E+00 -0.19607934E+02
  0.51206273E+00 -0.19575563E+02
  0.52669309E+00 -0.19542349E+02
  0.54132345E+00 -0.19508298E+02
  0.55595382E+00 -0.19473412E+02
  0.57058418E+00 -0.19437697E+02
  0.58521454E+00 -0.19401160E+02
  0.59984491E+00 -0.19363816E+02
  0.61447527E+00 -0.19325688E+02
  0.62910563E+00 -0.19286799E+02
  0.64373600E+00 -0.19247173E+02
  0.65836636E+00 -0.19206824E+02
  0.67299673E+00 -0.19165760E+02
  0.68762709E+00 -0.19123986E+02
  0.70225745E+00 -0.19081509E+02
  0.71688782E+00 -0.19038344E+02
  0.73151818E+00 -0.18994514E+02
  0.74614854E+00 -0.18950043E+02
  0.76077891E+00 -0.18904959E+02
  0.77540927E+00 -0.18859282E+02
  0.79003963E+00 -0.18813034E+02
  0.80467000E+00 -0.18766236E+02
  0.81930036E+00 -0.18718917E+02
  0.83393072E+00 -0.18671109E+02
  0.84856109E+00 -0.18622847E+02
  0.86319145E+00 -0.18574164E+02
  0.87782182E+00 -0.18525087E+02
  0.89245218E+00 -0.18475645E+02
  0.90708254E+00 -0.18425872E+02
  0.92171291E+00 -0.18375814E+02
  0.93634327E+00 -0.18325524E+02
  0.95097363E+00 -0.18275066E+02
  0.96560400E+00 -0.18224497E+02
  0.98023436E+00 -0.18173864E+02
  0.99486472E+00 -0.18123206E+02
  0.10094951E+01 -0.18072559E+02
  0.10241255E+01 -0.18021970E+02
  0.10387558E+01 -0.17971508E+02
  0.10533862E+01 -0.17921259E+02
  0.10680165E+01 -0.17871325E+02
  0.10826469E+01 -0.17821804E+02
  0.10972773E+01 -0.17772782E+02
  0.11119076E+01 -0.17724334E+02
  0.11265380E+01 -0.17676526E+02
  0.11411684E+01 -0.17629430E+02
  0.11557987E+01 -0.17583133E+02
  0.11704291E+01 -0.17537742E+02
  0.11850595E+01 -0.17493382E+02
  0.11996898E+01 -0.17450185E+02
  0.12143202E+01 -0.17408288E+02
  0.12289505E+01 -0.17367823E+02
  0.12435809E+01 -0.17328922E+02
  0.12582113E+01 -0.17291714E+02
  0.12728416E+01 -0.17256332E+02
  0.12874720E+01 -0.17222906E+02
  0.13021024E+01 -0.17191564E+02
  0.13167327E+01 -0.17162430E+02
  0.13313631E+01 -0.17135621E+02
  0.13459935E+01 -0.17111253E+02
  0.13606238E+01 -0.17089438E+02
  0.13752542E+01 -0.17070286E+02
  0.13898845E+01 -0.17053902E+02
  0.14045149E+01 -0.17040377E+02
  0.14191453E+01 -0.17029788E+02
  0.14337756E+01 -0.17022189E+02
  0.14484060E+01 -0.17017617E+02
  0.14629695E+01 -0.17016091E+02
  0.14775330E+01 -0.17015756E+02
  0.14920966E+01 -0.17014750E+02
  0.15066601E+01 -0.17013069E+02
  0.15212236E+01 -0.17010711E+02
  0.15357871E+01 -0.17007678E+02
  0.15503507E+01 -0.17003976E+02
  0.15649142E+01 -0.16999616E+02
  0.15794777E+01 -0.16994609E+02
  0.15940412E+01 -0.16988967E+02
  0.16086048E+01 -0.16982698E+02
  0.16231683E+01 -0.16975808E+02
  0.16377318E+01 -0.16968300E+02
  0.16522953E+01 -0.16960179E+02
  0.16668589E+01 -0.16951453E+02
  0.16814224E+01 -0.16942133E+02
  0.16959859E+01 -0.16932236E+02
  0.17105494E+01 -0.16921778E+02
  0.17251130E+01 -0.16910775E+02
  0.17396765E+01 -0.16899243E+02
  0.17542400E+01 -0.16887197E+02
  0.17688035E+01 -0.16874655E+02
  0.17833671E+01 -0.16861636E+02
  0.17979306E+01 -0.16848167E+02
  0.18124941E+01 -0.16834275E+02
  0.18270576E+01 -0.16819991E+02
  0.18416212E+01 -0.16805344E+02
  0.18561847E+01 -0.16790364E+02
  0.18707482E+01 -0.16775074E+02
  0.18853117E+01 -0.16759500E+02
  0.18998753E+01 -0.16743669E+02
  0.19144388E+01 -0.16727610E+02
  0.19290023E+01 -0.16711360E+02
  0.19435658E+01 -0.16694960E+02
  0.19581294E+01 -0.16678456E+02
  0.19726929E+01 -0.16661900E+02
  0.19872564E+01 -0.16645341E+02
  0.20018199E+01 -0.16628831E+02
  0.20163835E+01 -0.16612420E+02
  0.20309470E+01 -0.16596161E+02
  0.20455105E+01 -0.16580107E+02
  0.20600740E+01 -0.16564315E+02
  0.20746376E+01 -0.16548843E+02
  0.20892011E+01 -0.16533753E+02
  0.21037646E+01 -0.16519106E+02
  0.21183281E+01 -0.16504965E+02
  0.21328917E+01 -0.16491394E+02
  0.21474552E+01 -0.16478458E+02
  0.21620187E+01 -0.16466228E+02
  0.21765822E+01 -0.16454781E+02
  0.21911458E+01 -0.16444201E+02
  0.22057093E+01 -0.16434573E+02
  0.22202728E+01 -0.16425987E+02
  0.22348363E+01 -0.16418527E+02
  0.22493999E+01 -0.16412273E+02
  0.22639634E+01 -0.16407295E+02
  0.22785269E+01 -0.16403662E+02
  0.22930904E+01 -0.16401436E+02
  0.23077806E+01 -0.16400681E+02
  0.23224708E+01 -0.16401485E+02
  0.23371609E+01 -0.16403938E+02
  0.23518511E+01 -0.16408099E+02
  0.23665412E+01 -0.16414021E+02
  0.23812314E+01 -0.16421752E+02
  0.23959216E+01 -0.16431337E+02
  0.24106117E+01 -0.16442814E+02
  0.24253019E+01 -0.16456216E+02
  0.24399921E+01 -0.16471562E+02
  0.24546822E+01 -0.16488864E+02
  0.24693724E+01 -0.16508123E+02
  0.24840626E+01 -0.16529334E+02
  0.24987527E+01 -0.16552488E+02
  0.25134429E+01 -0.16577571E+02
  0.25281331E+01 -0.16604560E+02
  0.25428232E+01 -0.16633423E+02
  0.25575134E+01 -0.16664111E+02
  0.25722035E+01 -0.16696565E+02
  0.25868937E+01 -0.16730716E+02
  0.26015839E+01 -0.16766490E+02
  0.26162740E+01 -0.16803819E+02
  0.26309642E+01 -0.16842638E+02
  0.26456544E+01 -0.16882888E+02
  0.26603445E+01 -0.16924513E+02
  0.26750347E+01 -0.16967449E+02
  0.26897249E+01 -0.17011627E+02
  0.27044150E+01 -0.17056964E+02
  0.27191052E+01 -0.17103370E+02
  0.27337954E+01 -0.17150753E+02
  0.27484855E+01 -0.17199021E+02
  0.27631757E+01 -0.17248091E+02
  0.27778658E+01 -0.17297887E+02
  0.27925560E+01 -0.17348340E+02
  0.28072462E+01 -0.17399387E+02
  0.28219363E+01 -0.17450966E+02
  0.28366265E+01 -0.17503013E+02
  0.28513167E+01 -0.17555464E+02
  0.28660068E+01 -0.17608252E+02
  0.28806970E+01 -0.17661311E+02
  0.28953872E+01 -0.17714577E+02
  0.29100773E+01 -0.17767992E+02
  0.29247675E+01 -0.17821500E+02
  0.29394576E+01 -0.17875050E+02
  0.29541478E+01 -0.17928595E+02
  0.29688380E+01 -0.17982089E+02
  0.29835281E+01 -0.18035488E+02
  0.29982183E+01 -0.18088746E+02
  0.30129085E+01 -0.18141819E+02
  0.30275986E+01 -0.18194662E+02
  0.30422888E+01 -0.18247234E+02
  0.30569790E+01 -0.18299497E+02
  0.30716691E+01 -0.18351419E+02
  0.30863593E+01 -0.18402968E+02
  0.31010495E+01 -0.18454117E+02
  0.31157396E+01 -0.18504842E+02
  0.31304298E+01 -0.18555116E+02
  0.31451199E+01 -0.18604914E+02
  0.31598101E+01 -0.18654210E+02
  0.31745003E+01 -0.18702976E+02
  0.31891904E+01 -0.18751186E+02
  0.32038806E+01 -0.18798818E+02
  0.32185708E+01 -0.18845848E+02
  0.32332609E+01 -0.18892256E+02
  0.32479511E+01 -0.18938023E+02
  0.32626413E+01 -0.18983134E+02
  0.32773314E+01 -0.19027570E+02
  0.32920216E+01 -0.19071315E+02
  0.33067118E+01 -0.19114354E+02
  0.33214019E+01 -0.19156670E+02
  0.33360921E+01 -0.19198248E+02
  0.33507822E+01 -0.19239073E+02
  0.33654724E+01 -0.19279133E+02
  0.33801626E+01 -0.19318415E+02
  0.33948527E+01 -0.19356906E+02
  0.34095429E+01 -0.19394596E+02
  0.34242331E+01 -0.19431473E+02
  0.34389232E+01 -0.19467528E+02
  0.34536134E+01 -0.19502751E+02
  0.34683036E+01 -0.19537132E+02
  0.34829937E+01 -0.19570664E+02
  0.34976839E+01 -0.19603338E+02
  0.35123740E+01 -0.19635145E+02
  0.35270642E+01 -0.19666075E+02
  0.35417544E+01 -0.19696121E+02
  0.35564445E+01 -0.19725273E+02
  0.35711347E+01 -0.19753526E+02
  0.35858249E+01 -0.19780874E+02
  0.36005150E+01 -0.19807313E+02
  0.36152052E+01 -0.19832840E+02
  0.36298954E+01 -0.19857450E+02
  0.36445855E+01 -0.19881140E+02
  0.36592757E+01 -0.19903901E+02
  0.36739659E+01 -0.19925726E+02
  0.36886560E+01 -0.19946607E+02
  0.37033462E+01 -0.19966538E+02
  0.37180363E+01 -0.19985515E+02
  0.37327265E+01 -0.20003535E+02
  0.37474167E+01 -0.20020599E+02
  0.37621068E+01 -0.20036706E+02
  0.37767970E+01 -0.20051855E+02
  0.37914872E+01 -0.20066043E+02
  0.38061773E+01 -0.20079267E+02
  0.38208675E+01 -0.20091522E+02
  0.38355577E+01 -0.20102804E+02
  0.38502478E+01 -0.20113110E+02
  0.38649380E+01 -0.20122438E+02
  0.38796281E+01 -0.20130789E+02
  0.38943183E+01 -0.20138161E+02
  0.39090085E+01 -0.20144554E+02
  0.39236986E+01 -0.20149968E+02
  0.39383888E+01 -0.20154400E+02
  0.39530790E+01 -0.20157849E+02
  0.39677691E+01 -0.20160313E+02
  0.39824593E+01 -0.20161792E+02
  0.39970897E+01 -0.20162285E+02
  
  0.00000000E+00 -0.85878595E+01
  0.14630364E-01 -0.85872203E+01
  0.29260727E-01 -0.85852927E+01
  0.43891091E-01 -0.85820476E+01
  0.58521454E-01 -0.85774405E+01
  0.73151818E-01 -0.85714204E+01
  0.87782182E-01 -0.85639468E+01
  0.10241255E+00 -0.85550067E+01
  0.11704291E+00 -0.85446246E+01
  0.13167327E+00 -0.85328576E+01
  0.14630364E+00 -0.85197752E+01
  0.16093400E+00 -0.85054307E+01
  0.17556436E+00 -0.84898399E+01
  0.19019473E+00 -0.84729762E+01
  0.20482509E+00 -0.84547856E+01
  0.21945545E+00 -0.84352127E+01
  0.23408582E+00 -0.84142256E+01
  0.24871618E+00 -0.83918261E+01
  0.26334654E+00 -0.83680449E+01
  0.27797691E+00 -0.83429250E+01
  0.29260727E+00 -0.83165045E+01
  0.30723764E+00 -0.82888053E+01
  0.32186800E+00 -0.82598298E+01
  0.33649836E+00 -0.82295627E+01
  0.35112873E+00 -0.81979740E+01
  0.36575909E+00 -0.81650243E+01
  0.38038945E+00 -0.81306739E+01
  0.39501982E+00 -0.80948982E+01
  0.40965018E+00 -0.80577062E+01
  0.42428054E+00 -0.80191513E+01
  0.43891091E+00 -0.79793263E+01
  0.45354127E+00 -0.79383377E+01
  0.46817163E+00 -0.78962689E+01
  0.48280200E+00 -0.78531487E+01
  0.49743236E+00 -0.78089429E+01
  0.51206273E+00 -0.77635770E+01
  0.52669309E+00 -0.77169792E+01
  0.54132345E+00 -0.76691251E+01
  0.55595382E+00 -0.76200621E+01
  0.57058418E+00 -0.75699056E+01
  0.58521454E+00 -0.75188196E+01
  0.59984491E+00 -0.74670152E+01
  0.61447527E+00 -0.74148249E+01
  0.62910563E+00 -0.73630037E+01
  0.64373600E+00 -0.73139298E+01
  0.65836636E+00 -0.72782481E+01
  0.67299673E+00 -0.72994210E+01
  0.68762709E+00 -0.73851605E+01
  0.70225745E+00 -0.74889344E+01
  0.71688782E+00 -0.75973372E+01
  0.73151818E+00 -0.77073680E+01
  0.74614854E+00 -0.78180258E+01
  0.76077891E+00 -0.79289080E+01
  0.77540927E+00 -0.80398740E+01
  0.79003963E+00 -0.81509067E+01
  0.80467000E+00 -0.82620184E+01
  0.81930036E+00 -0.83731808E+01
  0.83393072E+00 -0.84842855E+01
  0.84856109E+00 -0.85951416E+01
  0.86319145E+00 -0.87055049E+01
  0.87782182E+00 -0.88151242E+01
  0.89245218E+00 -0.89237895E+01
  0.90708254E+00 -0.90313692E+01
  0.92171291E+00 -0.91378250E+01
  0.93634327E+00 -0.92432026E+01
  0.95097363E+00 -0.93475981E+01
  0.96560400E+00 -0.94511087E+01
  0.98023436E+00 -0.95537797E+01
  0.99486472E+00 -0.96555647E+01
  0.10094951E+01 -0.97563148E+01
  0.10241255E+01 -0.98558014E+01
  0.10387558E+01 -0.99537676E+01
  0.10533862E+01 -0.10049988E+02
  0.10680165E+01 -0.10144314E+02
  0.10826469E+01 -0.10236689E+02
  0.10972773E+01 -0.10327115E+02
  0.11119076E+01 -0.10415609E+02
  0.11265380E+01 -0.10502135E+02
  0.11411684E+01 -0.10586577E+02
  0.11557987E+01 -0.10668730E+02
  0.11704291E+01 -0.10748341E+02
  0.11850595E+01 -0.10825159E+02
  0.11996898E+01 -0.10898997E+02
  0.12143202E+01 -0.10969753E+02
  0.12289505E+01 -0.11037407E+02
  0.12435809E+01 -0.11101990E+02
  0.12582113E+01 -0.11163520E+02
  0.12728416E+01 -0.11221960E+02
  0.12874720E+01 -0.11277181E+02
  0.13021024E+01 -0.11328967E+02
  0.13167327E+01 -0.11377041E+02
  0.13313631E+01 -0.11421115E+02
  0.13459935E+01 -0.11460936E+02
  0.13606238E+01 -0.11496323E+02
  0.13752542E+01 -0.11527164E+02
  0.13898845E+01 -0.11553403E+02
  0.14045149E+01 -0.11575003E+02
  0.14191453E+01 -0.11591921E+02
  0.14337756E+01 -0.11604089E+02
  0.14484060E+01 -0.11611432E+02
  0.14629695E+01 -0.11613888E+02
  0.14775330E+01 -0.11613536E+02
  0.14920966E+01 -0.11612453E+02
  0.15066601E+01 -0.11610576E+02
  0.15212236E+01 -0.11607839E+02
  0.15357871E+01 -0.11604214E+02
  0.15503507E+01 -0.11599734E+02
  0.15649142E+01 -0.11594486E+02
  0.15794777E+01 -0.11588581E+02
  0.15940412E+01 -0.11582112E+02
  0.16086048E+01 -0.11575117E+02
  0.16231683E+01 -0.11567572E+02
  0.16377318E+01 -0.11559406E+02
  0.16522953E+01 -0.11550532E+02
  0.16668589E+01 -0.11540881E+02
  0.16814224E+01 -0.11530425E+02
  0.16959859E+01 -0.11519167E+02
  0.17105494E+01 -0.11507136E+02
  0.17251130E+01 -0.11494361E+02
  0.17396765E+01 -0.11480867E+02
  0.17542400E+01 -0.11466673E+02
  0.17688035E+01 -0.11451808E+02
  0.17833671E+01 -0.11436319E+02
  0.17979306E+01 -0.11420266E+02
  0.18124941E+01 -0.11403707E+02
  0.18270576E+01 -0.11386678E+02
  0.18416212E+01 -0.11369174E+02
  0.18561847E+01 -0.11351149E+02
  0.18707482E+01 -0.11332535E+02
  0.18853117E+01 -0.11313277E+02
  0.18998753E+01 -0.11293355E+02
  0.19144388E+01 -0.11272797E+02
  0.19290023E+01 -0.11251672E+02
  0.19435658E+01 -0.11230057E+02
  0.19581294E+01 -0.11208015E+02
  0.19726929E+01 -0.11185578E+02
  0.19872564E+01 -0.11162750E+02
  0.20018199E+01 -0.11139536E+02
  0.20163835E+01 -0.11115962E+02
  0.20309470E+01 -0.11092096E+02
  0.20455105E+01 -0.11068041E+02
  0.20600740E+01 -0.11043908E+02
  0.20746376E+01 -0.11019794E+02
  0.20892011E+01 -0.10995762E+02
  0.21037646E+01 -0.10971841E+02
  0.21183281E+01 -0.10948059E+02
  0.21328917E+01 -0.10924473E+02
  0.21474552E+01 -0.10901201E+02
  0.21620187E+01 -0.10878429E+02
  0.21765822E+01 -0.10856395E+02
  0.21911458E+01 -0.10835359E+02
  0.22057093E+01 -0.10815578E+02
  0.22202728E+01 -0.10797283E+02
  0.22348363E+01 -0.10780674E+02
  0.22493999E+01 -0.10765929E+02
  0.22639634E+01 -0.10753184E+02
  0.22785269E+01 -0.10742523E+02
  0.22930904E+01 -0.10733938E+02
  0.23077806E+01 -0.10727311E+02
  0.23224708E+01 -0.10733798E+02
  0.23371609E+01 -0.10741507E+02
  0.23518511E+01 -0.10749952E+02
  0.23665412E+01 -0.10758625E+02
  0.23812314E+01 -0.10767044E+02
  0.23959216E+01 -0.10774776E+02
  0.24106117E+01 -0.10781422E+02
  0.24253019E+01 -0.10786605E+02
  0.24399921E+01 -0.10789950E+02
  0.24546822E+01 -0.10791109E+02
  0.24693724E+01 -0.10789801E+02
  0.24840626E+01 -0.10785864E+02
  0.24987527E+01 -0.10779273E+02
  0.25134429E+01 -0.10770106E+02
  0.25281331E+01 -0.10758469E+02
  0.25428232E+01 -0.10744404E+02
  0.25575134E+01 -0.10727829E+02
  0.25722035E+01 -0.10708537E+02
  0.25868937E+01 -0.10686266E+02
  0.26015839E+01 -0.10660803E+02
  0.26162740E+01 -0.10632076E+02
  0.26309642E+01 -0.10600188E+02
  0.26456544E+01 -0.10565379E+02
  0.26603445E+01 -0.10527928E+02
  0.26750347E+01 -0.10488043E+02
  0.26897249E+01 -0.10445806E+02
  0.27044150E+01 -0.10401166E+02
  0.27191052E+01 -0.10354020E+02
  0.27337954E+01 -0.10304294E+02
  0.27484855E+01 -0.10252023E+02
  0.27631757E+01 -0.10197358E+02
  0.27778658E+01 -0.10140514E+02
  0.27925560E+01 -0.10081696E+02
  0.28072462E+01 -0.10021014E+02
  0.28219363E+01 -0.99584702E+01
  0.28366265E+01 -0.98939810E+01
  0.28513167E+01 -0.98274536E+01
  0.28660068E+01 -0.97588557E+01
  0.28806970E+01 -0.96882529E+01
  0.28953872E+01 -0.96157942E+01
  0.29100773E+01 -0.95416575E+01
  0.29247675E+01 -0.94659872E+01
  0.29394576E+01 -0.93888556E+01
  0.29541478E+01 -0.93102683E+01
  0.29688380E+01 -0.92302064E+01
  0.29835281E+01 -0.91486805E+01
  0.29982183E+01 -0.90657657E+01
  0.30129085E+01 -0.89815977E+01
  0.30275986E+01 -0.88963333E+01
  0.30422888E+01 -0.88100948E+01
  0.30569790E+01 -0.87229317E+01
  0.30716691E+01 -0.86348170E+01
  0.30863593E+01 -0.85456852E+01
  0.31010495E+01 -0.84554906E+01
  0.31157396E+01 -0.83642599E+01
  0.31304298E+01 -0.82721125E+01
  0.31451199E+01 -0.81792407E+01
  0.31598101E+01 -0.80858590E+01
  0.31745003E+01 -0.79921478E+01
  0.31891904E+01 -0.78982172E+01
  0.32038806E+01 -0.78041093E+01
  0.32185708E+01 -0.77098379E+01
  0.32332609E+01 -0.76154602E+01
  0.32479511E+01 -0.75211774E+01
  0.32626413E+01 -0.74275206E+01
  0.32773314E+01 -0.73358952E+01
  0.32920216E+01 -0.72509823E+01
  0.33067118E+01 -0.71929804E+01
  0.33214019E+01 -0.71990389E+01
  0.33360921E+01 -0.72420557E+01
  0.33507822E+01 -0.72939292E+01
  0.33654724E+01 -0.73479334E+01
  0.33801626E+01 -0.74021835E+01
  0.33948527E+01 -0.74559159E+01
  0.34095429E+01 -0.75087424E+01
  0.34242331E+01 -0.75604687E+01
  0.34389232E+01 -0.76110329E+01
  0.34536134E+01 -0.76604597E+01
  0.34683036E+01 -0.77088092E+01
  0.34829937E+01 -0.77561260E+01
  0.34976839E+01 -0.78024054E+01
  0.35123740E+01 -0.78475860E+01
  0.35270642E+01 -0.78915685E+01
  0.35417544E+01 -0.79342490E+01
  0.35564445E+01 -0.79755514E+01
  0.35711347E+01 -0.80154443E+01
  0.35858249E+01 -0.80539385E+01
  0.36005150E+01 -0.80910690E+01
  0.36152052E+01 -0.81268726E+01
  0.36298954E+01 -0.81613723E+01
  0.36445855E+01 -0.81945727E+01
  0.36592757E+01 -0.82264669E+01
  0.36739659E+01 -0.82570469E+01
  0.36886560E+01 -0.82863103E+01
  0.37033462E+01 -0.83142598E+01
  0.37180363E+01 -0.83408957E+01
  0.37327265E+01 -0.83662081E+01
  0.37474167E+01 -0.83901742E+01
  0.37621068E+01 -0.84127634E+01
  0.37767970E+01 -0.84339501E+01
  0.37914872E+01 -0.84537255E+01
  0.38061773E+01 -0.84721051E+01
  0.38208675E+01 -0.84891243E+01
  0.38355577E+01 -0.85048250E+01
  0.38502478E+01 -0.85192372E+01
  0.38649380E+01 -0.85323650E+01
  0.38796281E+01 -0.85441816E+01
  0.38943183E+01 -0.85546368E+01
  0.39090085E+01 -0.85636747E+01
  0.39236986E+01 -0.85712542E+01
  0.39383888E+01 -0.85773638E+01
  0.39530790E+01 -0.85820271E+01
  0.39677691E+01 -0.85852937E+01
  0.39824593E+01 -0.85872224E+01
  0.39970897E+01 -0.85878595E+01
  
  0.00000000E+00 -0.74189750E+01
  0.14630364E-01 -0.74183849E+01
  0.29260727E-01 -0.74166011E+01
  0.43891091E-01 -0.74135830E+01
  0.58521454E-01 -0.74092654E+01
  0.73151818E-01 -0.74035701E+01
  0.87782182E-01 -0.73964287E+01
  0.10241255E+00 -0.73878120E+01
  0.11704291E+00 -0.73777503E+01
  0.13167327E+00 -0.73663322E+01
  0.14630364E+00 -0.73536754E+01
  0.16093400E+00 -0.73398794E+01
  0.17556436E+00 -0.73249822E+01
  0.19019473E+00 -0.73089429E+01
  0.20482509E+00 -0.72916636E+01
  0.21945545E+00 -0.72730395E+01
  0.23408582E+00 -0.72530152E+01
  0.24871618E+00 -0.72316170E+01
  0.26334654E+00 -0.72089427E+01
  0.27797691E+00 -0.71851143E+01
  0.29260727E+00 -0.71602165E+01
  0.30723764E+00 -0.71342521E+01
  0.32186800E+00 -0.71071394E+01
  0.33649836E+00 -0.70787519E+01
  0.35112873E+00 -0.70489809E+01
  0.36575909E+00 -0.70177901E+01
  0.38038945E+00 -0.69852347E+01
  0.39501982E+00 -0.69514371E+01
  0.40965018E+00 -0.69165327E+01
  0.42428054E+00 -0.68806146E+01
  0.43891091E+00 -0.68437038E+01
  0.45354127E+00 -0.68057601E+01
  0.46817163E+00 -0.67667279E+01
  0.48280200E+00 -0.67265953E+01
  0.49743236E+00 -0.66854485E+01
  0.51206273E+00 -0.66435170E+01
  0.52669309E+00 -0.66012583E+01
  0.54132345E+00 -0.65596920E+01
  0.55595382E+00 -0.65220631E+01
  0.57058418E+00 -0.65054337E+01
  0.58521454E+00 -0.65846411E+01
  0.59984491E+00 -0.66913472E+01
  0.61447527E+00 -0.67987326E+01
  0.62910563E+00 -0.69053730E+01
  0.64373600E+00 -0.70087904E+01
  0.65836636E+00 -0.70991225E+01
  0.67299673E+00 -0.71743616E+01
  0.68762709E+00 -0.72827560E+01
  0.70225745E+00 -0.73932139E+01
  0.71688782E+00 -0.75039218E+01
  0.73151818E+00 -0.76146179E+01
  0.74614854E+00 -0.77252506E+01
  0.76077891E+00 -0.78358293E+01
  0.77540927E+00 -0.79463504E+01
  0.79003963E+00 -0.80567635E+01
  0.80467000E+00 -0.81669744E+01
  0.81930036E+00 -0.82768740E+01
  0.83393072E+00 -0.83863665E+01
  0.84856109E+00 -0.84953800E+01
  0.86319145E+00 -0.86038552E+01
  0.87782182E+00 -0.87117259E+01
  0.89245218E+00 -0.88189068E+01
  0.90708254E+00 -0.89253007E+01
  0.92171291E+00 -0.90308175E+01
  0.93634327E+00 -0.91353915E+01
  0.95097363E+00 -0.92389810E+01
  0.96560400E+00 -0.93415467E+01
  0.98023436E+00 -0.94430210E+01
  0.99486472E+00 -0.95432877E+01
  0.10094951E+01 -0.96421888E+01
  0.10241255E+01 -0.97395596E+01
  0.10387558E+01 -0.98352757E+01
  0.10533862E+01 -0.99292863E+01
  0.10680165E+01 -0.10021613E+02
  0.10826469E+01 -0.10112307E+02
  0.10972773E+01 -0.10201386E+02
  0.11119076E+01 -0.10288772E+02
  0.11265380E+01 -0.10374265E+02
  0.11411684E+01 -0.10457568E+02
  0.11557987E+01 -0.10538349E+02
  0.11704291E+01 -0.10616324E+02
  0.11850595E+01 -0.10691314E+02
  0.11996898E+01 -0.10763267E+02
  0.12143202E+01 -0.10832227E+02
  0.12289505E+01 -0.10898266E+02
  0.12435809E+01 -0.10961421E+02
  0.12582113E+01 -0.11021635E+02
  0.12728416E+01 -0.11078755E+02
  0.12874720E+01 -0.11132552E+02
  0.13021024E+01 -0.11182772E+02
  0.13167327E+01 -0.11229179E+02
  0.13313631E+01 -0.11271591E+02
  0.13459935E+01 -0.11309874E+02
  0.13606238E+01 -0.11343934E+02
  0.13752542E+01 -0.11373694E+02
  0.13898845E+01 -0.11399075E+02
  0.14045149E+01 -0.11419995E+02
  0.14191453E+01 -0.11436369E+02
  0.14337756E+01 -0.11448123E+02
  0.14484060E+01 -0.11455199E+02
  0.14629695E+01 -0.11457561E+02
  0.14775330E+01 -0.11457185E+02
  0.14920966E+01 -0.11456057E+02
  0.15066601E+01 -0.11454183E+02
  0.15212236E+01 -0.11451573E+02
  0.15357871E+01 -0.11448249E+02
  0.15503507E+01 -0.11444240E+02
  0.15649142E+01 -0.11439580E+02
  0.15794777E+01 -0.11434298E+02
  0.15940412E+01 -0.11428417E+02
  0.16086048E+01 -0.11421947E+02
  0.16231683E+01 -0.11414888E+02
  0.16377318E+01 -0.11407228E+02
  0.16522953E+01 -0.11398945E+02
  0.16668589E+01 -0.11390004E+02
  0.16814224E+01 -0.11380357E+02
  0.16959859E+01 -0.11369945E+02
  0.17105494E+01 -0.11358709E+02
  0.17251130E+01 -0.11346609E+02
  0.17396765E+01 -0.11333648E+02
  0.17542400E+01 -0.11319880E+02
  0.17688035E+01 -0.11305413E+02
  0.17833671E+01 -0.11290381E+02
  0.17979306E+01 -0.11274909E+02
  0.18124941E+01 -0.11259076E+02
  0.18270576E+01 -0.11242892E+02
  0.18416212E+01 -0.11226299E+02
  0.18561847E+01 -0.11209197E+02
  0.18707482E+01 -0.11191489E+02
  0.18853117E+01 -0.11173117E+02
  0.18998753E+01 -0.11154085E+02
  0.19144388E+01 -0.11134448E+02
  0.19290023E+01 -0.11114295E+02
  0.19435658E+01 -0.11093706E+02
  0.19581294E+01 -0.11072741E+02
  0.19726929E+01 -0.11051431E+02
  0.19872564E+01 -0.11029799E+02
  0.20018199E+01 -0.11007893E+02
  0.20163835E+01 -0.10985801E+02
  0.20309470E+01 -0.10963652E+02
  0.20455105E+01 -0.10941595E+02
  0.20600740E+01 -0.10919769E+02
  0.20746376E+01 -0.10898278E+02
  0.20892011E+01 -0.10877185E+02
  0.21037646E+01 -0.10856536E+02
  0.21183281E+01 -0.10836405E+02
  0.21328917E+01 -0.10816937E+02
  0.21474552E+01 -0.10798368E+02
  0.21620187E+01 -0.10781020E+02
  0.21765822E+01 -0.10765265E+02
  0.21911458E+01 -0.10751464E+02
  0.22057093E+01 -0.10739913E+02
  0.22202728E+01 -0.10730813E+02
  0.22348363E+01 -0.10724254E+02
  0.22493999E+01 -0.10720238E+02
  0.22639634E+01 -0.10718691E+02
  0.22785269E+01 -0.10719489E+02
  0.22930904E+01 -0.10722446E+02
  0.23077806E+01 -0.10727311E+02
  0.23224708E+01 -0.10722444E+02
  0.23371609E+01 -0.10719068E+02
  0.23518511E+01 -0.10716819E+02
  0.23665412E+01 -0.10715349E+02
  0.23812314E+01 -0.10714356E+02
  0.23959216E+01 -0.10713570E+02
  0.24106117E+01 -0.10712718E+02
  0.24253019E+01 -0.10711477E+02
  0.24399921E+01 -0.10709463E+02
  0.24546822E+01 -0.10706244E+02
  0.24693724E+01 -0.10701385E+02
  0.24840626E+01 -0.10694510E+02
  0.24987527E+01 -0.10685343E+02
  0.25134429E+01 -0.10673723E+02
  0.25281331E+01 -0.10659593E+02
  0.25428232E+01 -0.10642959E+02
  0.25575134E+01 -0.10623839E+02
  0.25722035E+01 -0.10602226E+02
  0.25868937E+01 -0.10578075E+02
  0.26015839E+01 -0.10551305E+02
  0.26162740E+01 -0.10521836E+02
  0.26309642E+01 -0.10489618E+02
  0.26456544E+01 -0.10454660E+02
  0.26603445E+01 -0.10417038E+02
  0.26750347E+01 -0.10376877E+02
  0.26897249E+01 -0.10334324E+02
  0.27044150E+01 -0.10289498E+02
  0.27191052E+01 -0.10242469E+02
  0.27337954E+01 -0.10193240E+02
  0.27484855E+01 -0.10141768E+02
  0.27631757E+01 -0.10087999E+02
  0.27778658E+01 -0.10031914E+02
  0.27925560E+01 -0.99735566E+01
  0.28072462E+01 -0.99130406E+01
  0.28219363E+01 -0.98505248E+01
  0.28366265E+01 -0.97861666E+01
  0.28513167E+01 -0.97200744E+01
  0.28660068E+01 -0.96522793E+01
  0.28806970E+01 -0.95827414E+01
  0.28953872E+01 -0.95113916E+01
  0.29100773E+01 -0.94381911E+01
  0.29247675E+01 -0.93631851E+01
  0.29394576E+01 -0.92865230E+01
  0.29541478E+01 -0.92084327E+01
  0.29688380E+01 -0.91291569E+01
  0.29835281E+01 -0.90488749E+01
  0.29982183E+01 -0.89676442E+01
  0.30129085E+01 -0.88853884E+01
  0.30275986E+01 -0.88019394E+01
  0.30422888E+01 -0.87171198E+01
  0.30569790E+01 -0.86308298E+01
  0.30716691E+01 -0.85431028E+01
  0.30863593E+01 -0.84541056E+01
  0.31010495E+01 -0.83640837E+01
  0.31157396E+01 -0.82732770E+01
  0.31304298E+01 -0.81818452E+01
  0.31451199E+01 -0.80898347E+01
  0.31598101E+01 -0.79972031E+01
  0.31745003E+01 -0.79038850E+01
  0.31891904E+01 -0.78098673E+01
  0.32038806E+01 -0.77152333E+01
  0.32185708E+01 -0.76201560E+01
  0.32332609E+01 -0.75248410E+01
  0.32479511E+01 -0.74294503E+01
  0.32626413E+01 -0.73340444E+01
  0.32773314E+01 -0.72385760E+01
  0.32920216E+01 -0.71429409E+01
  0.33067118E+01 -0.70470653E+01
  0.33214019E+01 -0.69892534E+01
  0.33360921E+01 -0.69076227E+01
  0.33507822E+01 -0.68159982E+01
  0.33654724E+01 -0.67211248E+01
  0.33801626E+01 -0.66248827E+01
  0.33948527E+01 -0.65280425E+01
  0.34095429E+01 -0.64507615E+01
  0.34242331E+01 -0.64680717E+01
  0.34389232E+01 -0.65066845E+01
  0.34536134E+01 -0.65497649E+01
  0.34683036E+01 -0.65935595E+01
  0.34829937E+01 -0.66369371E+01
  0.34976839E+01 -0.66794864E+01
  0.35123740E+01 -0.67210694E+01
  0.35270642E+01 -0.67616610E+01
  0.35417544E+01 -0.68012662E+01
  0.35564445E+01 -0.68398729E+01
  0.35711347E+01 -0.68774336E+01
  0.35858249E+01 -0.69138708E+01
  0.36005150E+01 -0.69490978E+01
  0.36152052E+01 -0.69830428E+01
  0.36298954E+01 -0.70156654E+01
  0.36445855E+01 -0.70469584E+01
  0.36592757E+01 -0.70769377E+01
  0.36739659E+01 -0.71056259E+01
  0.36886560E+01 -0.71330384E+01
  0.37033462E+01 -0.71591777E+01
  0.37180363E+01 -0.71840387E+01
  0.37327265E+01 -0.72076192E+01
  0.37474167E+01 -0.72299310E+01
  0.37621068E+01 -0.72510044E+01
  0.37767970E+01 -0.72708836E+01
  0.37914872E+01 -0.72896140E+01
  0.38061773E+01 -0.73072261E+01
  0.38208675E+01 -0.73237231E+01
  0.38355577E+01 -0.73390747E+01
  0.38502478E+01 -0.73532210E+01
  0.38649380E+01 -0.73660847E+01
  0.38796281E+01 -0.73775870E+01
  0.38943183E+01 -0.73876653E+01
  0.39090085E+01 -0.73962845E+01
  0.39236986E+01 -0.74034439E+01
  0.39383888E+01 -0.74091746E+01
  0.39530790E+01 -0.74135315E+01
  0.39677691E+01 -0.74165797E+01
  0.39824593E+01 -0.74183800E+01
  0.39970897E+01 -0.74189750E+01
  
  0.00000000E+00 -0.38813169E+01
  0.14630364E-01 -0.38836340E+01
  0.29260727E-01 -0.38905245E+01
  0.43891091E-01 -0.39018312E+01
  0.58521454E-01 -0.39173554E+01
  0.73151818E-01 -0.39369151E+01
  0.87782182E-01 -0.39603897E+01
  0.10241255E+00 -0.39877446E+01
  0.11704291E+00 -0.40190166E+01
  0.13167327E+00 -0.40542634E+01
  0.14630364E+00 -0.40935134E+01
  0.16093400E+00 -0.41367415E+01
  0.17556436E+00 -0.41838746E+01
  0.19019473E+00 -0.42348127E+01
  0.20482509E+00 -0.42894471E+01
  0.21945545E+00 -0.43476623E+01
  0.23408582E+00 -0.44093231E+01
  0.24871618E+00 -0.44742610E+01
  0.26334654E+00 -0.45422764E+01
  0.27797691E+00 -0.46131578E+01
  0.29260727E+00 -0.46867131E+01
  0.30723764E+00 -0.47627972E+01
  0.32186800E+00 -0.48413203E+01
  0.33649836E+00 -0.49222299E+01
  0.35112873E+00 -0.50054807E+01
  0.36575909E+00 -0.50910105E+01
  0.38038945E+00 -0.51787399E+01
  0.39501982E+00 -0.52685888E+01
  0.40965018E+00 -0.53604954E+01
  0.42428054E+00 -0.54544174E+01
  0.43891091E+00 -0.55503086E+01
  0.45354127E+00 -0.56480816E+01
  0.46817163E+00 -0.57475784E+01
  0.48280200E+00 -0.58485721E+01
  0.49743236E+00 -0.59508044E+01
  0.51206273E+00 -0.60540417E+01
  0.52669309E+00 -0.61581177E+01
  0.54132345E+00 -0.62629248E+01
  0.55595382E+00 -0.63682744E+01
  0.57058418E+00 -0.64719507E+01
  0.58521454E+00 -0.65437232E+01
  0.59984491E+00 -0.66350385E+01
  0.61447527E+00 -0.67372205E+01
  0.62910563E+00 -0.68430654E+01
  0.64373600E+00 -0.69507048E+01
  0.65836636E+00 -0.70585839E+01
  0.67299673E+00 -0.71247916E+01
  0.68762709E+00 -0.70929949E+01
  0.70225745E+00 -0.70404699E+01
  0.71688782E+00 -0.69821290E+01
  0.73151818E+00 -0.69210143E+01
  0.74614854E+00 -0.68580774E+01
  0.76077891E+00 -0.67937259E+01
  0.77540927E+00 -0.67281854E+01
  0.79003963E+00 -0.66615969E+01
  0.80467000E+00 -0.65940379E+01
  0.81930036E+00 -0.65255272E+01
  0.83393072E+00 -0.64560436E+01
  0.84856109E+00 -0.63855613E+01
  0.86319145E+00 -0.63140891E+01
  0.87782182E+00 -0.62416911E+01
  0.89245218E+00 -0.61684778E+01
  0.90708254E+00 -0.60945705E+01
  0.92171291E+00 -0.60973496E+01
  0.93634327E+00 -0.61322909E+01
  0.95097363E+00 -0.61665110E+01
  0.96560400E+00 -0.62001048E+01
  0.98023436E+00 -0.62331193E+01
  0.99486472E+00 -0.62655505E+01
  0.10094951E+01 -0.62973536E+01
  0.10241255E+01 -0.63284545E+01
  0.10387558E+01 -0.63587592E+01
  0.10533862E+01 -0.63881638E+01
  0.10680165E+01 -0.64165693E+01
  0.10826469E+01 -0.64439020E+01
  0.10972773E+01 -0.64701314E+01
  0.11119076E+01 -0.64952773E+01
  0.11265380E+01 -0.65193992E+01
  0.11411684E+01 -0.65425683E+01
  0.11557987E+01 -0.65648354E+01
  0.11704291E+01 -0.65862080E+01
  0.11850595E+01 -0.66066481E+01
  0.11996898E+01 -0.66260923E+01
  0.12143202E+01 -0.66444831E+01
  0.12289505E+01 -0.66617939E+01
  0.12435809E+01 -0.66780381E+01
  0.12582113E+01 -0.66932582E+01
  0.12728416E+01 -0.67075039E+01
  0.12874720E+01 -0.67208111E+01
  0.13021024E+01 -0.67331908E+01
  0.13167327E+01 -0.67446303E+01
  0.13313631E+01 -0.67551019E+01
  0.13459935E+01 -0.67645714E+01
  0.13606238E+01 -0.67730039E+01
  0.13752542E+01 -0.67803654E+01
  0.13898845E+01 -0.67866242E+01
  0.14045149E+01 -0.67917546E+01
  0.14191453E+01 -0.67957409E+01
  0.14337756E+01 -0.67985797E+01
  0.14484060E+01 -0.68002770E+01
  0.14629695E+01 -0.68008415E+01
  0.14775330E+01 -0.68026728E+01
  0.14920966E+01 -0.68081623E+01
  0.15066601E+01 -0.68173075E+01
  0.15212236E+01 -0.68301330E+01
  0.15357871E+01 -0.68467072E+01
  0.15503507E+01 -0.68671347E+01
  0.15649142E+01 -0.68915152E+01
  0.15794777E+01 -0.69198837E+01
  0.15940412E+01 -0.69521580E+01
  0.16086048E+01 -0.69881220E+01
  0.16231683E+01 -0.70274578E+01
  0.16377318E+01 -0.70698199E+01
  0.16522953E+01 -0.71149199E+01
  0.16668589E+01 -0.71625866E+01
  0.16814224E+01 -0.72127776E+01
  0.16959859E+01 -0.72655355E+01
  0.17105494E+01 -0.73209114E+01
  0.17251130E+01 -0.73788892E+01
  0.17396765E+01 -0.74393440E+01
  0.17542400E+01 -0.75020491E+01
  0.17688035E+01 -0.75667237E+01
  0.17833671E+01 -0.76330959E+01
  0.17979306E+01 -0.77009513E+01
  0.18124941E+01 -0.77701477E+01
  0.18270576E+01 -0.78405953E+01
  0.18416212E+01 -0.79122172E+01
  0.18561847E+01 -0.79849136E+01
  0.18707482E+01 -0.80585451E+01
  0.18853117E+01 -0.81329381E+01
  0.18998753E+01 -0.82079027E+01
  0.19144388E+01 -0.82832470E+01
  0.19290023E+01 -0.83587793E+01
  0.19435658E+01 -0.84342989E+01
  0.19581294E+01 -0.85095858E+01
  0.19726929E+01 -0.85844031E+01
  0.19872564E+01 -0.86585168E+01
  0.20018199E+01 -0.87317258E+01
  0.20163835E+01 -0.88038829E+01
  0.20309470E+01 -0.88748928E+01
  0.20455105E+01 -0.89446770E+01
  0.20600740E+01 -0.90131179E+01
  0.20746376E+01 -0.90800059E+01
  0.20892011E+01 -0.91450132E+01
  0.21037646E+01 -0.92077119E+01
  0.21183281E+01 -0.92676302E+01
  0.21328917E+01 -0.93243216E+01
  0.21474552E+01 -0.93774178E+01
  0.21620187E+01 -0.94266412E+01
  0.21765822E+01 -0.94717751E+01
  0.21911458E+01 -0.95126095E+01
  0.22057093E+01 -0.95488920E+01
  0.22202728E+01 -0.95803115E+01
  0.22348363E+01 -0.96065251E+01
  0.22493999E+01 -0.96272164E+01
  0.22639634E+01 -0.96421626E+01
  0.22785269E+01 -0.96512839E+01
  0.22930904E+01 -0.96546593E+01
  0.23077806E+01 -0.96525114E+01
  0.23224708E+01 -0.96545635E+01
  0.23371609E+01 -0.96512442E+01
  0.23518511E+01 -0.96428563E+01
  0.23665412E+01 -0.96297606E+01
  0.23812314E+01 -0.96123245E+01
  0.23959216E+01 -0.95908877E+01
  0.24106117E+01 -0.95657504E+01
  0.24253019E+01 -0.95371791E+01
  0.24399921E+01 -0.95054232E+01
  0.24546822E+01 -0.94707326E+01
  0.24693724E+01 -0.94333694E+01
  0.24840626E+01 -0.93936078E+01
  0.24987527E+01 -0.93517209E+01
  0.25134429E+01 -0.93079581E+01
  0.25281331E+01 -0.92625217E+01
  0.25428232E+01 -0.92155539E+01
  0.25575134E+01 -0.91671408E+01
  0.25722035E+01 -0.91173351E+01
  0.25868937E+01 -0.90661865E+01
  0.26015839E+01 -0.90137669E+01
  0.26162740E+01 -0.89601752E+01
  0.26309642E+01 -0.89055205E+01
  0.26456544E+01 -0.88498905E+01
  0.26603445E+01 -0.87933250E+01
  0.26750347E+01 -0.87358134E+01
  0.26897249E+01 -0.86773198E+01
  0.27044150E+01 -0.86178297E+01
  0.27191052E+01 -0.85573910E+01
  0.27337954E+01 -0.84961273E+01
  0.27484855E+01 -0.84342092E+01
  0.27631757E+01 -0.83717924E+01
  0.27778658E+01 -0.83089520E+01
  0.27925560E+01 -0.82456466E+01
  0.28072462E+01 -0.81817366E+01
  0.28219363E+01 -0.81170536E+01
  0.28366265E+01 -0.80514916E+01
  0.28513167E+01 -0.79850769E+01
  0.28660068E+01 -0.79179786E+01
  0.28806970E+01 -0.78504517E+01
  0.28953872E+01 -0.77827350E+01
  0.29100773E+01 -0.77149515E+01
  0.29247675E+01 -0.76470614E+01
  0.29394576E+01 -0.75788917E+01
  0.29541478E+01 -0.75102301E+01
  0.29688380E+01 -0.74409380E+01
  0.29835281E+01 -0.73710275E+01
  0.29982183E+01 -0.73006631E+01
  0.30129085E+01 -0.72300870E+01
  0.30275986E+01 -0.71595065E+01
  0.30422888E+01 -0.70889987E+01
  0.30569790E+01 -0.70184845E+01
  0.30716691E+01 -0.69477839E+01
  0.30863593E+01 -0.68767261E+01
  0.31010495E+01 -0.68052576E+01
  0.31157396E+01 -0.67334917E+01
  0.31304298E+01 -0.66616737E+01
  0.31451199E+01 -0.65900763E+01
  0.31598101E+01 -0.65188809E+01
  0.31745003E+01 -0.65095478E+01
  0.31891904E+01 -0.65758789E+01
  0.32038806E+01 -0.66433878E+01
  0.32185708E+01 -0.67102318E+01
  0.32332609E+01 -0.67759472E+01
  0.32479511E+01 -0.68401398E+01
  0.32626413E+01 -0.69021750E+01
  0.32773314E+01 -0.69606199E+01
  0.32920216E+01 -0.70108377E+01
  0.33067118E+01 -0.70327262E+01
  0.33214019E+01 -0.69509944E+01
  0.33360921E+01 -0.68549554E+01
  0.33507822E+01 -0.67594041E+01
  0.33654724E+01 -0.66651652E+01
  0.33801626E+01 -0.65741295E+01
  0.33948527E+01 -0.64930830E+01
  0.34095429E+01 -0.64310467E+01
  0.34242331E+01 -0.63342117E+01
  0.34389232E+01 -0.62377815E+01
  0.34536134E+01 -0.61419393E+01
  0.34683036E+01 -0.60468104E+01
  0.34829937E+01 -0.59524672E+01
  0.34976839E+01 -0.58589409E+01
  0.35123740E+01 -0.57662401E+01
  0.35270642E+01 -0.56743721E+01
  0.35417544E+01 -0.55833641E+01
  0.35564445E+01 -0.54932796E+01
  0.35711347E+01 -0.54042249E+01
  0.35858249E+01 -0.53163440E+01
  0.36005150E+01 -0.52298047E+01
  0.36152052E+01 -0.51447783E+01
  0.36298954E+01 -0.50614235E+01
  0.36445855E+01 -0.49798776E+01
  0.36592757E+01 -0.49002589E+01
  0.36739659E+01 -0.48226756E+01
  0.36886560E+01 -0.47472370E+01
  0.37033462E+01 -0.46740585E+01
  0.37180363E+01 -0.46032594E+01
  0.37327265E+01 -0.45349565E+01
  0.37474167E+01 -0.44692588E+01
  0.37621068E+01 -0.44062707E+01
  0.37767970E+01 -0.43461057E+01
  0.37914872E+01 -0.42889050E+01
  0.38061773E+01 -0.42348512E+01
  0.38208675E+01 -0.41841652E+01
  0.38355577E+01 -0.41370827E+01
  0.38502478E+01 -0.40938142E+01
  0.38649380E+01 -0.40545055E+01
  0.38796281E+01 -0.40192143E+01
  0.38943183E+01 -0.39879172E+01
  0.39090085E+01 -0.39605491E+01
  0.39236986E+01 -0.39370615E+01
  0.39383888E+01 -0.39174773E+01
  0.39530790E+01 -0.39019142E+01
  0.39677691E+01 -0.38905655E+01
  0.39824593E+01 -0.38836446E+01
  0.39970897E+01 -0.38813169E+01
  
  0.00000000E+00 -0.38813167E+01
  0.14630364E-01 -0.38822776E+01
  0.29260727E-01 -0.38852012E+01
  0.43891091E-01 -0.38901867E+01
  0.58521454E-01 -0.38973369E+01
  0.73151818E-01 -0.39166257E+01
  0.87782182E-01 -0.39396976E+01
  0.10241255E+00 -0.39662164E+01
  0.11704291E+00 -0.39964965E+01
  0.13167327E+00 -0.40307235E+01
  0.14630364E+00 -0.40688538E+01
  0.16093400E+00 -0.41106786E+01
  0.17556436E+00 -0.41559907E+01
  0.19019473E+00 -0.42047294E+01
  0.20482509E+00 -0.42570036E+01
  0.21945545E+00 -0.43129804E+01
  0.23408582E+00 -0.43727152E+01
  0.24871618E+00 -0.44360369E+01
  0.26334654E+00 -0.45025634E+01
  0.27797691E+00 -0.45718426E+01
  0.29260727E+00 -0.46435326E+01
  0.30723764E+00 -0.47175134E+01
  0.32186800E+00 -0.47938694E+01
  0.33649836E+00 -0.48727657E+01
  0.35112873E+00 -0.49542938E+01
  0.36575909E+00 -0.50383766E+01
  0.38038945E+00 -0.51247761E+01
  0.39501982E+00 -0.52131877E+01
  0.40965018E+00 -0.53033574E+01
  0.42428054E+00 -0.53951545E+01
  0.43891091E+00 -0.54885669E+01
  0.45354127E+00 -0.55836342E+01
  0.46817163E+00 -0.56803636E+01
  0.48280200E+00 -0.57786676E+01
  0.49743236E+00 -0.58783377E+01
  0.51206273E+00 -0.59790294E+01
  0.52669309E+00 -0.60801887E+01
  0.54132345E+00 -0.61807216E+01
  0.55595382E+00 -0.62774176E+01
  0.57058418E+00 -0.63552448E+01
  0.58521454E+00 -0.63693459E+01
  0.59984491E+00 -0.63362905E+01
  0.61447527E+00 -0.62911356E+01
  0.62910563E+00 -0.62416895E+01
  0.64373600E+00 -0.61899006E+01
  0.65836636E+00 -0.61365271E+01
  0.67299673E+00 -0.60819518E+01
  0.68762709E+00 -0.60263652E+01
  0.70225745E+00 -0.59698291E+01
  0.71688782E+00 -0.59123259E+01
  0.73151818E+00 -0.58538151E+01
  0.74614854E+00 -0.57942840E+01
  0.76077891E+00 -0.57337746E+01
  0.77540927E+00 -0.57033844E+01
  0.79003963E+00 -0.57453553E+01
  0.80467000E+00 -0.57868943E+01
  0.81930036E+00 -0.58280322E+01
  0.83393072E+00 -0.58687431E+01
  0.84856109E+00 -0.59089297E+01
  0.86319145E+00 -0.59484411E+01
  0.87782182E+00 -0.59871165E+01
  0.89245218E+00 -0.60248380E+01
  0.90708254E+00 -0.60615669E+01
  0.92171291E+00 -0.60644220E+01
  0.93634327E+00 -0.60997552E+01
  0.95097363E+00 -0.61345073E+01
  0.96560400E+00 -0.61685777E+01
  0.98023436E+00 -0.62018130E+01
  0.99486472E+00 -0.62340728E+01
  0.10094951E+01 -0.62652911E+01
  0.10241255E+01 -0.62955014E+01
  0.10387558E+01 -0.63248154E+01
  0.10533862E+01 -0.63533634E+01
  0.10680165E+01 -0.63812269E+01
  0.10826469E+01 -0.64083989E+01
  0.10972773E+01 -0.64347893E+01
  0.11119076E+01 -0.64602715E+01
  0.11265380E+01 -0.64847412E+01
  0.11411684E+01 -0.65081578E+01
  0.11557987E+01 -0.65305460E+01
  0.11704291E+01 -0.65519616E+01
  0.11850595E+01 -0.65724432E+01
  0.11996898E+01 -0.65919785E+01
  0.12143202E+01 -0.66105025E+01
  0.12289505E+01 -0.66279281E+01
  0.12435809E+01 -0.66441908E+01
  0.12582113E+01 -0.66592807E+01
  0.12728416E+01 -0.66732468E+01
  0.12874720E+01 -0.66861731E+01
  0.13021024E+01 -0.66981399E+01
  0.13167327E+01 -0.67091922E+01
  0.13313631E+01 -0.67193286E+01
  0.13459935E+01 -0.67285126E+01
  0.13606238E+01 -0.67366965E+01
  0.13752542E+01 -0.67438421E+01
  0.13898845E+01 -0.67499289E+01
  0.14045149E+01 -0.67549482E+01
  0.14191453E+01 -0.67588905E+01
  0.14337756E+01 -0.67617370E+01
  0.14484060E+01 -0.67634614E+01
  0.14629695E+01 -0.67640394E+01
  0.14775330E+01 -0.67656898E+01
  0.14920966E+01 -0.67707319E+01
  0.15066601E+01 -0.67793984E+01
  0.15212236E+01 -0.67919616E+01
  0.15357871E+01 -0.68086129E+01
  0.15503507E+01 -0.68293763E+01
  0.15649142E+01 -0.68540897E+01
  0.15794777E+01 -0.68824601E+01
  0.15940412E+01 -0.69141640E+01
  0.16086048E+01 -0.69489481E+01
  0.16231683E+01 -0.69866861E+01
  0.16377318E+01 -0.70273703E+01
  0.16522953E+01 -0.70710482E+01
  0.16668589E+01 -0.71177372E+01
  0.16814224E+01 -0.71673572E+01
  0.16959859E+01 -0.72197132E+01
  0.17105494E+01 -0.72745296E+01
  0.17251130E+01 -0.73315199E+01
  0.17396765E+01 -0.73904542E+01
  0.17542400E+01 -0.74511957E+01
  0.17688035E+01 -0.75136910E+01
  0.17833671E+01 -0.75779229E+01
  0.17979306E+01 -0.76438515E+01
  0.18124941E+01 -0.77113703E+01
  0.18270576E+01 -0.77802973E+01
  0.18416212E+01 -0.78504004E+01
  0.18561847E+01 -0.79214408E+01
  0.18707482E+01 -0.79932120E+01
  0.18853117E+01 -0.80655568E+01
  0.18998753E+01 -0.81383581E+01
  0.19144388E+01 -0.82115120E+01
  0.19290023E+01 -0.82849005E+01
  0.19435658E+01 -0.83583780E+01
  0.19581294E+01 -0.84317763E+01
  0.19726929E+01 -0.85049220E+01
  0.19872564E+01 -0.85776534E+01
  0.20018199E+01 -0.86498267E+01
  0.20163835E+01 -0.87213067E+01
  0.20309470E+01 -0.87919486E+01
  0.20455105E+01 -0.88615802E+01
  0.20600740E+01 -0.89299942E+01
  0.20746376E+01 -0.89969532E+01
  0.20892011E+01 -0.90622028E+01
  0.21037646E+01 -0.91254829E+01
  0.21183281E+01 -0.91865310E+01
  0.21328917E+01 -0.92450782E+01
  0.21474552E+01 -0.93008431E+01
  0.21620187E+01 -0.93535323E+01
  0.21765822E+01 -0.94028496E+01
  0.21911458E+01 -0.94485117E+01
  0.22057093E+01 -0.94902590E+01
  0.22202728E+01 -0.95278540E+01
  0.22348363E+01 -0.95610647E+01
  0.22493999E+01 -0.95896440E+01
  0.22639634E+01 -0.96133223E+01
  0.22785269E+01 -0.96318272E+01
  0.22930904E+01 -0.96449314E+01
  0.23077806E+01 -0.96525109E+01
  0.23224708E+01 -0.96451296E+01
  0.23371609E+01 -0.96328716E+01
  0.23518511E+01 -0.96161358E+01
  0.23665412E+01 -0.95953234E+01
  0.23812314E+01 -0.95708289E+01
  0.23959216E+01 -0.95430317E+01
  0.24106117E+01 -0.95122844E+01
  0.24253019E+01 -0.94788987E+01
  0.24399921E+01 -0.94431345E+01
  0.24546822E+01 -0.94051965E+01
  0.24693724E+01 -0.93652416E+01
  0.24840626E+01 -0.93233938E+01
  0.24987527E+01 -0.92797623E+01
  0.25134429E+01 -0.92344549E+01
  0.25281331E+01 -0.91875836E+01
  0.25428232E+01 -0.91392640E+01
  0.25575134E+01 -0.90896113E+01
  0.25722035E+01 -0.90387372E+01
  0.25868937E+01 -0.89867468E+01
  0.26015839E+01 -0.89337363E+01
  0.26162740E+01 -0.88797864E+01
  0.26309642E+01 -0.88249555E+01
  0.26456544E+01 -0.87692735E+01
  0.26603445E+01 -0.87127437E+01
  0.26750347E+01 -0.86553548E+01
  0.26897249E+01 -0.85971018E+01
  0.27044150E+01 -0.85380060E+01
  0.27191052E+01 -0.84781246E+01
  0.27337954E+01 -0.84175408E+01
  0.27484855E+01 -0.83563379E+01
  0.27631757E+01 -0.82945680E+01
  0.27778658E+01 -0.82322326E+01
  0.27925560E+01 -0.81692894E+01
  0.28072462E+01 -0.81056833E+01
  0.28219363E+01 -0.80413908E+01
  0.28366265E+01 -0.79764524E+01
  0.28513167E+01 -0.79109757E+01
  0.28660068E+01 -0.78451007E+01
  0.28806970E+01 -0.77789437E+01
  0.28953872E+01 -0.77125469E+01
  0.29100773E+01 -0.76458602E+01
  0.29247675E+01 -0.75787706E+01
  0.29394576E+01 -0.75111640E+01
  0.29541478E+01 -0.74429923E+01
  0.29688380E+01 -0.73743077E+01
  0.29835281E+01 -0.73052460E+01
  0.29982183E+01 -0.72359640E+01
  0.30129085E+01 -0.71665639E+01
  0.30275986E+01 -0.70970468E+01
  0.30422888E+01 -0.70273230E+01
  0.30569790E+01 -0.69572791E+01
  0.30716691E+01 -0.68868686E+01
  0.30863593E+01 -0.68161789E+01
  0.31010495E+01 -0.67454399E+01
  0.31157396E+01 -0.66749760E+01
  0.31304298E+01 -0.66051799E+01
  0.31451199E+01 -0.65368811E+01
  0.31598101E+01 -0.64785238E+01
  0.31745003E+01 -0.64481035E+01
  0.31891904E+01 -0.63776062E+01
  0.32038806E+01 -0.63071897E+01
  0.32185708E+01 -0.62367231E+01
  0.32332609E+01 -0.61662515E+01
  0.32479511E+01 -0.60960588E+01
  0.32626413E+01 -0.60268268E+01
  0.32773314E+01 -0.59622189E+01
  0.32920216E+01 -0.59630446E+01
  0.33067118E+01 -0.60163489E+01
  0.33214019E+01 -0.60712357E+01
  0.33360921E+01 -0.61251388E+01
  0.33507822E+01 -0.61774955E+01
  0.33654724E+01 -0.62276815E+01
  0.33801626E+01 -0.62740253E+01
  0.33948527E+01 -0.63098611E+01
  0.34095429E+01 -0.63064452E+01
  0.34242331E+01 -0.62427795E+01
  0.34389232E+01 -0.61571047E+01
  0.34536134E+01 -0.60662503E+01
  0.34683036E+01 -0.59740807E+01
  0.34829937E+01 -0.58819233E+01
  0.34976839E+01 -0.57903934E+01
  0.35123740E+01 -0.56997581E+01
  0.35270642E+01 -0.56100536E+01
  0.35417544E+01 -0.55211872E+01
  0.35564445E+01 -0.54330592E+01
  0.35711347E+01 -0.53456725E+01
  0.35858249E+01 -0.52591907E+01
  0.36005150E+01 -0.51739205E+01
  0.36152052E+01 -0.50902299E+01
  0.36298954E+01 -0.50084431E+01
  0.36445855E+01 -0.49287618E+01
  0.36592757E+01 -0.48512480E+01
  0.36739659E+01 -0.47758704E+01
  0.36886560E+01 -0.47025862E+01
  0.37033462E+01 -0.46314132E+01
  0.37180363E+01 -0.45624587E+01
  0.37327265E+01 -0.44958958E+01
  0.37474167E+01 -0.44319106E+01
  0.37621068E+01 -0.43706559E+01
  0.37767970E+01 -0.43122443E+01
  0.37914872E+01 -0.42567837E+01
  0.38061773E+01 -0.42044308E+01
  0.38208675E+01 -0.41554218E+01
  0.38355577E+01 -0.41100468E+01
  0.38502478E+01 -0.40685670E+01
  0.38649380E+01 -0.40311101E+01
  0.38796281E+01 -0.39975999E+01
  0.38943183E+01 -0.39677696E+01
  0.39090085E+01 -0.39412745E+01
  0.39236986E+01 -0.39178739E+01
  0.39383888E+01 -0.38981946E+01
  0.39530790E+01 -0.38902668E+01
  0.39677691E+01 -0.38852006E+01
  0.39824593E+01 -0.38822720E+01
  0.39970897E+01 -0.38813167E+01
  
  0.00000000E+00 -0.38568704E+01
  0.14630364E-01 -0.38596324E+01
  0.29260727E-01 -0.38676583E+01
  0.43891091E-01 -0.38802920E+01
  0.58521454E-01 -0.38967849E+01
  0.73151818E-01 -0.39066947E+01
  0.87782182E-01 -0.39182176E+01
  0.10241255E+00 -0.39317812E+01
  0.11704291E+00 -0.39472326E+01
  0.13167327E+00 -0.39644500E+01
  0.14630364E+00 -0.39833848E+01
  0.16093400E+00 -0.40040640E+01
  0.17556436E+00 -0.40265548E+01
  0.19019473E+00 -0.40509113E+01
  0.20482509E+00 -0.40771288E+01
  0.21945545E+00 -0.41051237E+01
  0.23408582E+00 -0.41347500E+01
  0.24871618E+00 -0.41658386E+01
  0.26334654E+00 -0.41982398E+01
  0.27797691E+00 -0.42318472E+01
  0.29260727E+00 -0.42665965E+01
  0.30723764E+00 -0.43024465E+01
  0.32186800E+00 -0.43393563E+01
  0.33649836E+00 -0.43772721E+01
  0.35112873E+00 -0.44161281E+01
  0.36575909E+00 -0.44558582E+01
  0.38038945E+00 -0.44964081E+01
  0.39501982E+00 -0.45377392E+01
  0.40965018E+00 -0.45798231E+01
  0.42428054E+00 -0.46226297E+01
  0.43891091E+00 -0.46661161E+01
  0.45354127E+00 -0.47102209E+01
  0.46817163E+00 -0.47548656E+01
  0.48280200E+00 -0.47999599E+01
  0.49743236E+00 -0.48454086E+01
  0.51206273E+00 -0.48911188E+01
  0.52669309E+00 -0.49370069E+01
  0.54132345E+00 -0.49830052E+01
  0.55595382E+00 -0.50290653E+01
  0.57058418E+00 -0.50751562E+01
  0.58521454E+00 -0.51212574E+01
  0.59984491E+00 -0.51673494E+01
  0.61447527E+00 -0.52134026E+01
  0.62910563E+00 -0.52593720E+01
  0.64373600E+00 -0.53052010E+01
  0.65836636E+00 -0.53508319E+01
  0.67299673E+00 -0.53962155E+01
  0.68762709E+00 -0.54413123E+01
  0.70225745E+00 -0.54860843E+01
  0.71688782E+00 -0.55304858E+01
  0.73151818E+00 -0.55744611E+01
  0.74614854E+00 -0.56179546E+01
  0.76077891E+00 -0.56609294E+01
  0.77540927E+00 -0.56723796E+01
  0.79003963E+00 -0.57133735E+01
  0.80467000E+00 -0.57549484E+01
  0.81930036E+00 -0.57962053E+01
  0.83393072E+00 -0.58369792E+01
  0.84856109E+00 -0.58770639E+01
  0.86319145E+00 -0.59162874E+01
  0.87782182E+00 -0.59545694E+01
  0.89245218E+00 -0.59919401E+01
  0.90708254E+00 -0.60285128E+01
  0.92171291E+00 -0.60200604E+01
  0.93634327E+00 -0.59449897E+01
  0.95097363E+00 -0.58693648E+01
  0.96560400E+00 -0.57931959E+01
  0.98023436E+00 -0.57165364E+01
  0.99486472E+00 -0.56394967E+01
  0.10094951E+01 -0.55622207E+01
  0.10241255E+01 -0.54848405E+01
  0.10387558E+01 -0.54074364E+01
  0.10533862E+01 -0.53300306E+01
  0.10680165E+01 -0.52526219E+01
  0.10826469E+01 -0.51752409E+01
  0.10972773E+01 -0.50979934E+01
  0.11119076E+01 -0.50210640E+01
  0.11265380E+01 -0.49446751E+01
  0.11411684E+01 -0.48690279E+01
  0.11557987E+01 -0.47942620E+01
  0.11704291E+01 -0.47204609E+01
  0.11850595E+01 -0.46477033E+01
  0.11996898E+01 -0.45761298E+01
  0.12143202E+01 -0.45059841E+01
  0.12289505E+01 -0.44376011E+01
  0.12435809E+01 -0.43713486E+01
  0.12582113E+01 -0.43075551E+01
  0.12728416E+01 -0.42464681E+01
  0.12874720E+01 -0.41882671E+01
  0.13021024E+01 -0.41331210E+01
  0.13167327E+01 -0.40812544E+01
  0.13313631E+01 -0.40329789E+01
  0.13459935E+01 -0.39886713E+01
  0.13606238E+01 -0.39487131E+01
  0.13752542E+01 -0.39134303E+01
  0.13898845E+01 -0.38830689E+01
  0.14045149E+01 -0.38578172E+01
  0.14191453E+01 -0.38378519E+01
  0.14337756E+01 -0.38233685E+01
  0.14484060E+01 -0.38145699E+01
  0.14629695E+01 -0.38116165E+01
  0.14775330E+01 -0.38109926E+01
  0.14920966E+01 -0.38091773E+01
  0.15066601E+01 -0.38063122E+01
  0.15212236E+01 -0.38025579E+01
  0.15357871E+01 -0.37980205E+01
  0.15503507E+01 -0.37927080E+01
  0.15649142E+01 -0.37865383E+01
  0.15794777E+01 -0.37793916E+01
  0.15940412E+01 -0.37711804E+01
  0.16086048E+01 -0.37618998E+01
  0.16231683E+01 -0.37516330E+01
  0.16377318E+01 -0.37405083E+01
  0.16522953E+01 -0.37286314E+01
  0.16668589E+01 -0.37160273E+01
  0.16814224E+01 -0.37026211E+01
  0.16959859E+01 -0.36882680E+01
  0.17105494E+01 -0.36728179E+01
  0.17251130E+01 -0.36561830E+01
  0.17396765E+01 -0.36383773E+01
  0.17542400E+01 -0.36195121E+01
  0.17688035E+01 -0.35997521E+01
  0.17833671E+01 -0.35792565E+01
  0.17979306E+01 -0.35581333E+01
  0.18124941E+01 -0.35364240E+01
  0.18270576E+01 -0.35141223E+01
  0.18416212E+01 -0.34912088E+01
  0.18561847E+01 -0.34676819E+01
  0.18707482E+01 -0.34435683E+01
  0.18853117E+01 -0.34189127E+01
  0.18998753E+01 -0.33937559E+01
  0.19144388E+01 -0.33681207E+01
  0.19290023E+01 -0.33420151E+01
  0.19435658E+01 -0.33154547E+01
  0.19581294E+01 -0.32884891E+01
  0.19726929E+01 -0.32612177E+01
  0.19872564E+01 -0.32337832E+01
  0.20018199E+01 -0.32063435E+01
  0.20163835E+01 -0.31790359E+01
  0.20309470E+01 -0.31519524E+01
  0.20455105E+01 -0.31251384E+01
  0.20600740E+01 -0.30986169E+01
  0.20746376E+01 -0.30724263E+01
  0.20892011E+01 -0.30466517E+01
  0.21037646E+01 -0.30214363E+01
  0.21183281E+01 -0.29969665E+01
  0.21328917E+01 -0.29734404E+01
  0.21474552E+01 -0.29510353E+01
  0.21620187E+01 -0.29298896E+01
  0.21765822E+01 -0.29101072E+01
  0.21911458E+01 -0.28917781E+01
  0.22057093E+01 -0.28750047E+01
  0.22202728E+01 -0.28599186E+01
  0.22348363E+01 -0.28466825E+01
  0.22493999E+01 -0.28354783E+01
  0.22639634E+01 -0.28264889E+01
  0.22785269E+01 -0.28198850E+01
  0.22930904E+01 -0.28158201E+01
  0.23077806E+01 -0.28144354E+01
  0.23224708E+01 -0.28158642E+01
  0.23371609E+01 -0.28202580E+01
  0.23518511E+01 -0.28277889E+01
  0.23665412E+01 -0.28386298E+01
  0.23812314E+01 -0.28529342E+01
  0.23959216E+01 -0.28708208E+01
  0.24106117E+01 -0.28923672E+01
  0.24253019E+01 -0.29176098E+01
  0.24399921E+01 -0.29465437E+01
  0.24546822E+01 -0.29791210E+01
  0.24693724E+01 -0.30152509E+01
  0.24840626E+01 -0.30548074E+01
  0.24987527E+01 -0.30976491E+01
  0.25134429E+01 -0.31436479E+01
  0.25281331E+01 -0.31927147E+01
  0.25428232E+01 -0.32448079E+01
  0.25575134E+01 -0.32999148E+01
  0.25722035E+01 -0.33580083E+01
  0.25868937E+01 -0.34189951E+01
  0.26015839E+01 -0.34826806E+01
  0.26162740E+01 -0.35487680E+01
  0.26309642E+01 -0.36168992E+01
  0.26456544E+01 -0.36867245E+01
  0.26603445E+01 -0.37579745E+01
  0.26750347E+01 -0.38305030E+01
  0.26897249E+01 -0.39042850E+01
  0.27044150E+01 -0.39793684E+01
  0.27191052E+01 -0.40558014E+01
  0.27337954E+01 -0.41335667E+01
  0.27484855E+01 -0.42125485E+01
  0.27631757E+01 -0.42925434E+01
  0.27778658E+01 -0.43733071E+01
  0.27925560E+01 -0.44546105E+01
  0.28072462E+01 -0.45362820E+01
  0.28219363E+01 -0.46182161E+01
  0.28366265E+01 -0.47003528E+01
  0.28513167E+01 -0.47826406E+01
  0.28660068E+01 -0.48650073E+01
  0.28806970E+01 -0.49473540E+01
  0.28953872E+01 -0.50295742E+01
  0.29100773E+01 -0.51115839E+01
  0.29247675E+01 -0.51933446E+01
  0.29394576E+01 -0.52748622E+01
  0.29541478E+01 -0.53561593E+01
  0.29688380E+01 -0.54372337E+01
  0.29835281E+01 -0.55180244E+01
  0.29982183E+01 -0.55984027E+01
  0.30129085E+01 -0.56781969E+01
  0.30275986E+01 -0.57572382E+01
  0.30422888E+01 -0.58354093E+01
  0.30569790E+01 -0.59126697E+01
  0.30716691E+01 -0.59890486E+01
  0.30863593E+01 -0.60646046E+01
  0.31010495E+01 -0.61393694E+01
  0.31157396E+01 -0.62132872E+01
  0.31304298E+01 -0.62861216E+01
  0.31451199E+01 -0.63570126E+01
  0.31598101E+01 -0.64173086E+01
  0.31745003E+01 -0.63872769E+01
  0.31891904E+01 -0.63207396E+01
  0.32038806E+01 -0.62517149E+01
  0.32185708E+01 -0.61820880E+01
  0.32332609E+01 -0.61124271E+01
  0.32479511E+01 -0.60431062E+01
  0.32626413E+01 -0.59743325E+01
  0.32773314E+01 -0.59061066E+01
  0.32920216E+01 -0.58790117E+01
  0.33067118E+01 -0.58144904E+01
  0.33214019E+01 -0.57474275E+01
  0.33360921E+01 -0.56800572E+01
  0.33507822E+01 -0.56126515E+01
  0.33654724E+01 -0.55454298E+01
  0.33801626E+01 -0.54787150E+01
  0.33948527E+01 -0.54128606E+01
  0.34095429E+01 -0.53481208E+01
  0.34242331E+01 -0.52845566E+01
  0.34389232E+01 -0.52220317E+01
  0.34536134E+01 -0.51603062E+01
  0.34683036E+01 -0.50991839E+01
  0.34829937E+01 -0.50386407E+01
  0.34976839E+01 -0.49788713E+01
  0.35123740E+01 -0.49202293E+01
  0.35270642E+01 -0.48630860E+01
  0.35417544E+01 -0.48076766E+01
  0.35564445E+01 -0.47540047E+01
  0.35711347E+01 -0.47018524E+01
  0.35858249E+01 -0.46508902E+01
  0.36005150E+01 -0.46008366E+01
  0.36152052E+01 -0.45515943E+01
  0.36298954E+01 -0.45033026E+01
  0.36445855E+01 -0.44562842E+01
  0.36592757E+01 -0.44109160E+01
  0.36739659E+01 -0.43674838E+01
  0.36886560E+01 -0.43260881E+01
  0.37033462E+01 -0.42866380E+01
  0.37180363E+01 -0.42489311E+01
  0.37327265E+01 -0.42127757E+01
  0.37474167E+01 -0.41780967E+01
  0.37621068E+01 -0.41449767E+01
  0.37767970E+01 -0.41136174E+01
  0.37914872E+01 -0.40842445E+01
  0.38061773E+01 -0.40570043E+01
  0.38208675E+01 -0.40319015E+01
  0.38355577E+01 -0.40088067E+01
  0.38502478E+01 -0.39875275E+01
  0.38649380E+01 -0.39679096E+01
  0.38796281E+01 -0.39499181E+01
  0.38943183E+01 -0.39336648E+01
  0.39090085E+01 -0.39193667E+01
  0.39236986E+01 -0.39072515E+01
  0.39383888E+01 -0.38968645E+01
  0.39530790E+01 -0.38805509E+01
  0.39677691E+01 -0.38677204E+01
  0.39824593E+01 -0.38596364E+01
  0.39970897E+01 -0.38568704E+01
  
  0.00000000E+00 -0.38568702E+01
  0.14630364E-01 -0.38583390E+01
  0.29260727E-01 -0.38625891E+01
  0.43891091E-01 -0.38692234E+01
  0.58521454E-01 -0.38777859E+01
  0.73151818E-01 -0.38879516E+01
  0.87782182E-01 -0.38996290E+01
  0.10241255E+00 -0.39129294E+01
  0.11704291E+00 -0.39280373E+01
  0.13167327E+00 -0.39450670E+01
  0.14630364E+00 -0.39639892E+01
  0.16093400E+00 -0.39846605E+01
  0.17556436E+00 -0.40069224E+01
  0.19019473E+00 -0.40306991E+01
  0.20482509E+00 -0.40560316E+01
  0.21945545E+00 -0.40830315E+01
  0.23408582E+00 -0.41117860E+01
  0.24871618E+00 -0.41422754E+01
  0.26334654E+00 -0.41743516E+01
  0.27797691E+00 -0.42077871E+01
  0.29260727E+00 -0.42423606E+01
  0.30723764E+00 -0.42779247E+01
  0.32186800E+00 -0.43144234E+01
  0.33649836E+00 -0.43518588E+01
  0.35112873E+00 -0.43902360E+01
  0.36575909E+00 -0.44295257E+01
  0.38038945E+00 -0.44696614E+01
  0.39501982E+00 -0.45105648E+01
  0.40965018E+00 -0.45521750E+01
  0.42428054E+00 -0.45944593E+01
  0.43891091E+00 -0.46374011E+01
  0.45354127E+00 -0.46809776E+01
  0.46817163E+00 -0.47251473E+01
  0.48280200E+00 -0.47698538E+01
  0.49743236E+00 -0.48150404E+01
  0.51206273E+00 -0.48606555E+01
  0.52669309E+00 -0.49066397E+01
  0.54132345E+00 -0.49529008E+01
  0.55595382E+00 -0.49992973E+01
  0.57058418E+00 -0.50456512E+01
  0.58521454E+00 -0.50917929E+01
  0.59984491E+00 -0.51376201E+01
  0.61447527E+00 -0.51831388E+01
  0.62910563E+00 -0.52284597E+01
  0.64373600E+00 -0.52737408E+01
  0.65836636E+00 -0.53191011E+01
  0.67299673E+00 -0.53645457E+01
  0.68762709E+00 -0.54099430E+01
  0.70225745E+00 -0.54550647E+01
  0.71688782E+00 -0.54996703E+01
  0.73151818E+00 -0.55435963E+01
  0.74614854E+00 -0.55868101E+01
  0.76077891E+00 -0.56294056E+01
  0.77540927E+00 -0.56715448E+01
  0.79003963E+00 -0.56102096E+01
  0.80467000E+00 -0.55473516E+01
  0.81930036E+00 -0.54838381E+01
  0.83393072E+00 -0.54196429E+01
  0.84856109E+00 -0.53547057E+01
  0.86319145E+00 -0.52889718E+01
  0.87782182E+00 -0.52224308E+01
  0.89245218E+00 -0.51551355E+01
  0.90708254E+00 -0.50871987E+01
  0.92171291E+00 -0.50187702E+01
  0.93634327E+00 -0.49500092E+01
  0.95097363E+00 -0.48810621E+01
  0.96560400E+00 -0.48120523E+01
  0.98023436E+00 -0.47430789E+01
  0.99486472E+00 -0.46742183E+01
  0.10094951E+01 -0.46055247E+01
  0.10241255E+01 -0.45370294E+01
  0.10387558E+01 -0.44687439E+01
  0.10533862E+01 -0.44006727E+01
  0.10680165E+01 -0.43328340E+01
  0.10826469E+01 -0.42652819E+01
  0.10972773E+01 -0.41981207E+01
  0.11119076E+01 -0.41315014E+01
  0.11265380E+01 -0.40656009E+01
  0.11411684E+01 -0.40005936E+01
  0.11557987E+01 -0.39366287E+01
  0.11704291E+01 -0.38738265E+01
  0.11850595E+01 -0.38122957E+01
  0.11996898E+01 -0.37521644E+01
  0.12143202E+01 -0.36936098E+01
  0.12289505E+01 -0.36368709E+01
  0.12435809E+01 -0.35822383E+01
  0.12582113E+01 -0.35300241E+01
  0.12728416E+01 -0.34805236E+01
  0.12874720E+01 -0.34339826E+01
  0.13021024E+01 -0.33905801E+01
  0.13167327E+01 -0.33504285E+01
  0.13313631E+01 -0.33135886E+01
  0.13459935E+01 -0.32800932E+01
  0.13606238E+01 -0.32499749E+01
  0.13752542E+01 -0.32232928E+01
  0.13898845E+01 -0.32001551E+01
  0.14045149E+01 -0.31807297E+01
  0.14191453E+01 -0.31652382E+01
  0.14337756E+01 -0.31539287E+01
  0.14484060E+01 -0.31470322E+01
  0.14629695E+01 -0.31447135E+01
  0.14775330E+01 -0.31443172E+01
  0.14920966E+01 -0.31431030E+01
  0.15066601E+01 -0.31410041E+01
  0.15212236E+01 -0.31379356E+01
  0.15357871E+01 -0.31338241E+01
  0.15503507E+01 -0.31286327E+01
  0.15649142E+01 -0.31223724E+01
  0.15794777E+01 -0.31150961E+01
  0.15940412E+01 -0.31068785E+01
  0.16086048E+01 -0.30977897E+01
  0.16231683E+01 -0.30878734E+01
  0.16377318E+01 -0.30771363E+01
  0.16522953E+01 -0.30655539E+01
  0.16668589E+01 -0.30530876E+01
  0.16814224E+01 -0.30397061E+01
  0.16959859E+01 -0.30254014E+01
  0.17105494E+01 -0.30101925E+01
  0.17251130E+01 -0.29941162E+01
  0.17396765E+01 -0.29772097E+01
  0.17542400E+01 -0.29594938E+01
  0.17688035E+01 -0.29409658E+01
  0.17833671E+01 -0.29216071E+01
  0.17979306E+01 -0.29014035E+01
  0.18124941E+01 -0.28803706E+01
  0.18270576E+01 -0.28585745E+01
  0.18416212E+01 -0.28361360E+01
  0.18561847E+01 -0.28132172E+01
  0.18707482E+01 -0.27899906E+01
  0.18853117E+01 -0.27666017E+01
  0.18998753E+01 -0.27431377E+01
  0.19144388E+01 -0.27196124E+01
  0.19290023E+01 -0.26959737E+01
  0.19435658E+01 -0.26721321E+01
  0.19581294E+01 -0.26479996E+01
  0.19726929E+01 -0.26235283E+01
  0.19872564E+01 -0.25987359E+01
  0.20018199E+01 -0.25737104E+01
  0.20163835E+01 -0.25485938E+01
  0.20309470E+01 -0.25235519E+01
  0.20455105E+01 -0.24987414E+01
  0.20600740E+01 -0.24742859E+01
  0.20746376E+01 -0.24502703E+01
  0.20892011E+01 -0.24267529E+01
  0.21037646E+01 -0.24037916E+01
  0.21183281E+01 -0.23814707E+01
  0.21328917E+01 -0.23599181E+01
  0.21474552E+01 -0.23393035E+01
  0.21620187E+01 -0.23198187E+01
  0.21765822E+01 -0.23016473E+01
  0.21911458E+01 -0.22849369E+01
  0.22057093E+01 -0.22697870E+01
  0.22202728E+01 -0.22562595E+01
  0.22348363E+01 -0.22444070E+01
  0.22493999E+01 -0.22343089E+01
  0.22639634E+01 -0.22260969E+01
  0.22785269E+01 -0.22199596E+01
  0.22930904E+01 -0.22161205E+01
  0.23077806E+01 -0.22147986E+01
  0.23224708E+01 -0.22161844E+01
  0.23371609E+01 -0.22204008E+01
  0.23518511E+01 -0.22274837E+01
  0.23665412E+01 -0.22374190E+01
  0.23812314E+01 -0.22501752E+01
  0.23959216E+01 -0.22657333E+01
  0.24106117E+01 -0.22841003E+01
  0.24253019E+01 -0.23053039E+01
  0.24399921E+01 -0.23293739E+01
  0.24546822E+01 -0.23563223E+01
  0.24693724E+01 -0.23861337E+01
  0.24840626E+01 -0.24187699E+01
  0.24987527E+01 -0.24541844E+01
  0.25134429E+01 -0.24923369E+01
  0.25281331E+01 -0.25331989E+01
  0.25428232E+01 -0.25767442E+01
  0.25575134E+01 -0.26229305E+01
  0.25722035E+01 -0.26716784E+01
  0.25868937E+01 -0.27228596E+01
  0.26015839E+01 -0.27762982E+01
  0.26162740E+01 -0.28317861E+01
  0.26309642E+01 -0.28891067E+01
  0.26456544E+01 -0.29480580E+01
  0.26603445E+01 -0.30084723E+01
  0.26750347E+01 -0.30702276E+01
  0.26897249E+01 -0.31332514E+01
  0.27044150E+01 -0.31975180E+01
  0.27191052E+01 -0.32630367E+01
  0.27337954E+01 -0.33298318E+01
  0.27484855E+01 -0.33979134E+01
  0.27631757E+01 -0.34672446E+01
  0.27778658E+01 -0.35377154E+01
  0.27925560E+01 -0.36091332E+01
  0.28072462E+01 -0.36812398E+01
  0.28219363E+01 -0.37537544E+01
  0.28366265E+01 -0.38264311E+01
  0.28513167E+01 -0.38991126E+01
  0.28660068E+01 -0.39717585E+01
  0.28806970E+01 -0.40444362E+01
  0.28953872E+01 -0.41172755E+01
  0.29100773E+01 -0.41904006E+01
  0.29247675E+01 -0.42638664E+01
  0.29394576E+01 -0.43376211E+01
  0.29541478E+01 -0.44115087E+01
  0.29688380E+01 -0.44853088E+01
  0.29835281E+01 -0.45587959E+01
  0.29982183E+01 -0.46317957E+01
  0.30129085E+01 -0.47042164E+01
  0.30275986E+01 -0.47760465E+01
  0.30422888E+01 -0.48473249E+01
  0.30569790E+01 -0.49180971E+01
  0.30716691E+01 -0.49883794E+01
  0.30863593E+01 -0.50581419E+01
  0.31010495E+01 -0.51273145E+01
  0.31157396E+01 -0.51958103E+01
  0.31304298E+01 -0.52635522E+01
  0.31451199E+01 -0.53304922E+01
  0.31598101E+01 -0.53966170E+01
  0.31745003E+01 -0.54619382E+01
  0.31891904E+01 -0.55264762E+01
  0.32038806E+01 -0.55902401E+01
  0.32185708E+01 -0.56532098E+01
  0.32332609E+01 -0.57153152E+01
  0.32479511E+01 -0.57763873E+01
  0.32626413E+01 -0.58359284E+01
  0.32773314E+01 -0.58904112E+01
  0.32920216E+01 -0.58382567E+01
  0.33067118E+01 -0.57705588E+01
  0.33214019E+01 -0.57028898E+01
  0.33360921E+01 -0.56353345E+01
  0.33507822E+01 -0.55681868E+01
  0.33654724E+01 -0.55018388E+01
  0.33801626E+01 -0.54366100E+01
  0.33948527E+01 -0.53726039E+01
  0.34095429E+01 -0.53096683E+01
  0.34242331E+01 -0.52474858E+01
  0.34389232E+01 -0.51857518E+01
  0.34536134E+01 -0.51243518E+01
  0.34683036E+01 -0.50634473E+01
  0.34829937E+01 -0.50034242E+01
  0.34976839E+01 -0.49447251E+01
  0.35123740E+01 -0.48876513E+01
  0.35270642E+01 -0.48322327E+01
  0.35417544E+01 -0.47782329E+01
  0.35564445E+01 -0.47252858E+01
  0.35711347E+01 -0.46730948E+01
  0.35858249E+01 -0.46215924E+01
  0.36005150E+01 -0.45709823E+01
  0.36152052E+01 -0.45216441E+01
  0.36298954E+01 -0.44739560E+01
  0.36445855E+01 -0.44281286E+01
  0.36592757E+01 -0.43841373E+01
  0.36739659E+01 -0.43417832E+01
  0.36886560E+01 -0.43008454E+01
  0.37033462E+01 -0.42612379E+01
  0.37180363E+01 -0.42230834E+01
  0.37327265E+01 -0.41866637E+01
  0.37474167E+01 -0.41522758E+01
  0.37621068E+01 -0.41200746E+01
  0.37767970E+01 -0.40899911E+01
  0.37914872E+01 -0.40617746E+01
  0.38061773E+01 -0.40351363E+01
  0.38208675E+01 -0.40099188E+01
  0.38355577E+01 -0.39861956E+01
  0.38502478E+01 -0.39642451E+01
  0.38649380E+01 -0.39444083E+01
  0.38796281E+01 -0.39269071E+01
  0.38943183E+01 -0.39117249E+01
  0.39090085E+01 -0.38986149E+01
  0.39236986E+01 -0.38872389E+01
  0.39383888E+01 -0.38773644E+01
  0.39530790E+01 -0.38690181E+01
  0.39677691E+01 -0.38625124E+01
  0.39824593E+01 -0.38583226E+01
  0.39970897E+01 -0.38568702E+01
  
  0.00000000E+00  0.74060679E+01
  0.14630364E-01  0.74060577E+01
  0.29260727E-01  0.74060619E+01
  0.43891091E-01  0.74061756E+01
  0.58521454E-01  0.74065293E+01
  0.73151818E-01  0.74072493E+01
  0.87782182E-01  0.74084151E+01
  0.10241255E+00  0.74100227E+01
  0.11704291E+00  0.74119712E+01
  0.13167327E+00  0.74140783E+01
  0.14630364E+00  0.74161215E+01
  0.16093400E+00  0.74178881E+01
  0.17556436E+00  0.74192155E+01
  0.19019473E+00  0.74200039E+01
  0.20482509E+00  0.74202014E+01
  0.21945545E+00  0.74197710E+01
  0.23408582E+00  0.74186588E+01
  0.24871618E+00  0.74167768E+01
  0.26334654E+00  0.74140056E+01
  0.27797691E+00  0.74102081E+01
  0.29260727E+00  0.74052434E+01
  0.30723764E+00  0.73989731E+01
  0.32186800E+00  0.73912587E+01
  0.33649836E+00  0.73819556E+01
  0.35112873E+00  0.73709102E+01
  0.36575909E+00  0.73579605E+01
  0.38038945E+00  0.73429359E+01
  0.39501982E+00  0.73256529E+01
  0.40965018E+00  0.73059067E+01
  0.42428054E+00  0.72834667E+01
  0.43891091E+00  0.72580845E+01
  0.45354127E+00  0.72295180E+01
  0.46817163E+00  0.71975658E+01
  0.48280200E+00  0.71620952E+01
  0.49743236E+00  0.71230494E+01
  0.51206273E+00  0.70804280E+01
  0.52669309E+00  0.70342509E+01
  0.54132345E+00  0.69845243E+01
  0.55595382E+00  0.69312284E+01
  0.57058418E+00  0.68743315E+01
  0.58521454E+00  0.68138216E+01
  0.59984491E+00  0.67497339E+01
  0.61447527E+00  0.66821575E+01
  0.62910563E+00  0.66112169E+01
  0.64373600E+00  0.65370404E+01
  0.65836636E+00  0.64597346E+01
  0.67299673E+00  0.63793779E+01
  0.68762709E+00  0.62960335E+01
  0.70225745E+00  0.62097698E+01
  0.71688782E+00  0.61206717E+01
  0.73151818E+00  0.60288372E+01
  0.74614854E+00  0.59343663E+01
  0.76077891E+00  0.58373550E+01
  0.77540927E+00  0.57379053E+01
  0.79003963E+00  0.56361476E+01
  0.80467000E+00  0.55322596E+01
  0.81930036E+00  0.54264646E+01
  0.83393072E+00  0.53190027E+01
  0.84856109E+00  0.52100876E+01
  0.86319145E+00  0.50998750E+01
  0.87782182E+00  0.49884624E+01
  0.89245218E+00  0.48759245E+01
  0.90708254E+00  0.47623642E+01
  0.92171291E+00  0.46479487E+01
  0.93634327E+00  0.45329058E+01
  0.95097363E+00  0.44174815E+01
  0.96560400E+00  0.43018822E+01
  0.98023436E+00  0.41862386E+01
  0.99486472E+00  0.40706140E+01
  0.10094951E+01  0.39550551E+01
  0.10241255E+01  0.38396576E+01
  0.10387558E+01  0.37246073E+01
  0.10533862E+01  0.36101747E+01
  0.10680165E+01  0.34966645E+01
  0.10826469E+01  0.33843510E+01
  0.10972773E+01  0.32734336E+01
  0.11119076E+01  0.31640375E+01
  0.11265380E+01  0.30562530E+01
  0.11411684E+01  0.29501899E+01
  0.11557987E+01  0.28460141E+01
  0.11704291E+01  0.27439508E+01
  0.11850595E+01  0.26442570E+01
  0.11996898E+01  0.25471870E+01
  0.12143202E+01  0.24529716E+01
  0.12289505E+01  0.23618236E+01
  0.12435809E+01  0.22739622E+01
  0.12582113E+01  0.21896389E+01
  0.12728416E+01  0.21091494E+01
  0.12874720E+01  0.20328261E+01
  0.13021024E+01  0.19610181E+01
  0.13167327E+01  0.18940721E+01
  0.13313631E+01  0.18323204E+01
  0.13459935E+01  0.17760791E+01
  0.13606238E+01  0.17256496E+01
  0.13752542E+01  0.16813172E+01
  0.13898845E+01  0.16433443E+01
  0.14045149E+01  0.16119614E+01
  0.14191453E+01  0.15873590E+01
  0.14337756E+01  0.15696837E+01
  0.14484060E+01  0.15590382E+01
  0.14629695E+01  0.15554830E+01
  0.14775330E+01  0.15557708E+01
  0.14920966E+01  0.15566271E+01
  0.15066601E+01  0.15580333E+01
  0.15212236E+01  0.15599680E+01
  0.15357871E+01  0.15624150E+01
  0.15503507E+01  0.15653681E+01
  0.15649142E+01  0.15688299E+01
  0.15794777E+01  0.15728041E+01
  0.15940412E+01  0.15772876E+01
  0.16086048E+01  0.15822651E+01
  0.16231683E+01  0.15877104E+01
  0.16377318E+01  0.15935934E+01
  0.16522953E+01  0.15998898E+01
  0.16668589E+01  0.16065872E+01
  0.16814224E+01  0.16136853E+01
  0.16959859E+01  0.16211887E+01
  0.17105494E+01  0.16290954E+01
  0.17251130E+01  0.16373880E+01
  0.17396765E+01  0.16460311E+01
  0.17542400E+01  0.16549776E+01
  0.17688035E+01  0.16641806E+01
  0.17833671E+01  0.16736051E+01
  0.17979306E+01  0.16832327E+01
  0.18124941E+01  0.16930572E+01
  0.18270576E+01  0.17030711E+01
  0.18416212E+01  0.17132510E+01
  0.18561847E+01  0.17235483E+01
  0.18707482E+01  0.17338918E+01
  0.18853117E+01  0.17442017E+01
  0.18998753E+01  0.17544101E+01
  0.19144388E+01  0.17644796E+01
  0.19290023E+01  0.17744098E+01
  0.19435658E+01  0.17842312E+01
  0.19581294E+01  0.17939860E+01
  0.19726929E+01  0.18037058E+01
  0.19872564E+01  0.18133954E+01
  0.20018199E+01  0.18230282E+01
  0.20163835E+01  0.18325551E+01
  0.20309470E+01  0.18419219E+01
  0.20455105E+01  0.18510875E+01
  0.20600740E+01  0.18600341E+01
  0.20746376E+01  0.18687695E+01
  0.20892011E+01  0.18773210E+01
  0.21037646E+01  0.18857279E+01
  0.21183281E+01  0.18940375E+01
  0.21328917E+01  0.19023066E+01
  0.21474552E+01  0.19106076E+01
  0.21620187E+01  0.19190337E+01
  0.21765822E+01  0.19276991E+01
  0.21911458E+01  0.19367334E+01
  0.22057093E+01  0.19462718E+01
  0.22202728E+01  0.19564467E+01
  0.22348363E+01  0.19673852E+01
  0.22493999E+01  0.19792118E+01
  0.22639634E+01  0.19920558E+01
  0.22785269E+01  0.20060571E+01
  0.22930904E+01  0.20213657E+01
  0.23077806E+01  0.20381360E+01
  0.23224708E+01  0.20216776E+01
  0.23371609E+01  0.20078353E+01
  0.23518511E+01  0.19968074E+01
  0.23665412E+01  0.19887798E+01
  0.23812314E+01  0.19839276E+01
  0.23959216E+01  0.19824150E+01
  0.24106117E+01  0.19843889E+01
  0.24253019E+01  0.19899698E+01
  0.24399921E+01  0.19992420E+01
  0.24546822E+01  0.20122522E+01
  0.24693724E+01  0.20290168E+01
  0.24840626E+01  0.20495369E+01
  0.24987527E+01  0.20738125E+01
  0.25134429E+01  0.21018449E+01
  0.25281331E+01  0.21336253E+01
  0.25428232E+01  0.21691134E+01
  0.25575134E+01  0.22082189E+01
  0.25722035E+01  0.22508002E+01
  0.25868937E+01  0.22966864E+01
  0.26015839E+01  0.23457165E+01
  0.26162740E+01  0.23977770E+01
  0.26309642E+01  0.24528192E+01
  0.26456544E+01  0.25108428E+01
  0.26603445E+01  0.25718514E+01
  0.26750347E+01  0.26357999E+01
  0.26897249E+01  0.27025588E+01
  0.27044150E+01  0.27719146E+01
  0.27191052E+01  0.28436084E+01
  0.27337954E+01  0.29173937E+01
  0.27484855E+01  0.29930876E+01
  0.27631757E+01  0.30705901E+01
  0.27778658E+01  0.31498656E+01
  0.27925560E+01  0.32308985E+01
  0.28072462E+01  0.33136474E+01
  0.28219363E+01  0.33980221E+01
  0.28366265E+01  0.34838928E+01
  0.28513167E+01  0.35711218E+01
  0.28660068E+01  0.36595961E+01
  0.28806970E+01  0.37492394E+01
  0.28953872E+01  0.38399952E+01
  0.29100773E+01  0.39317905E+01
  0.29247675E+01  0.40245050E+01
  0.29394576E+01  0.41179655E+01
  0.29541478E+01  0.42119747E+01
  0.29688380E+01  0.43063626E+01
  0.29835281E+01  0.44010311E+01
  0.29982183E+01  0.44959676E+01
  0.30129085E+01  0.45912137E+01
  0.30275986E+01  0.46868029E+01
  0.30422888E+01  0.47826961E+01
  0.30569790E+01  0.48787483E+01
  0.30716691E+01  0.49747247E+01
  0.30863593E+01  0.50703592E+01
  0.31010495E+01  0.51654255E+01
  0.31157396E+01  0.52597853E+01
  0.31304298E+01  0.53533873E+01
  0.31451199E+01  0.54462210E+01
  0.31598101E+01  0.55382489E+01
  0.31745003E+01  0.56293576E+01
  0.31891904E+01  0.57193551E+01
  0.32038806E+01  0.58080171E+01
  0.32185708E+01  0.58951592E+01
  0.32332609E+01  0.59806910E+01
  0.32479511E+01  0.60646211E+01
  0.32626413E+01  0.61470023E+01
  0.32773314E+01  0.62278413E+01
  0.32920216E+01  0.63070184E+01
  0.33067118E+01  0.63842602E+01
  0.33214019E+01  0.64591872E+01
  0.33360921E+01  0.65314183E+01
  0.33507822E+01  0.66006874E+01
  0.33654724E+01  0.66669167E+01
  0.33801626E+01  0.67302104E+01
  0.33948527E+01  0.67907695E+01
  0.34095429E+01  0.68487643E+01
  0.34242331E+01  0.69042223E+01
  0.34389232E+01  0.69569833E+01
  0.34536134E+01  0.70067415E+01
  0.34683036E+01  0.70531564E+01
  0.34829937E+01  0.70959828E+01
  0.34976839E+01  0.71351656E+01
  0.35123740E+01  0.71708607E+01
  0.35270642E+01  0.72033780E+01
  0.35417544E+01  0.72330770E+01
  0.35564445E+01  0.72602591E+01
  0.35711347E+01  0.72851020E+01
  0.35858249E+01  0.73076526E+01
  0.36005150E+01  0.73278724E+01
  0.36152052E+01  0.73457068E+01
  0.36298954E+01  0.73611456E+01
  0.36445855E+01  0.73742534E+01
  0.36592757E+01  0.73851665E+01
  0.36739659E+01  0.73940703E+01
  0.36886560E+01  0.74011733E+01
  0.37033462E+01  0.74066932E+01
  0.37180363E+01  0.74108539E+01
  0.37327265E+01  0.74138859E+01
  0.37474167E+01  0.74160191E+01
  0.37621068E+01  0.74174622E+01
  0.37767970E+01  0.74183744E+01
  0.37914872E+01  0.74188435E+01
  0.38061773E+01  0.74188840E+01
  0.38208675E+01  0.74184619E+01
  0.38355577E+01  0.74175414E+01
  0.38502478E+01  0.74161352E+01
  0.38649380E+01  0.74143390E+01
  0.38796281E+01  0.74123335E+01
  0.38943183E+01  0.74103526E+01
  0.39090085E+01  0.74086265E+01
  0.39236986E+01  0.74073217E+01
  0.39383888E+01  0.74064993E+01
  0.39530790E+01  0.74061076E+01
  0.39677691E+01  0.74060100E+01
  0.39824593E+01  0.74060408E+01
  0.39970897E+01  0.74060679E+01
  
  0.00000000E+00  0.97781017E+01
  0.14630364E-01  0.97769756E+01
  0.29260727E-01  0.97736356E+01
  0.43891091E-01  0.97681844E+01
  0.58521454E-01  0.97607554E+01
  0.73151818E-01  0.97514707E+01
  0.87782182E-01  0.97404013E+01
  0.10241255E+00  0.97275415E+01
  0.11704291E+00  0.97128013E+01
  0.13167327E+00  0.96960170E+01
  0.14630364E+00  0.96769798E+01
  0.16093400E+00  0.96554757E+01
  0.17556436E+00  0.96313328E+01
  0.19019473E+00  0.96044616E+01
  0.20482509E+00  0.95748759E+01
  0.21945545E+00  0.95426825E+01
  0.23408582E+00  0.95080396E+01
  0.24871618E+00  0.94710971E+01
  0.26334654E+00  0.94319443E+01
  0.27797691E+00  0.93905886E+01
  0.29260727E+00  0.93469765E+01
  0.30723764E+00  0.93010459E+01
  0.32186800E+00  0.92527808E+01
  0.33649836E+00  0.92022352E+01
  0.35112873E+00  0.91495118E+01
  0.36575909E+00  0.90947045E+01
  0.38038945E+00  0.90378375E+01
  0.39501982E+00  0.89788397E+01
  0.40965018E+00  0.89175731E+01
  0.42428054E+00  0.88539050E+01
  0.43891091E+00  0.87877854E+01
  0.45354127E+00  0.87192857E+01
  0.46817163E+00  0.86485739E+01
  0.48280200E+00  0.85758375E+01
  0.49743236E+00  0.85011964E+01
  0.51206273E+00  0.84246536E+01
  0.52669309E+00  0.83461139E+01
  0.54132345E+00  0.82654604E+01
  0.55595382E+00  0.81826454E+01
  0.57058418E+00  0.80977439E+01
  0.58521454E+00  0.80109386E+01
  0.59984491E+00  0.79224426E+01
  0.61447527E+00  0.78324058E+01
  0.62910563E+00  0.77408571E+01
  0.64373600E+00  0.76477166E+01
  0.65836636E+00  0.75528716E+01
  0.67299673E+00  0.74562724E+01
  0.68762709E+00  0.73579965E+01
  0.70225745E+00  0.72582431E+01
  0.71688782E+00  0.71572659E+01
  0.73151818E+00  0.70552785E+01
  0.74614854E+00  0.69523881E+01
  0.76077891E+00  0.68485897E+01
  0.77540927E+00  0.67438202E+01
  0.79003963E+00  0.66380406E+01
  0.80467000E+00  0.65312996E+01
  0.81930036E+00  0.64237465E+01
  0.83393072E+00  0.63155913E+01
  0.84856109E+00  0.62070385E+01
  0.86319145E+00  0.60982326E+01
  0.87782182E+00  0.59892411E+01
  0.89245218E+00  0.58800806E+01
  0.90708254E+00  0.57707644E+01
  0.92171291E+00  0.56613432E+01
  0.93634327E+00  0.55519171E+01
  0.95097363E+00  0.54426187E+01
  0.96560400E+00  0.53335811E+01
  0.98023436E+00  0.52249127E+01
  0.99486472E+00  0.51166942E+01
  0.10094951E+01  0.50089984E+01
  0.10241255E+01  0.49019172E+01
  0.10387558E+01  0.47955832E+01
  0.10533862E+01  0.46901716E+01
  0.10680165E+01  0.45858850E+01
  0.10826469E+01  0.44829298E+01
  0.10972773E+01  0.43814970E+01
  0.11119076E+01  0.42817529E+01
  0.11265380E+01  0.41838435E+01
  0.11411684E+01  0.40879045E+01
  0.11557987E+01  0.39940724E+01
  0.11704291E+01  0.39024930E+01
  0.11850595E+01  0.38133252E+01
  0.11996898E+01  0.37267428E+01
  0.12143202E+01  0.36429348E+01
  0.12289505E+01  0.35621039E+01
  0.12435809E+01  0.34844625E+01
  0.12582113E+01  0.34102281E+01
  0.12728416E+01  0.33396193E+01
  0.12874720E+01  0.32728560E+01
  0.13021024E+01  0.32101646E+01
  0.13167327E+01  0.31517860E+01
  0.13313631E+01  0.30979802E+01
  0.13459935E+01  0.30490239E+01
  0.13606238E+01  0.30051975E+01
  0.13752542E+01  0.29667653E+01
  0.13898845E+01  0.29339552E+01
  0.14045149E+01  0.29069437E+01
  0.14191453E+01  0.28858526E+01
  0.14337756E+01  0.28707544E+01
  0.14484060E+01  0.28616859E+01
  0.14629695E+01  0.28586618E+01
  0.14775330E+01  0.28587143E+01
  0.14920966E+01  0.28588365E+01
  0.15066601E+01  0.28589392E+01
  0.15212236E+01  0.28589233E+01
  0.15357871E+01  0.28587267E+01
  0.15503507E+01  0.28583524E+01
  0.15649142E+01  0.28578624E+01
  0.15794777E+01  0.28573402E+01
  0.15940412E+01  0.28568391E+01
  0.16086048E+01  0.28563431E+01
  0.16231683E+01  0.28557570E+01
  0.16377318E+01  0.28549334E+01
  0.16522953E+01  0.28537218E+01
  0.16668589E+01  0.28520178E+01
  0.16814224E+01  0.28497890E+01
  0.16959859E+01  0.28470657E+01
  0.17105494E+01  0.28439020E+01
  0.17251130E+01  0.28403267E+01
  0.17396765E+01  0.28363066E+01
  0.17542400E+01  0.28317406E+01
  0.17688035E+01  0.28264846E+01
  0.17833671E+01  0.28203947E+01
  0.17979306E+01  0.28133682E+01
  0.18124941E+01  0.28053613E+01
  0.18270576E+01  0.27963782E+01
  0.18416212E+01  0.27864379E+01
  0.18561847E+01  0.27755359E+01
  0.18707482E+01  0.27636218E+01
  0.18853117E+01  0.27506027E+01
  0.18998753E+01  0.27363698E+01
  0.19144388E+01  0.27208368E+01
  0.19290023E+01  0.27039683E+01
  0.19435658E+01  0.26857884E+01
  0.19581294E+01  0.26663633E+01
  0.19726929E+01  0.26457706E+01
  0.19872564E+01  0.26240689E+01
  0.20018199E+01  0.26012834E+01
  0.20163835E+01  0.25774134E+01
  0.20309470E+01  0.25524574E+01
  0.20455105E+01  0.25264414E+01
  0.20600740E+01  0.24994386E+01
  0.20746376E+01  0.24715699E+01
  0.20892011E+01  0.24429879E+01
  0.21037646E+01  0.24138535E+01
  0.21183281E+01  0.23843161E+01
  0.21328917E+01  0.23545072E+01
  0.21474552E+01  0.23245491E+01
  0.21620187E+01  0.22945723E+01
  0.21765822E+01  0.22647319E+01
  0.21911458E+01  0.22352157E+01
  0.22057093E+01  0.22062405E+01
  0.22202728E+01  0.21780402E+01
  0.22348363E+01  0.21508530E+01
  0.22493999E+01  0.21249126E+01
  0.22639634E+01  0.21004465E+01
  0.22785269E+01  0.20776791E+01
  0.22930904E+01  0.20568346E+01
  0.23077806E+01  0.20381361E+01
  0.23224708E+01  0.20566817E+01
  0.23371609E+01  0.20770159E+01
  0.23518511E+01  0.20992654E+01
  0.23665412E+01  0.21235446E+01
  0.23812314E+01  0.21499614E+01
  0.23959216E+01  0.21786214E+01
  0.24106117E+01  0.22096254E+01
  0.24253019E+01  0.22430617E+01
  0.24399921E+01  0.22789974E+01
  0.24546822E+01  0.23174746E+01
  0.24693724E+01  0.23585148E+01
  0.24840626E+01  0.24021300E+01
  0.24987527E+01  0.24483337E+01
  0.25134429E+01  0.24971441E+01
  0.25281331E+01  0.25485763E+01
  0.25428232E+01  0.26026269E+01
  0.25575134E+01  0.26592584E+01
  0.25722035E+01  0.27183949E+01
  0.25868937E+01  0.27799352E+01
  0.26015839E+01  0.28437782E+01
  0.26162740E+01  0.29098528E+01
  0.26309642E+01  0.29781347E+01
  0.26456544E+01  0.30486427E+01
  0.26603445E+01  0.31214112E+01
  0.26750347E+01  0.31964512E+01
  0.26897249E+01  0.32737154E+01
  0.27044150E+01  0.33530835E+01
  0.27191052E+01  0.34343756E+01
  0.27337954E+01  0.35173885E+01
  0.27484855E+01  0.36019412E+01
  0.27631757E+01  0.36879097E+01
  0.27778658E+01  0.37752407E+01
  0.27925560E+01  0.38639375E+01
  0.28072462E+01  0.39540281E+01
  0.28219363E+01  0.40455297E+01
  0.28366265E+01  0.41384213E+01
  0.28513167E+01  0.42326362E+01
  0.28660068E+01  0.43280704E+01
  0.28806970E+01  0.44246009E+01
  0.28953872E+01  0.45221063E+01
  0.29100773E+01  0.46204794E+01
  0.29247675E+01  0.47196338E+01
  0.29394576E+01  0.48195038E+01
  0.29541478E+01  0.49200428E+01
  0.29688380E+01  0.50212206E+01
  0.29835281E+01  0.51230192E+01
  0.29982183E+01  0.52254248E+01
  0.30129085E+01  0.53284148E+01
  0.30275986E+01  0.54319424E+01
  0.30422888E+01  0.55359261E+01
  0.30569790E+01  0.56402491E+01
  0.30716691E+01  0.57447741E+01
  0.30863593E+01  0.58493679E+01
  0.31010495E+01  0.59539269E+01
  0.31157396E+01  0.60583913E+01
  0.31304298E+01  0.61627398E+01
  0.31451199E+01  0.62669630E+01
  0.31598101E+01  0.63710288E+01
  0.31745003E+01  0.64748522E+01
  0.31891904E+01  0.65782876E+01
  0.32038806E+01  0.66811488E+01
  0.32185708E+01  0.67832501E+01
  0.32332609E+01  0.68844525E+01
  0.32479511E+01  0.69846948E+01
  0.32626413E+01  0.70839939E+01
  0.32773314E+01  0.71824132E+01
  0.32920216E+01  0.72800117E+01
  0.33067118E+01  0.73767938E+01
  0.33214019E+01  0.74726819E+01
  0.33360921E+01  0.75675211E+01
  0.33507822E+01  0.76611142E+01
  0.33654724E+01  0.77532689E+01
  0.33801626E+01  0.78438370E+01
  0.33948527E+01  0.79327289E+01
  0.34095429E+01  0.80198991E+01
  0.34242331E+01  0.81053134E+01
  0.34389232E+01  0.81889144E+01
  0.34536134E+01  0.82706047E+01
  0.34683036E+01  0.83502557E+01
  0.34829937E+01  0.84277391E+01
  0.34976839E+01  0.85029654E+01
  0.35123740E+01  0.85759128E+01
  0.35270642E+01  0.86466322E+01
  0.35417544E+01  0.87152265E+01
  0.35564445E+01  0.87818143E+01
  0.35711347E+01  0.88464929E+01
  0.35858249E+01  0.89093149E+01
  0.36005150E+01  0.89702859E+01
  0.36152052E+01  0.90293784E+01
  0.36298954E+01  0.90865530E+01
  0.36445855E+01  0.91417733E+01
  0.36592757E+01  0.91950076E+01
  0.36739659E+01  0.92462191E+01
  0.36886560E+01  0.92953505E+01
  0.37033462E+01  0.93423155E+01
  0.37180363E+01  0.93870024E+01
  0.37327265E+01  0.94292912E+01
  0.37474167E+01  0.94690755E+01
  0.37621068E+01  0.95062816E+01
  0.37767970E+01  0.95408749E+01
  0.37914872E+01  0.95728540E+01
  0.38061773E+01  0.96022388E+01
  0.38208675E+01  0.96290589E+01
  0.38355577E+01  0.96533530E+01
  0.38502478E+01  0.96751770E+01
  0.38649380E+01  0.96946169E+01
  0.38796281E+01  0.97117938E+01
  0.38943183E+01  0.97268539E+01
  0.39090085E+01  0.97399416E+01
  0.39236986E+01  0.97511621E+01
  0.39383888E+01  0.97605503E+01
  0.39530790E+01  0.97680589E+01
  0.39677691E+01  0.97735745E+01
  0.39824593E+01  0.97769593E+01
  0.39970897E+01  0.97781017E+01
  
