1	0.57735	-2.6892	2.6892	0	0.57735	0
1	0.57735	-2.6892	2.6892	0.5	-0.28868	0
1	0.57735	-2.6892	2.6892	-0.5	-0.28868	0
2	1.1547	-0.21046	0.21046	-1	0.57735	0
2	1.1547	-0.21046	0.21046	1	0.57735	0
2	1.1547	-0.21046	0.21046	-6.1706e-09	-1.1547	0
3	1.5275	0.075193	0.075193	1.5	-0.28868	0
3	1.5275	0.075193	0.075193	-0.5	1.4434	0
3	1.5275	0.075193	0.075193	1	-1.1547	0
3	1.5275	0.075193	0.075193	0.5	1.4434	0
3	1.5275	0.075193	0.075193	-1.5	-0.28868	0
3	1.5275	0.075193	0.075193	-1	-1.1547	0
4	2.0817	0.004205	0.004205	-1.5	1.4434	0
4	2.0817	0.004205	0.004205	-2	0.57735	0
4	2.0817	0.004205	0.004205	2	0.57735	0
4	2.0817	0.004205	0.004205	0.5	-2.0207	0
4	2.0817	0.004205	0.004205	1.5	1.4434	0
4	2.0817	0.004205	0.004205	-0.5	-2.0207	0
5	2.3094	-0.007768	0.007768	2	-1.1547	0
5	2.3094	-0.007768	0.007768	6.1706e-09	2.3094	0
5	2.3094	-0.007768	0.007768	-2	-1.1547	0
6	2.5166	0.014059	0.014059	-1	2.3094	0
6	2.5166	0.014059	0.014059	1.5	-2.0207	0
6	2.5166	0.014059	0.014059	2.5	-0.28868	0
6	2.5166	0.014059	0.014059	1	2.3094	0
6	2.5166	0.014059	0.014059	-2.5	-0.28868	0
6	2.5166	0.014059	0.014059	-1.5	-2.0207	0
7	2.8868	-0.000677	0.000677	-2.5	1.4434	0
7	2.8868	-0.000677	0.000677	2.5	1.4434	0
7	2.8868	-0.000677	0.000677	-1.2341e-08	-2.8868	0
8	3.0551	0.003091	0.003091	-2	2.3094	0
8	3.0551	0.003091	0.003091	1	-2.8868	0
8	3.0551	0.003091	0.003091	-3	0.57735	0
8	3.0551	0.003091	0.003091	3	0.57735	0
8	3.0551	0.003091	0.003091	2	2.3094	0
8	3.0551	0.003091	0.003091	-1	-2.8868	0
9	3.2146	0.001205	0.001205	2.5	-2.0207	0
9	3.2146	0.001205	0.001205	3	-1.1547	0
9	3.2146	0.001205	0.001205	-0.5	3.1754	0
9	3.2146	0.001205	0.001205	0.5	3.1754	0
9	3.2146	0.001205	0.001205	-3	-1.1547	0
9	3.2146	0.001205	0.001205	-2.5	-2.0207	0
10	3.5119	0.000238	0.000238	-1.5	3.1754	0
10	3.5119	0.000238	0.000238	2	-2.8868	0
10	3.5119	0.000238	0.000238	3.5	-0.28868	0
10	3.5119	0.000238	0.000238	1.5	3.1754	0
10	3.5119	0.000238	0.000238	-3.5	-0.28868	0
10	3.5119	0.000238	0.000238	-2	-2.8868	0
11	3.7859	-0.000154	0.000154	-3	2.3094	0
11	3.7859	-0.000154	0.000154	-3.5	1.4434	0
11	3.7859	-0.000154	0.000154	0.5	-3.7528	0
11	3.7859	-0.000154	0.000154	3.5	1.4434	0
11	3.7859	-0.000154	0.000154	3	2.3094	0
11	3.7859	-0.000154	0.000154	-0.5	-3.7528	0
12	4.0415	-0.000466	0.000466	3.5	-2.0207	0
12	4.0415	-0.000466	0.000466	1.2341e-08	4.0415	0
12	4.0415	-0.000466	0.000466	-3.5	-2.0207	0
12	4.0415	0.000187	0.000187	-2.5	3.1754	0
12	4.0415	0.000187	0.000187	1.5	-3.7528	0
12	4.0415	0.000187	0.000187	-4	0.57735	0
12	4.0415	0.000187	0.000187	4	0.57735	0
12	4.0415	0.000187	0.000187	2.5	3.1754	0
12	4.0415	0.000187	0.000187	-1.5	-3.7528	0
13	4.1633	0.000136	0.000136	3	-2.8868	0
13	4.1633	0.000136	0.000136	4	-1.1547	0
13	4.1633	0.000136	0.000136	-1	4.0415	0
13	4.1633	0.000136	0.000136	1	4.0415	0
13	4.1633	0.000136	0.000136	-4	-1.1547	0
13	4.1633	0.000136	0.000136	-3	-2.8868	0
14	4.5092	-0.000261	0.000261	-2	4.0415	0
14	4.5092	-0.000261	0.000261	2.5	-3.7528	0
14	4.5092	-0.000261	0.000261	4.5	-0.28868	0
14	4.5092	-0.000261	0.000261	-4.5	-0.28868	0
14	4.5092	-0.000261	0.000261	2	4.0415	0
14	4.5092	-0.000261	0.000261	-2.5	-3.7528	0
15	4.6188	-0.000189	0.000189	-4	2.3094	0
15	4.6188	-0.000189	0.000189	-1.8512e-08	-4.6188	0
15	4.6188	-0.000189	0.000189	4	2.3094	0
16	4.7258	-3.8e-05	3.8e-05	-3.5	3.1754	0
16	4.7258	-3.8e-05	3.8e-05	-4.5	1.4434	0
16	4.7258	-3.8e-05	3.8e-05	1	-4.6188	0
16	4.7258	-3.8e-05	3.8e-05	4.5	1.4434	0
16	4.7258	-3.8e-05	3.8e-05	3.5	3.1754	0
16	4.7258	-3.8e-05	3.8e-05	-1	-4.6188	0
17	4.9329	-0.000102	0.000102	4	-2.8868	0
17	4.9329	-0.000102	0.000102	4.5	-2.0207	0
17	4.9329	-0.000102	0.000102	-0.5	4.9075	0
17	4.9329	-0.000102	0.000102	0.5	4.9075	0
17	4.9329	-0.000102	0.000102	-4.5	-2.0207	0
17	4.9329	-0.000102	0.000102	-4	-2.8868	0
18	5.0332	-0.000119	0.000119	-3	4.0415	0
18	5.0332	-0.000119	0.000119	2	-4.6188	0
18	5.0332	-0.000119	0.000119	-5	0.57735	0
18	5.0332	-0.000119	0.000119	5	0.57735	0
18	5.0332	-0.000119	0.000119	3	4.0415	0
18	5.0332	-0.000119	0.000119	-2	-4.6188	0
19	5.1316	-5.4e-05	5.4e-05	3.5	-3.7528	0
19	5.1316	-5.4e-05	5.4e-05	5	-1.1547	0
19	5.1316	-5.4e-05	5.4e-05	-1.5	4.9075	0
19	5.1316	-5.4e-05	5.4e-05	1.5	4.9075	0
19	5.1316	-5.4e-05	5.4e-05	-5	-1.1547	0
19	5.1316	-5.4e-05	5.4e-05	-3.5	-3.7528	0
20	5.5076	-6.3e-05	6.3e-05	-2.5	4.9075	0
20	5.5076	-6.3e-05	6.3e-05	3	-4.6188	0
20	5.5076	-6.3e-05	6.3e-05	5.5	-0.28868	0
20	5.5076	-6.3e-05	6.3e-05	-5.5	-0.28868	0
20	5.5076	-6.3e-05	6.3e-05	2.5	4.9075	0
20	5.5076	-6.3e-05	6.3e-05	-3	-4.6188	0
20	5.5076	-5.2e-05	5.2e-05	-4.5	3.1754	0
20	5.5076	-5.2e-05	5.2e-05	-5	2.3094	0
20	5.5076	-5.2e-05	5.2e-05	0.5	-5.4848	0
20	5.5076	-5.2e-05	5.2e-05	5	2.3094	0
20	5.5076	-5.2e-05	5.2e-05	-0.5	-5.4848	0
20	5.5076	-5.2e-05	5.2e-05	4.5	3.1754	0
21	5.6862	1.4e-05	1.4e-05	-4	4.0415	0
21	5.6862	1.4e-05	1.4e-05	-5.5	1.4434	0
21	5.6862	1.4e-05	1.4e-05	1.5	-5.4848	0
21	5.6862	1.4e-05	1.4e-05	5.5	1.4434	0
21	5.6862	1.4e-05	1.4e-05	4	4.0415	0
21	5.6862	1.4e-05	1.4e-05	-1.5	-5.4848	0
22	5.7735	-3.7e-05	3.7e-05	5	-2.8868	0
22	5.7735	-3.7e-05	3.7e-05	1.8512e-08	5.7735	0
22	5.7735	-3.7e-05	3.7e-05	-5	-2.8868	0
23	5.8595	-2e-05	2e-05	4.5	-3.7528	0
23	5.8595	-2e-05	2e-05	5.5	-2.0207	0
23	5.8595	-2e-05	2e-05	-1	5.7735	0
23	5.8595	-2e-05	2e-05	1	5.7735	0
23	5.8595	-2e-05	2e-05	-5.5	-2.0207	0
23	5.8595	-2e-05	2e-05	-4.5	-3.7528	0
24	6.0277	1.8e-05	1.8e-05	-3.5	4.9075	0
24	6.0277	1.8e-05	1.8e-05	2.5	-5.4848	0
24	6.0277	1.8e-05	1.8e-05	-6	0.57735	0
24	6.0277	1.8e-05	1.8e-05	6	0.57735	0
24	6.0277	1.8e-05	1.8e-05	3.5	4.9075	0
24	6.0277	1.8e-05	1.8e-05	-2.5	-5.4848	0
25	6.1101	-2.8e-05	2.8e-05	4	-4.6188	0
25	6.1101	-2.8e-05	2.8e-05	-2	5.7735	0
25	6.1101	-2.8e-05	2.8e-05	6	-1.1547	0
25	6.1101	-2.8e-05	2.8e-05	2	5.7735	0
25	6.1101	-2.8e-05	2.8e-05	-6	-1.1547	0
25	6.1101	-2.8e-05	2.8e-05	-4	-4.6188	0
26	6.3509	1.4e-05	1.4e-05	-5.5	3.1754	0
26	6.3509	1.4e-05	1.4e-05	-2.4682e-08	-6.3509	0
26	6.3509	1.4e-05	1.4e-05	5.5	3.1754	0
27	6.4291	-1.3e-05	1.3e-05	-5	4.0415	0
27	6.4291	-1.3e-05	1.3e-05	-6	2.3094	0
27	6.4291	-1.3e-05	1.3e-05	1	-6.3509	0
27	6.4291	-1.3e-05	1.3e-05	6	2.3094	0
27	6.4291	-1.3e-05	1.3e-05	-1	-6.3509	0
27	6.4291	-1.3e-05	1.3e-05	5	4.0415	0
28	6.5064	2e-05	2e-05	-3	5.7735	0
28	6.5064	2e-05	2e-05	3.5	-5.4848	0
28	6.5064	2e-05	2e-05	6.5	-0.28868	0
28	6.5064	2e-05	2e-05	-6.5	-0.28868	0
28	6.5064	2e-05	2e-05	3	5.7735	0
28	6.5064	2e-05	2e-05	-3.5	-5.4848	0
29	6.6583	2.5e-05	2.5e-05	5.5	-3.7528	0
29	6.6583	2.5e-05	2.5e-05	6	-2.8868	0
29	6.6583	2.5e-05	2.5e-05	-0.5	6.6395	0
29	6.6583	2.5e-05	2.5e-05	0.5	6.6395	0
29	6.6583	2.5e-05	2.5e-05	-6	-2.8868	0
29	6.6583	2.5e-05	2.5e-05	-5.5	-3.7528	0
29	6.6583	-1.4e-05	1.4e-05	-4.5	4.9075	0
29	6.6583	-1.4e-05	1.4e-05	2	-6.3509	0
29	6.6583	-1.4e-05	1.4e-05	-6.5	1.4434	0
29	6.6583	-1.4e-05	1.4e-05	6.5	1.4434	0
29	6.6583	-1.4e-05	1.4e-05	4.5	4.9075	0
29	6.6583	-1.4e-05	1.4e-05	-2	-6.3509	0
30	6.8069	2.8e-05	2.8e-05	5	-4.6188	0
30	6.8069	2.8e-05	2.8e-05	6.5	-2.0207	0
30	6.8069	2.8e-05	2.8e-05	-1.5	6.6395	0
30	6.8069	2.8e-05	2.8e-05	1.5	6.6395	0
30	6.8069	2.8e-05	2.8e-05	-6.5	-2.0207	0
30	6.8069	2.8e-05	2.8e-05	-5	-4.6188	0
31	7.0238	-4e-06	4e-06	-4	5.7735	0
31	7.0238	-4e-06	4e-06	3	-6.3509	0
31	7.0238	-4e-06	4e-06	-7	0.57735	0
31	7.0238	-4e-06	4e-06	7	0.57735	0
31	7.0238	-4e-06	4e-06	4	5.7735	0
31	7.0238	-4e-06	4e-06	-3	-6.3509	0
32	7.0946	1.8e-05	1.8e-05	4.5	-5.4848	0
32	7.0946	1.8e-05	1.8e-05	-2.5	6.6395	0
32	7.0946	1.8e-05	1.8e-05	7	-1.1547	0
32	7.0946	1.8e-05	1.8e-05	-7	-1.1547	0
32	7.0946	1.8e-05	1.8e-05	2.5	6.6395	0
32	7.0946	1.8e-05	1.8e-05	-4.5	-5.4848	0
33	7.2342	3.8e-05	3.8e-05	-6	4.0415	0
33	7.2342	3.8e-05	3.8e-05	-6.5	3.1754	0
33	7.2342	3.8e-05	3.8e-05	0.5	-7.2169	0
33	7.2342	3.8e-05	3.8e-05	-0.5	-7.2169	0
33	7.2342	3.8e-05	3.8e-05	6.5	3.1754	0
33	7.2342	3.8e-05	3.8e-05	6	4.0415	0
34	7.3711	4.4e-05	4.4e-05	-5.5	4.9075	0
34	7.3711	4.4e-05	4.4e-05	-7	2.3094	0
34	7.3711	4.4e-05	4.4e-05	1.5	-7.2169	0
34	7.3711	4.4e-05	4.4e-05	7	2.3094	0
34	7.3711	4.4e-05	4.4e-05	-1.5	-7.2169	0
34	7.3711	4.4e-05	4.4e-05	5.5	4.9075	0
35	7.5056	3e-05	3e-05	6.5	-3.7528	0
35	7.5056	3e-05	3e-05	2.4682e-08	7.5056	0
35	7.5056	3e-05	3e-05	-6.5	-3.7528	0
35	7.5056	5e-06	5e-06	-3.5	6.6395	0
35	7.5056	5e-06	5e-06	4	-6.3509	0
35	7.5056	5e-06	5e-06	7.5	-0.28868	0
35	7.5056	5e-06	5e-06	-7.5	-0.28868	0
35	7.5056	5e-06	5e-06	3.5	6.6395	0
35	7.5056	5e-06	5e-06	-4	-6.3509	0
36	7.5719	4.3e-05	4.3e-05	6	-4.6188	0
36	7.5719	4.3e-05	4.3e-05	7	-2.8868	0
36	7.5719	4.3e-05	4.3e-05	-1	7.5056	0
36	7.5719	4.3e-05	4.3e-05	1	7.5056	0
36	7.5719	4.3e-05	4.3e-05	-7	-2.8868	0
36	7.5719	4.3e-05	4.3e-05	-6	-4.6188	0
37	7.6376	3.1e-05	3.1e-05	-5	5.7735	0
37	7.6376	3.1e-05	3.1e-05	2.5	-7.2169	0
37	7.6376	3.1e-05	3.1e-05	-7.5	1.4434	0
37	7.6376	3.1e-05	3.1e-05	7.5	1.4434	0
37	7.6376	3.1e-05	3.1e-05	5	5.7735	0
37	7.6376	3.1e-05	3.1e-05	-2.5	-7.2169	0
38	7.7675	1.8e-05	1.8e-05	5.5	-5.4848	0
38	7.7675	1.8e-05	1.8e-05	7.5	-2.0207	0
38	7.7675	1.8e-05	1.8e-05	-2	7.5056	0
38	7.7675	1.8e-05	1.8e-05	2	7.5056	0
38	7.7675	1.8e-05	1.8e-05	-7.5	-2.0207	0
38	7.7675	1.8e-05	1.8e-05	-5.5	-5.4848	0
39	8.0208	1.2e-05	1.2e-05	-4.5	6.6395	0
39	8.0208	1.2e-05	1.2e-05	3.5	-7.2169	0
39	8.0208	1.2e-05	1.2e-05	-8	0.57735	0
39	8.0208	1.2e-05	1.2e-05	8	0.57735	0
39	8.0208	1.2e-05	1.2e-05	4.5	6.6395	0
39	8.0208	1.2e-05	1.2e-05	-3.5	-7.2169	0
40	8.0829	2e-05	2e-05	-7	4.0415	0
40	8.0829	2e-05	2e-05	-3.0853e-08	-8.0829	0
40	8.0829	2e-05	2e-05	7	4.0415	0
40	8.0829	1.9e-05	1.9e-05	5	-6.3509	0
40	8.0829	1.9e-05	1.9e-05	-3	7.5056	0
40	8.0829	1.9e-05	1.9e-05	8	-1.1547	0
40	8.0829	1.9e-05	1.9e-05	-8	-1.1547	0
40	8.0829	1.9e-05	1.9e-05	3	7.5056	0
40	8.0829	1.9e-05	1.9e-05	-5	-6.3509	0
41	8.1445	7e-06	7e-06	-6.5	4.9075	0
41	8.1445	7e-06	7e-06	-7.5	3.1754	0
41	8.1445	7e-06	7e-06	1	-8.0829	0
41	8.1445	7e-06	7e-06	-1	-8.0829	0
41	8.1445	7e-06	7e-06	7.5	3.1754	0
41	8.1445	7e-06	7e-06	6.5	4.9075	0
42	8.3267	3e-05	3e-05	-6	5.7735	0
42	8.3267	3e-05	3e-05	-8	2.3094	0
42	8.3267	3e-05	3e-05	2	-8.0829	0
42	8.3267	3e-05	3e-05	8	2.3094	0
42	8.3267	3e-05	3e-05	-2	-8.0829	0
42	8.3267	3e-05	3e-05	6	5.7735	0
43	8.3865	2.1e-05	2.1e-05	7	-4.6188	0
43	8.3865	2.1e-05	2.1e-05	7.5	-3.7528	0
43	8.3865	2.1e-05	2.1e-05	-0.5	8.3716	0
43	8.3865	2.1e-05	2.1e-05	0.5	8.3716	0
43	8.3865	2.1e-05	2.1e-05	-7.5	-3.7528	0
43	8.3865	2.1e-05	2.1e-05	-7	-4.6188	0
44	8.5049	1.3e-05	1.3e-05	6.5	-5.4848	0
44	8.5049	1.3e-05	1.3e-05	8	-2.8868	0
44	8.5049	1.3e-05	1.3e-05	-1.5	8.3716	0
44	8.5049	1.3e-05	1.3e-05	1.5	8.3716	0
44	8.5049	1.3e-05	1.3e-05	-8	-2.8868	0
44	8.5049	1.3e-05	1.3e-05	-6.5	-5.4848	0
44	8.5049	-1e-06	1e-06	-4	7.5056	0
44	8.5049	-1e-06	1e-06	4.5	-7.2169	0
44	8.5049	-1e-06	1e-06	8.5	-0.28868	0
44	8.5049	-1e-06	1e-06	-8.5	-0.28868	0
44	8.5049	-1e-06	1e-06	4	7.5056	0
44	8.5049	-1e-06	1e-06	-4.5	-7.2169	0
45	8.6217	9e-06	9e-06	-5.5	6.6395	0
45	8.6217	9e-06	9e-06	3	-8.0829	0
45	8.6217	9e-06	9e-06	-8.5	1.4434	0
45	8.6217	9e-06	9e-06	8.5	1.4434	0
45	8.6217	9e-06	9e-06	5.5	6.6395	0
45	8.6217	9e-06	9e-06	-3	-8.0829	0
46	8.7369	9e-06	9e-06	6	-6.3509	0
46	8.7369	9e-06	9e-06	8.5	-2.0207	0
46	8.7369	9e-06	9e-06	-2.5	8.3716	0
46	8.7369	9e-06	9e-06	2.5	8.3716	0
46	8.7369	9e-06	9e-06	-8.5	-2.0207	0
46	8.7369	9e-06	9e-06	-6	-6.3509	0
47	8.9629	-3e-06	3e-06	-7.5	4.9075	0
47	8.9629	-3e-06	3e-06	-8	4.0415	0
47	8.9629	-3e-06	3e-06	0.5	-8.9489	0
47	8.9629	-3e-06	3e-06	-0.5	-8.9489	0
47	8.9629	-3e-06	3e-06	8	4.0415	0
47	8.9629	-3e-06	3e-06	7.5	4.9075	0
48	9.0185	3e-06	3e-06	-5	7.5056	0
48	9.0185	3e-06	3e-06	4	-8.0829	0
48	9.0185	3e-06	3e-06	-9	0.57735	0
48	9.0185	3e-06	3e-06	9	0.57735	0
48	9.0185	3e-06	3e-06	5	7.5056	0
48	9.0185	3e-06	3e-06	-4	-8.0829	0
49	9.0738	1.3e-05	1.3e-05	-7	5.7735	0
49	9.0738	1.3e-05	1.3e-05	-8.5	3.1754	0
49	9.0738	1.3e-05	1.3e-05	1.5	-8.9489	0
49	9.0738	1.3e-05	1.3e-05	8.5	3.1754	0
49	9.0738	1.3e-05	1.3e-05	-1.5	-8.9489	0
49	9.0738	1.3e-05	1.3e-05	7	5.7735	0
49	9.0738	5e-06	5e-06	5.5	-7.2169	0
49	9.0738	5e-06	5e-06	-3.5	8.3716	0
49	9.0738	5e-06	5e-06	9	-1.1547	0
49	9.0738	5e-06	5e-06	-9	-1.1547	0
49	9.0738	5e-06	5e-06	3.5	8.3716	0
49	9.0738	5e-06	5e-06	-5.5	-7.2169	0
50	9.2376	1e-06	1e-06	8	-4.6188	0
50	9.2376	1e-06	1e-06	3.0853e-08	9.2376	0
50	9.2376	1e-06	1e-06	-8	-4.6188	0
51	9.2916	9e-06	9e-06	7.5	-5.4848	0
51	9.2916	9e-06	9e-06	8.5	-3.7528	0
51	9.2916	9e-06	9e-06	-1	9.2376	0
51	9.2916	9e-06	9e-06	1	9.2376	0
51	9.2916	9e-06	9e-06	-8.5	-3.7528	0
51	9.2916	9e-06	9e-06	-7.5	-5.4848	0
51	9.2916	1e-06	1e-06	-6.5	6.6395	0
51	9.2916	1e-06	1e-06	-9	2.3094	0
51	9.2916	1e-06	1e-06	2.5	-8.9489	0
51	9.2916	1e-06	1e-06	9	2.3094	0
51	9.2916	1e-06	1e-06	-2.5	-8.9489	0
51	9.2916	1e-06	1e-06	6.5	6.6395	0
52	9.4516	9e-06	9e-06	7	-6.3509	0
52	9.4516	9e-06	9e-06	9	-2.8868	0
52	9.4516	9e-06	9e-06	-2	9.2376	0
52	9.4516	9e-06	9e-06	2	9.2376	0
52	9.4516	9e-06	9e-06	-9	-2.8868	0
52	9.4516	9e-06	9e-06	-7	-6.3509	0
53	9.5044	4e-06	4e-06	-4.5	8.3716	0
53	9.5044	4e-06	4e-06	5	-8.0829	0
53	9.5044	4e-06	4e-06	9.5	-0.28868	0
53	9.5044	4e-06	4e-06	-9.5	-0.28868	0
53	9.5044	4e-06	4e-06	4.5	8.3716	0
53	9.5044	4e-06	4e-06	-5	-8.0829	0
54	9.609	-1.7e-05	1.7e-05	-6	7.5056	0
54	9.609	-1.7e-05	1.7e-05	3.5	-8.9489	0
54	9.609	-1.7e-05	1.7e-05	-9.5	1.4434	0
54	9.609	-1.7e-05	1.7e-05	9.5	1.4434	0
54	9.609	-1.7e-05	1.7e-05	6	7.5056	0
54	9.609	-1.7e-05	1.7e-05	-3.5	-8.9489	0
55	9.7125	0	0	6.5	-7.2169	0
55	9.7125	0	0	-3	9.2376	0
55	9.7125	0	0	9.5	-2.0207	0
55	9.7125	0	0	-9.5	-2.0207	0
55	9.7125	0	0	3	9.2376	0
55	9.7125	0	0	-6.5	-7.2169	0
56	9.815	-1.3e-05	1.3e-05	-8.5	4.9075	0
56	9.815	-1.3e-05	1.3e-05	-3.7024e-08	-9.815	0
56	9.815	-1.3e-05	1.3e-05	8.5	4.9075	0
57	9.8658	-5e-06	5e-06	-8	5.7735	0
57	9.8658	-5e-06	5e-06	-9	4.0415	0
57	9.8658	-5e-06	5e-06	1	-9.815	0
57	9.8658	-5e-06	5e-06	-1	-9.815	0
57	9.8658	-5e-06	5e-06	9	4.0415	0
57	9.8658	-5e-06	5e-06	8	5.7735	0
58	10.017	-8e-06	8e-06	-5.5	8.3716	0
58	10.017	-8e-06	8e-06	4.5	-8.9489	0
58	10.017	-8e-06	8e-06	-10	0.57735	0
58	10.017	-8e-06	8e-06	10	0.57735	0
58	10.017	-8e-06	8e-06	5.5	8.3716	0
58	10.017	-8e-06	8e-06	-4.5	-8.9489	0
58	10.017	0	0	-7.5	6.6395	0
58	10.017	0	0	-9.5	3.1754	0
58	10.017	0	0	2	-9.815	0
58	10.017	0	0	9.5	3.1754	0
58	10.017	0	0	-2	-9.815	0
58	10.017	0	0	7.5	6.6395	0
59	10.066	-1.2e-05	1.2e-05	6	-8.0829	0
59	10.066	-1.2e-05	1.2e-05	-4	9.2376	0
59	10.066	-1.2e-05	1.2e-05	10	-1.1547	0
59	10.066	-1.2e-05	1.2e-05	-10	-1.1547	0
59	10.066	-1.2e-05	1.2e-05	4	9.2376	0
59	10.066	-1.2e-05	1.2e-05	-6	-8.0829	0
60	10.116	-2e-05	2e-05	8.5	-5.4848	0
60	10.116	-2e-05	2e-05	9	-4.6188	0
60	10.116	-2e-05	2e-05	-0.5	10.104	0
60	10.116	-2e-05	2e-05	0.5	10.104	0
60	10.116	-2e-05	2e-05	-9	-4.6188	0
60	10.116	-2e-05	2e-05	-8.5	-5.4848	0
61	10.214	-4e-06	4e-06	8	-6.3509	0
61	10.214	-4e-06	4e-06	9.5	-3.7528	0
61	10.214	-4e-06	4e-06	-1.5	10.104	0
61	10.214	-4e-06	4e-06	1.5	10.104	0
61	10.214	-4e-06	4e-06	-9.5	-3.7528	0
61	10.214	-4e-06	4e-06	-8	-6.3509	0
62	10.263	-1.7e-05	1.7e-05	-7	7.5056	0
62	10.263	-1.7e-05	1.7e-05	3	-9.815	0
62	10.263	-1.7e-05	1.7e-05	-10	2.3094	0
62	10.263	-1.7e-05	1.7e-05	10	2.3094	0
62	10.263	-1.7e-05	1.7e-05	-3	-9.815	0
62	10.263	-1.7e-05	1.7e-05	7	7.5056	0
63	10.408	0	0	7.5	-7.2169	0
63	10.408	0	0	10	-2.8868	0
63	10.408	0	0	-2.5	10.104	0
63	10.408	0	0	2.5	10.104	0
63	10.408	0	0	-10	-2.8868	0
63	10.408	0	0	-7.5	-7.2169	0
64	10.504	-1e-05	1e-05	-5	9.2376	0
64	10.504	-1e-05	1e-05	5.5	-8.9489	0
64	10.504	-1e-05	1e-05	10.5	-0.28868	0
64	10.504	-1e-05	1e-05	-10.5	-0.28868	0
64	10.504	-9e-06	9e-06	5	9.2376	0
64	10.504	-9e-06	9e-06	-5.5	-8.9489	0
65	10.599	0	0	-6.5	8.3716	0
65	10.599	0	0	4	-9.815	0
65	10.599	0	0	-10.5	1.4434	0
65	10.599	0	0	10.5	1.4434	0
65	10.599	0	0	6.5	8.3716	0
65	10.599	0	0	-4	-9.815	0
66	10.693	-1.5e-05	1.5e-05	-9	5.7735	0
66	10.693	-1.5e-05	1.5e-05	-9.5	4.9075	0
66	10.693	-1.5e-05	1.5e-05	0.5	-10.681	0
66	10.693	-1.5e-05	1.5e-05	-0.5	-10.681	0
66	10.693	-1.5e-05	1.5e-05	9.5	4.9075	0
66	10.693	-1.5e-05	1.5e-05	9	5.7735	0
66	10.693	5e-06	5e-06	7	-8.0829	0
66	10.693	5e-06	5e-06	-3.5	10.104	0
66	10.693	5e-06	5e-06	10.5	-2.0207	0
66	10.693	5e-06	5e-06	-10.5	-2.0207	0
66	10.693	5e-06	5e-06	3.5	10.104	0
66	10.693	5e-06	5e-06	-7	-8.0829	0
67	10.786	6e-06	6e-06	-8.5	6.6395	0
67	10.786	6e-06	6e-06	-10	4.0415	0
67	10.786	6e-06	6e-06	1.5	-10.681	0
67	10.786	6e-06	6e-06	-1.5	-10.681	0
67	10.786	6e-06	6e-06	10	4.0415	0
67	10.786	6e-06	6e-06	8.5	6.6395	0
68	10.97	-2.4e-05	2.4e-05	9.5	-5.4848	0
68	10.97	-2.4e-05	2.4e-05	3.7024e-08	10.97	0
68	10.97	-2.4e-05	2.4e-05	-9.5	-5.4848	0
68	10.97	-9e-06	9e-06	-8	7.5056	0
68	10.97	-9e-06	9e-06	-10.5	3.1754	0
68	10.97	-9e-06	9e-06	2.5	-10.681	0
68	10.97	-9e-06	9e-06	10.5	3.1754	0
68	10.97	-9e-06	9e-06	-2.5	-10.681	0
68	10.97	-9e-06	9e-06	8	7.5056	0
69	11.015	-3e-06	3e-06	9	-6.3509	0
69	11.015	3e-06	3e-06	-6	9.2376	0
69	11.015	-3e-06	3e-06	10	-4.6188	0
69	11.015	3e-06	3e-06	5	-9.815	0
69	11.015	-3e-06	3e-06	-1	10.97	0
69	11.015	3e-06	3e-06	-11	0.57735	0
69	11.015	3e-06	3e-06	11	0.57735	0
69	11.015	-3e-06	3e-06	1	10.97	0
69	11.015	3e-06	3e-06	6	9.2376	0
69	11.015	-3e-06	3e-06	-10	-4.6188	0
69	11.015	3e-06	3e-06	-5	-9.815	0
69	11.015	-3e-06	3e-06	-9	-6.3509	0
70	11.06	8e-06	8e-06	6.5	-8.9489	0
70	11.06	8e-06	8e-06	-4.5	10.104	0
70	11.06	8e-06	8e-06	11	-1.1547	0
70	11.06	8e-06	8e-06	-11	-1.1547	0
70	11.06	8e-06	8e-06	4.5	10.104	0
70	11.06	8e-06	8e-06	-6.5	-8.9489	0
71	11.15	-4e-06	4e-06	8.5	-7.2169	0
71	11.15	-4e-06	4e-06	10.5	-3.7528	0
71	11.15	-4e-06	4e-06	-2	10.97	0
71	11.15	-4e-06	4e-06	2	10.97	0
71	11.15	-4e-06	4e-06	-10.5	-3.7528	0
71	11.15	-4e-06	4e-06	-8.5	-7.2169	0
72	11.24	3e-06	3e-06	-7.5	8.3716	0
72	11.24	3e-06	3e-06	3.5	-10.681	0
72	11.24	3e-06	3e-06	-11	2.3094	0
72	11.24	3e-06	3e-06	11	2.3094	0
72	11.24	3e-06	3e-06	-3.5	-10.681	0
72	11.24	3e-06	3e-06	7.5	8.3716	0
73	11.372	-5e-06	5e-06	8	-8.0829	0
73	11.372	-5e-06	5e-06	11	-2.8868	0
73	11.372	-5e-06	5e-06	-3	10.97	0
73	11.372	-5e-06	5e-06	3	10.97	0
73	11.372	-5e-06	5e-06	-11	-2.8868	0
73	11.372	-5e-06	5e-06	-8	-8.0829	0
74	11.504	4e-06	4e-06	-5.5	10.104	0
74	11.504	4e-06	4e-06	6	-9.815	0
74	11.504	4e-06	4e-06	11.5	-0.28868	0
74	11.504	4e-06	4e-06	-11.5	-0.28868	0
74	11.504	4e-06	4e-06	5.5	10.104	0
74	11.504	4e-06	4e-06	-6	-9.815	0
75	11.547	-1e-06	1e-06	-10	5.7735	0
75	11.547	-1e-06	1e-06	-4.3194e-08	-11.547	0
75	11.547	-1e-06	1e-06	10	5.7735	0
76	11.59	4e-06	4e-06	-7	9.2376	0
76	11.59	4e-06	4e-06	4.5	-10.681	0
76	11.59	4e-06	4e-06	-11.5	1.4434	0
76	11.59	4e-06	4e-06	11.5	1.4434	0
76	11.59	4e-06	4e-06	7	9.2376	0
76	11.59	4e-06	4e-06	-4.5	-10.681	0
76	11.59	3e-06	3e-06	-9.5	6.6395	0
76	11.59	3e-06	3e-06	-10.5	4.9075	0
76	11.59	3e-06	3e-06	1	-11.547	0
76	11.59	3e-06	3e-06	-1	-11.547	0
76	11.59	3e-06	3e-06	10.5	4.9075	0
76	11.59	3e-06	3e-06	9.5	6.6395	0
77	11.676	1.3e-05	1.3e-05	7.5	-8.9489	0
77	11.676	1.3e-05	1.3e-05	-4	10.97	0
77	11.676	1.3e-05	1.3e-05	11.5	-2.0207	0
77	11.676	1.3e-05	1.3e-05	-11.5	-2.0207	0
77	11.676	1.3e-05	1.3e-05	4	10.97	0
77	11.676	1.3e-05	1.3e-05	-7.5	-8.9489	0
78	11.719	7e-06	7e-06	-9	7.5056	0
78	11.719	7e-06	7e-06	-11	4.0415	0
78	11.719	7e-06	7e-06	2	-11.547	0
78	11.719	7e-06	7e-06	11	4.0415	0
78	11.719	7e-06	7e-06	-2	-11.547	0
78	11.719	7e-06	7e-06	9	7.5056	0
79	11.846	1e-06	1e-06	10	-6.3509	0
79	11.846	1e-06	1e-06	10.5	-5.4848	0
79	11.846	1e-06	1e-06	-0.5	11.836	0
79	11.846	1e-06	1e-06	0.5	11.836	0
79	11.846	1e-06	1e-06	-10.5	-5.4848	0
79	11.846	1e-06	1e-06	-10	-6.3509	0
80	11.93	1e-05	1e-05	9.5	-7.2169	0
80	11.93	1e-05	1e-05	11	-4.6188	0
80	11.93	1e-05	1e-05	-1.5	11.836	0
80	11.93	1e-05	1e-05	1.5	11.836	0
80	11.93	1e-05	1e-05	-11	-4.6188	0
80	11.93	1e-05	1e-05	-9.5	-7.2169	0
80	11.93	7e-06	7e-06	-8.5	8.3716	0
80	11.93	7e-06	7e-06	-11.5	3.1754	0
80	11.93	7e-06	7e-06	3	-11.547	0
80	11.93	7e-06	7e-06	11.5	3.1754	0
80	11.93	7e-06	7e-06	-3	-11.547	0
80	11.93	7e-06	7e-06	8.5	8.3716	0
81	12.014	4e-06	4e-06	-6.5	10.104	0
81	12.014	4e-06	4e-06	5.5	-10.681	0
81	12.014	4e-06	4e-06	-12	0.57735	0
81	12.014	4e-06	4e-06	12	0.57735	0
81	12.014	4e-06	4e-06	6.5	10.104	0
81	12.014	4e-06	4e-06	-5.5	-10.681	0
82	12.055	3e-06	3e-06	7	-9.815	0
82	12.055	3e-06	3e-06	-5	10.97	0
82	12.055	3e-06	3e-06	12	-1.1547	0
82	12.055	3e-06	3e-06	-12	-1.1547	0
82	12.055	3e-06	3e-06	5	10.97	0
82	12.055	3e-06	3e-06	-7	-9.815	0
83	12.097	-6e-06	6e-06	9	-8.0829	0
83	12.097	-6e-06	6e-06	11.5	-3.7528	0
83	12.097	-6e-06	6e-06	-2.5	11.836	0
83	12.097	-6e-06	6e-06	2.5	11.836	0
83	12.097	-6e-06	6e-06	-11.5	-3.7528	0
83	12.097	-6e-06	6e-06	-9	-8.0829	0
84	12.22	-2e-06	2e-06	-8	9.2376	0
84	12.22	-2e-06	2e-06	4	-11.547	0
84	12.22	-2e-06	2e-06	-12	2.3094	0
84	12.22	-2e-06	2e-06	12	2.3094	0
84	12.22	-2e-06	2e-06	-4	-11.547	0
84	12.22	-2e-06	2e-06	8	9.2376	0
85	12.342	-5e-06	5e-06	8.5	-8.9489	0
85	12.342	-5e-06	5e-06	12	-2.8868	0
85	12.342	-5e-06	5e-06	-3.5	11.836	0
85	12.342	-5e-06	5e-06	3.5	11.836	0
85	12.342	-5e-06	5e-06	-12	-2.8868	0
85	12.342	-5e-06	5e-06	-8.5	-8.9489	0
86	12.423	-3e-06	3e-06	-10.5	6.6395	0
86	12.423	-3e-06	3e-06	-11	5.7735	0
86	12.423	-3e-06	3e-06	0.5	-12.413	0
86	12.423	-3e-06	3e-06	-0.5	-12.413	0
86	12.423	-3e-06	3e-06	11	5.7735	0
86	12.423	-3e-06	3e-06	10.5	6.6395	0
87	12.503	3e-06	3e-06	-10	7.5056	0
87	12.503	3e-06	3e-06	-11.5	4.9075	0
87	12.503	3e-06	3e-06	1.5	-12.413	0
87	12.503	3e-06	3e-06	-1.5	-12.413	0
87	12.503	3e-06	3e-06	11.5	4.9075	0
87	12.503	3e-06	3e-06	10	7.5056	0
87	12.503	1e-06	1e-06	-6	10.97	0
87	12.503	1e-06	1e-06	6.5	-10.681	0
87	12.503	1e-06	1e-06	12.5	-0.28868	0
87	12.503	1e-06	1e-06	-12.5	-0.28868	0
87	12.503	1e-06	1e-06	6	10.97	0
87	12.503	1e-06	1e-06	-6.5	-10.681	0
88	12.583	-3e-06	3e-06	-7.5	10.104	0
88	12.583	-3e-06	3e-06	5	-11.547	0
88	12.583	-3e-06	3e-06	-12.5	1.4434	0
88	12.583	-3e-06	3e-06	12.5	1.4434	0
88	12.583	-3e-06	3e-06	7.5	10.104	0
88	12.583	-3e-06	3e-06	-5	-11.547	0
89	12.662	-7e-06	7e-06	8	-9.815	0
89	12.662	-7e-06	7e-06	-4.5	11.836	0
89	12.662	-7e-06	7e-06	12.5	-2.0207	0
89	12.662	-7e-06	7e-06	-12.5	-2.0207	0
89	12.662	-7e-06	7e-06	4.5	11.836	0
89	12.662	-7e-06	7e-06	-8	-9.815	0
89	12.662	1e-06	1e-06	-9.5	8.3716	0
89	12.662	1e-06	1e-06	-12	4.0415	0
89	12.662	1e-06	1e-06	2.5	-12.413	0
89	12.662	1e-06	1e-06	12	4.0415	0
89	12.662	1e-06	1e-06	-2.5	-12.413	0
89	12.662	1e-06	1e-06	9.5	8.3716	0
90	12.702	1.3e-05	1.3e-05	11	-6.3509	0
90	12.702	1.3e-05	1.3e-05	4.3194e-08	12.702	0
90	12.702	1.3e-05	1.3e-05	-11	-6.3509	0
91	12.741	3e-06	3e-06	10.5	-7.2169	0
91	12.741	3e-06	3e-06	11.5	-5.4848	0
91	12.741	3e-06	3e-06	-1	12.702	0
91	12.741	3e-06	3e-06	1	12.702	0
91	12.741	3e-06	3e-06	-11.5	-5.4848	0
91	12.741	3e-06	3e-06	-10.5	-7.2169	0
92	12.858	-1e-06	1e-06	10	-8.0829	0
92	12.858	-1e-06	1e-06	12	-4.6188	0
92	12.858	-1e-06	1e-06	-2	12.702	0
92	12.858	-1e-06	1e-06	2	12.702	0
92	12.858	-1e-06	1e-06	-12	-4.6188	0
92	12.858	-1e-06	1e-06	-10	-8.0829	0
93	12.897	-3e-06	3e-06	-9	9.2376	0
93	12.897	-3e-06	3e-06	-12.5	3.1754	0
93	12.897	-3e-06	3e-06	3.5	-12.413	0
93	12.897	-3e-06	3e-06	12.5	3.1754	0
93	12.897	-3e-06	3e-06	-3.5	-12.413	0
93	12.897	-3e-06	3e-06	9	9.2376	0
94	13.013	-1e-06	1e-06	-7	10.97	0
94	13.013	-1e-06	1e-06	6	-11.547	0
94	13.013	-1e-06	1e-06	-13	0.57735	0
94	13.013	-1e-06	1e-06	13	0.57735	0
94	13.013	-1e-06	1e-06	7	10.97	0
94	13.013	-1e-06	1e-06	-6	-11.547	0
95	13.051	-1e-06	1e-06	9.5	-8.9489	0
95	13.051	-1e-06	1e-06	12.5	-3.7528	0
95	13.051	-1e-06	1e-06	-3	12.702	0
95	13.051	-1e-06	1e-06	3	12.702	0
95	13.051	-1e-06	1e-06	-12.5	-3.7528	0
95	13.051	-1e-06	1e-06	-9.5	-8.9489	0
95	13.051	0	0	7.5	-10.681	0
95	13.051	0	0	-5.5	11.836	0
95	13.051	0	0	13	-1.1547	0
95	13.051	0	0	-13	-1.1547	0
95	13.051	0	0	5.5	11.836	0
95	13.051	0	0	-7.5	-10.681	0
96	13.204	-5e-06	5e-06	-8.5	10.104	0
96	13.204	-5e-06	5e-06	4.5	-12.413	0
96	13.204	-5e-06	5e-06	-13	2.3094	0
96	13.204	-5e-06	5e-06	13	2.3094	0
96	13.204	-5e-06	5e-06	-4.5	-12.413	0
96	13.204	-5e-06	5e-06	8.5	10.104	0
97	13.279	3e-06	3e-06	-11.5	6.6395	0
97	13.279	3e-06	3e-06	-4.9365e-08	-13.279	0
97	13.279	3e-06	3e-06	11.5	6.6395	0
98	13.317	-1e-06	1e-06	9	-9.815	0
98	13.317	-1e-06	1e-06	-4	12.702	0
98	13.317	-1e-06	1e-06	13	-2.8868	0
98	13.317	-1e-06	1e-06	-13	-2.8868	0
98	13.317	-1e-06	1e-06	4	12.702	0
98	13.317	-1e-06	1e-06	-9	-9.815	0
98	13.317	0	0	-11	7.5056	0
98	13.317	0	0	-12	5.7735	0
98	13.317	0	0	1	-13.279	0
98	13.317	0	0	-1	-13.279	0
98	13.317	0	0	12	5.7735	0
98	13.317	0	0	11	7.5056	0
99	13.429	6e-06	6e-06	-10.5	8.3716	0
99	13.429	6e-06	6e-06	-12.5	4.9075	0
99	13.429	6e-06	6e-06	2	-13.279	0
99	13.429	6e-06	6e-06	-2	-13.279	0
99	13.429	6e-06	6e-06	12.5	4.9075	0
99	13.429	6e-06	6e-06	10.5	8.3716	0
100	13.503	6e-06	6e-06	-6.5	11.836	0
100	13.503	6e-06	6e-06	7	-11.547	0
100	13.503	6e-06	6e-06	13.5	-0.28868	0
100	13.503	6e-06	6e-06	-13.5	-0.28868	0
100	13.503	6e-06	6e-06	6.5	11.836	0
100	13.503	6e-06	6e-06	-7	-11.547	0
101	13.577	-6e-06	6e-06	-8	10.97	0
101	13.577	-6e-06	6e-06	5.5	-12.413	0
101	13.577	-6e-06	6e-06	-13.5	1.4434	0
101	13.577	-6e-06	6e-06	13.5	1.4434	0
101	13.577	-6e-06	6e-06	8	10.97	0
101	13.577	-6e-06	6e-06	-5.5	-12.413	0
101	13.577	1e-06	1e-06	11.5	-7.2169	0
101	13.577	1e-06	1e-06	12	-6.3509	0
101	13.577	1e-06	1e-06	-0.5	13.568	0
101	13.577	1e-06	1e-06	0.5	13.568	0
101	13.577	1e-06	1e-06	-12	-6.3509	0
101	13.577	1e-06	1e-06	-11.5	-7.2169	0
102	13.614	2e-06	2e-06	-10	9.2376	0
102	13.614	2e-06	2e-06	-13	4.0415	0
102	13.614	2e-06	2e-06	3	-13.279	0
102	13.614	2e-06	2e-06	13	4.0415	0
102	13.614	2e-06	2e-06	-3	-13.279	0
102	13.614	2e-06	2e-06	10	9.2376	0
103	13.65	-1.1e-05	1.1e-05	8.5	-10.681	0
103	13.65	-1.1e-05	1.1e-05	-5	12.702	0
103	13.65	-1.1e-05	1.1e-05	13.5	-2.0207	0
103	13.65	-1.1e-05	1.1e-05	-13.5	-2.0207	0
103	13.65	-1.1e-05	1.1e-05	5	12.702	0
103	13.65	-1.1e-05	1.1e-05	-8.5	-10.681	0
103	13.65	-2e-06	2e-06	11	-8.0829	0
103	13.65	-2e-06	2e-06	12.5	-5.4848	0
103	13.65	-2e-06	2e-06	-1.5	13.568	0
103	13.65	-2e-06	2e-06	1.5	13.568	0
103	13.65	-2e-06	2e-06	-12.5	-5.4848	0
103	13.65	-2e-06	2e-06	-11	-8.0829	0
104	13.796	6e-06	6e-06	10.5	-8.9489	0
104	13.796	6e-06	6e-06	13	-4.6188	0
104	13.796	6e-06	6e-06	-2.5	13.568	0
104	13.796	6e-06	6e-06	2.5	13.568	0
104	13.796	6e-06	6e-06	-13	-4.6188	0
104	13.796	6e-06	6e-06	-10.5	-8.9489	0
105	13.868	1.1e-05	1.1e-05	-9.5	10.104	0
105	13.868	1.1e-05	1.1e-05	4	-13.279	0
105	13.868	1.1e-05	1.1e-05	-13.5	3.1754	0
105	13.868	1.1e-05	1.1e-05	13.5	3.1754	0
105	13.868	1.1e-05	1.1e-05	-4	-13.279	0
105	13.868	1.1e-05	1.1e-05	9.5	10.104	0
106	14.012	6e-06	6e-06	10	-9.815	0
106	14.012	6e-06	6e-06	13.5	-3.7528	0
106	14.012	6e-06	6e-06	-3.5	13.568	0
106	14.012	6e-06	6e-06	3.5	13.568	0
106	14.012	6e-06	6e-06	-13.5	-3.7528	0
106	14.012	6e-06	6e-06	-10	-9.815	0
106	14.012	-2e-06	2e-06	-7.5	11.836	0
106	14.012	-2e-06	2e-06	6.5	-12.413	0
106	14.012	-2e-06	2e-06	-14	0.57735	0
106	14.012	-2e-06	2e-06	14	0.57735	0
106	14.012	-2e-06	2e-06	7.5	11.836	0
106	14.012	-2e-06	2e-06	-6.5	-12.413	0
107	14.048	-6e-06	6e-06	8	-11.547	0
107	14.048	-6e-06	6e-06	-6	12.702	0
107	14.048	-6e-06	6e-06	14	-1.1547	0
107	14.048	-6e-06	6e-06	-14	-1.1547	0
107	14.048	-6e-06	6e-06	6	12.702	0
107	14.048	-6e-06	6e-06	-8	-11.547	0
108	14.154	2e-06	2e-06	-12	7.5056	0
108	14.154	2e-06	2e-06	-12.5	6.6395	0
108	14.154	2e-06	2e-06	0.5	-14.145	0
108	14.154	2e-06	2e-06	-0.5	-14.145	0
108	14.154	2e-06	2e-06	12.5	6.6395	0
108	14.154	2e-06	2e-06	12	7.5056	0
109	14.189	1e-06	1e-06	-9	10.97	0
109	14.189	1e-06	1e-06	5	-13.279	0
109	14.189	1e-06	1e-06	-14	2.3094	0
109	14.189	1e-06	1e-06	14	2.3094	0
109	14.189	1e-06	1e-06	-5	-13.279	0
109	14.189	1e-06	1e-06	9	10.97	0
110	14.224	1e-06	1e-06	-11.5	8.3716	0
110	14.224	1e-06	1e-06	-13	5.7735	0
110	14.224	1e-06	1e-06	1.5	-14.145	0
110	14.224	1e-06	1e-06	-1.5	-14.145	0
110	14.224	1e-06	1e-06	13	5.7735	0
110	14.224	1e-06	1e-06	11.5	8.3716	0
111	14.295	-6e-06	6e-06	9.5	-10.681	0
111	14.295	-6e-06	6e-06	-4.5	13.568	0
111	14.295	-6e-06	6e-06	14	-2.8868	0
111	14.295	-6e-06	6e-06	-14	-2.8868	0
111	14.295	-6e-06	6e-06	4.5	13.568	0
111	14.295	-6e-06	6e-06	-9.5	-10.681	0
112	14.364	-3e-06	3e-06	-11	9.2376	0
112	14.364	-3e-06	3e-06	-13.5	4.9075	0
112	14.364	-3e-06	3e-06	2.5	-14.145	0
112	14.364	-3e-06	3e-06	13.5	4.9075	0
112	14.364	-3e-06	3e-06	-2.5	-14.145	0
112	14.364	-3e-06	3e-06	11	9.2376	0
113	14.434	4e-06	4e-06	12.5	-7.2169	0
113	14.434	4e-06	4e-06	4.9365e-08	14.434	0
113	14.434	4e-06	4e-06	-12.5	-7.2169	0
114	14.468	-4e-06	4e-06	12	-8.0829	0
114	14.468	-4e-06	4e-06	13	-6.3509	0
114	14.468	-4e-06	4e-06	-1	14.434	0
114	14.468	-4e-06	4e-06	1	14.434	0
114	14.468	-4e-06	4e-06	-13	-6.3509	0
114	14.468	-4e-06	4e-06	-12	-8.0829	0
115	14.503	9e-06	9e-06	-7	12.702	0
115	14.503	9e-06	9e-06	7.5	-12.413	0
115	14.503	9e-06	9e-06	14.5	-0.28868	0
115	14.503	9e-06	9e-06	-14.5	-0.28868	0
115	14.503	8e-06	8e-06	7	12.702	0
115	14.503	8e-06	8e-06	-7.5	-12.413	0
116	14.572	-7e-06	7e-06	-10.5	10.104	0
116	14.572	-7e-06	7e-06	-8.5	11.836	0
116	14.572	-7e-06	7e-06	6	-13.279	0
116	14.572	-7e-06	7e-06	-14	4.0415	0
116	14.572	-7e-06	7e-06	3.5	-14.145	0
116	14.572	-7e-06	7e-06	-14.5	1.4434	0
116	14.572	-7e-06	7e-06	14.5	1.4434	0
116	14.572	-7e-06	7e-06	14	4.0415	0
116	14.572	-7e-06	7e-06	-3.5	-14.145	0
116	14.572	-7e-06	7e-06	8.5	11.836	0
116	14.572	-7e-06	7e-06	10.5	10.104	0
116	14.572	-7e-06	7e-06	-6	-13.279	0
116	14.572	-5e-06	5e-06	11.5	-8.9489	0
116	14.572	-5e-06	5e-06	13.5	-5.4848	0
116	14.572	-5e-06	5e-06	-2	14.434	0
116	14.572	-5e-06	5e-06	2	14.434	0
116	14.572	-5e-06	5e-06	-13.5	-5.4848	0
116	14.572	-5e-06	5e-06	-11.5	-8.9489	0
117	14.64	-7e-06	7e-06	9	-11.547	0
117	14.64	-7e-06	7e-06	-5.5	13.568	0
117	14.64	-7e-06	7e-06	14.5	-2.0207	0
117	14.64	-7e-06	7e-06	-14.5	-2.0207	0
117	14.64	-7e-06	7e-06	5.5	13.568	0
117	14.64	-7e-06	7e-06	-9	-11.547	0
118	14.742	-4e-06	4e-06	11	-9.815	0
118	14.742	-4e-06	4e-06	14	-4.6188	0
118	14.742	-4e-06	4e-06	-3	14.434	0
118	14.742	-4e-06	4e-06	3	14.434	0
118	14.742	-4e-06	4e-06	-14	-4.6188	0
118	14.742	-4e-06	4e-06	-11	-9.815	0
119	14.844	-1e-06	1e-06	-10	10.97	0
119	14.844	-1e-06	1e-06	4.5	-14.145	0
119	14.844	-1e-06	1e-06	-14.5	3.1754	0
119	14.844	-1e-06	1e-06	14.5	3.1754	0
119	14.844	-1e-06	1e-06	-4.5	-14.145	0
119	14.844	-1e-06	1e-06	10	10.97	0
120	14.978	-5e-06	5e-06	10.5	-10.681	0
120	14.978	-5e-06	5e-06	14.5	-3.7528	0
120	14.978	-5e-06	5e-06	-4	14.434	0
120	14.978	-5e-06	5e-06	4	14.434	0
120	14.978	-5e-06	5e-06	-14.5	-3.7528	0
120	14.978	-5e-06	5e-06	-10.5	-10.681	0
121	15.011	-8e-06	8e-06	-8	12.702	0
121	15.011	-8e-06	8e-06	7	-13.279	0
121	15.011	-8e-06	8e-06	-15	0.57735	0
121	15.011	-8e-06	8e-06	15	0.57735	0
121	15.011	-8e-06	8e-06	8	12.702	0
121	15.011	-8e-06	8e-06	-7	-13.279	0
121	15.011	-5e-06	5e-06	-13	7.5056	0
121	15.011	-5e-06	5e-06	-5.5535e-08	-15.011	0
121	15.011	-5e-06	5e-06	13	7.5056	0
122	15.044	-1e-05	1e-05	8.5	-12.413	0
122	15.044	-1e-05	1e-05	-6.5	13.568	0
122	15.044	-1e-05	1e-05	15	-1.1547	0
122	15.044	-1e-05	1e-05	-15	-1.1547	0
122	15.044	-1e-05	1e-05	6.5	13.568	0
122	15.044	-1e-05	1e-05	-8.5	-12.413	0
122	15.044	-8e-06	8e-06	-12.5	8.3716	0
122	15.044	-8e-06	8e-06	-13.5	6.6395	0
122	15.044	-8e-06	8e-06	1	-15.011	0
122	15.044	-8e-06	8e-06	-1	-15.011	0
122	15.044	-8e-06	8e-06	13.5	6.6395	0
122	15.044	-8e-06	8e-06	12.5	8.3716	0
123	15.144	6e-06	6e-06	-12	9.2376	0
123	15.144	6e-06	6e-06	-14	5.7735	0
123	15.144	6e-06	6e-06	2	-15.011	0
123	15.144	6e-06	6e-06	-2	-15.011	0
123	15.144	6e-06	6e-06	14	5.7735	0
123	15.144	6e-06	6e-06	12	9.2376	0
124	15.177	8e-06	8e-06	-9.5	11.836	0
124	15.177	8e-06	8e-06	5.5	-14.145	0
124	15.177	8e-06	8e-06	-15	2.3094	0
124	15.177	8e-06	8e-06	15	2.3094	0
124	15.177	8e-06	8e-06	-5.5	-14.145	0
124	15.177	8e-06	8e-06	9.5	11.836	0
125	15.275	0	0	10	-11.547	0
125	15.275	0	0	-5	14.434	0
125	15.275	0	0	15	-2.8868	0
125	15.275	0	0	-15	-2.8868	0
125	15.275	0	0	5	14.434	0
125	15.275	0	0	-10	-11.547	0
126	15.308	-9e-06	9e-06	-11.5	10.104	0
126	15.308	-9e-06	9e-06	-14.5	4.9075	0
126	15.308	-9e-06	9e-06	3	-15.011	0
126	15.308	-9e-06	9e-06	14.5	4.9075	0
126	15.308	-9e-06	9e-06	-3	-15.011	0
126	15.308	-9e-06	9e-06	11.5	10.104	0
126	15.308	3e-06	3e-06	13	-8.0829	0
126	15.308	3e-06	3e-06	13.5	-7.2169	0
126	15.308	3e-06	3e-06	-0.5	15.3	0
126	15.308	3e-06	3e-06	0.5	15.3	0
126	15.308	3e-06	3e-06	-13.5	-7.2169	0
126	15.308	3e-06	3e-06	-13	-8.0829	0
127	15.373	1e-06	1e-06	12.5	-8.9489	0
127	15.373	1e-06	1e-06	14	-6.3509	0
127	15.373	1e-06	1e-06	-1.5	15.3	0
127	15.373	1e-06	1e-06	1.5	15.3	0
127	15.373	1e-06	1e-06	-14	-6.3509	0
127	15.373	1e-06	1e-06	-12.5	-8.9489	0
128	15.503	4e-06	4e-06	-7.5	13.568	0
128	15.503	4e-06	4e-06	8	-13.279	0
128	15.503	4e-06	4e-06	15.5	-0.28868	0
128	15.503	4e-06	4e-06	-15.5	-0.28868	0
128	15.503	4e-06	4e-06	7.5	13.568	0
128	15.503	4e-06	4e-06	-8	-13.279	0
128	15.503	-2e-06	2e-06	12	-9.815	0
128	15.503	-2e-06	2e-06	14.5	-5.4848	0
128	15.503	-2e-06	2e-06	-2.5	15.3	0
128	15.503	-2e-06	2e-06	2.5	15.3	0
128	15.503	-2e-06	2e-06	-14.5	-5.4848	0
128	15.503	-2e-06	2e-06	-12	-9.815	0
129	15.535	-2e-06	2e-06	-11	10.97	0
129	15.535	-2e-06	2e-06	-15	4.0415	0
129	15.535	-2e-06	2e-06	4	-15.011	0
129	15.535	-2e-06	2e-06	15	4.0415	0
129	15.535	-2e-06	2e-06	-4	-15.011	0
129	15.535	-2e-06	2e-06	11	10.97	0
130	15.567	-7e-06	7e-06	-9	12.702	0
130	15.567	-7e-06	7e-06	6.5	-14.145	0
130	15.567	-7e-06	7e-06	-15.5	1.4434	0
130	15.567	-7e-06	7e-06	15.5	1.4434	0
130	15.567	-7e-06	7e-06	9	12.702	0
130	15.567	-7e-06	7e-06	-6.5	-14.145	0
131	15.631	-7e-06	7e-06	9.5	-12.413	0
131	15.631	-7e-06	7e-06	-6	14.434	0
131	15.631	-7e-06	7e-06	15.5	-2.0207	0
131	15.631	-7e-06	7e-06	-15.5	-2.0207	0
131	15.631	-7e-06	7e-06	6	14.434	0
131	15.631	-7e-06	7e-06	-9.5	-12.413	0
132	15.695	-2e-06	2e-06	11.5	-10.681	0
132	15.695	-2e-06	2e-06	15	-4.6188	0
132	15.695	-2e-06	2e-06	-3.5	15.3	0
132	15.695	-2e-06	2e-06	3.5	15.3	0
132	15.695	-2e-06	2e-06	-15	-4.6188	0
132	15.695	-2e-06	2e-06	-11.5	-10.681	0
133	15.822	-3e-06	3e-06	-10.5	11.836	0
133	15.822	-3e-06	3e-06	5	-15.011	0
133	15.822	-3e-06	3e-06	-15.5	3.1754	0
133	15.822	-3e-06	3e-06	15.5	3.1754	0
133	15.822	-3e-06	3e-06	-5	-15.011	0
133	15.822	-3e-06	3e-06	10.5	11.836	0
134	15.885	3e-06	3e-06	-13.5	8.3716	0
134	15.885	3e-06	3e-06	-14	7.5056	0
134	15.885	3e-06	3e-06	0.5	-15.877	0
134	15.885	3e-06	3e-06	-0.5	-15.877	0
134	15.885	3e-06	3e-06	14	7.5056	0
134	15.885	3e-06	3e-06	13.5	8.3716	0
135	15.948	8e-06	8e-06	-13	9.2376	0
135	15.948	8e-06	8e-06	-14.5	6.6395	0
135	15.948	8e-06	8e-06	1.5	-15.877	0
135	15.948	8e-06	8e-06	-1.5	-15.877	0
135	15.948	8e-06	8e-06	14.5	6.6395	0
135	15.948	8e-06	8e-06	13	9.2376	0
135	15.948	-3e-06	3e-06	11	-11.547	0
135	15.948	-3e-06	3e-06	15.5	-3.7528	0
135	15.948	-3e-06	3e-06	-4.5	15.3	0
135	15.948	-3e-06	3e-06	-15.5	-3.7528	0
135	15.948	-3e-06	3e-06	4.5	15.3	0
135	15.948	-3e-06	3e-06	-11	-11.547	0
136	16.01	-2e-06	2e-06	-8.5	13.568	0
136	16.01	-2e-06	2e-06	7.5	-14.145	0
136	16.01	-2e-06	2e-06	-16	0.57735	0
136	16.01	-2e-06	2e-06	16	0.57735	0
136	16.01	-2e-06	2e-06	8.5	13.568	0
136	16.01	-2e-06	2e-06	-7.5	-14.145	0
137	16.042	-6e-06	6e-06	9	-13.279	0
137	16.042	-6e-06	6e-06	-7	14.434	0
137	16.042	-6e-06	6e-06	16	-1.1547	0
137	16.042	-6e-06	6e-06	-16	-1.1547	0
137	16.042	-6e-06	6e-06	7	14.434	0
137	16.042	-6e-06	6e-06	-9	-13.279	0
138	16.073	-3e-06	3e-06	-12.5	10.104	0
138	16.073	-3e-06	3e-06	-15	5.7735	0
138	16.073	-3e-06	3e-06	2.5	-15.877	0
138	16.073	-3e-06	3e-06	-2.5	-15.877	0
138	16.073	-3e-06	3e-06	15	5.7735	0
138	16.073	-3e-06	3e-06	12.5	10.104	0
139	16.166	-8e-06	8e-06	-10	12.702	0
139	16.166	-8e-06	8e-06	6	-15.011	0
139	16.166	-8e-06	8e-06	-16	2.3094	0
139	16.166	-8e-06	8e-06	16	2.3094	0
139	16.166	-8e-06	8e-06	-6	-15.011	0
139	16.166	-8e-06	8e-06	10	12.702	0
139	16.166	4e-06	4e-06	14	-8.0829	0
139	16.166	4e-06	4e-06	5.5535e-08	16.166	0
139	16.166	4e-06	4e-06	-14	-8.0829	0
140	16.197	9e-06	9e-06	13.5	-8.9489	0
140	16.197	9e-06	9e-06	14.5	-7.2169	0
140	16.197	9e-06	9e-06	-1	16.166	0
140	16.197	9e-06	9e-06	1	16.166	0
140	16.197	9e-06	9e-06	-14.5	-7.2169	0
140	16.197	9e-06	9e-06	-13.5	-8.9489	0
141	16.258	-6e-06	6e-06	10.5	-12.413	0
141	16.258	-6e-06	6e-06	-5.5	15.3	0
141	16.258	-6e-06	6e-06	16	-2.8868	0
141	16.258	-6e-06	6e-06	-16	-2.8868	0
141	16.258	-6e-06	6e-06	5.5	15.3	0
141	16.258	-6e-06	6e-06	-10.5	-12.413	0
141	16.258	-3e-06	3e-06	-12	10.97	0
141	16.258	-3e-06	3e-06	-15.5	4.9075	0
141	16.258	-3e-06	3e-06	3.5	-15.877	0
141	16.258	-3e-06	3e-06	15.5	4.9075	0
141	16.258	-3e-06	3e-06	-3.5	-15.877	0
141	16.258	-3e-06	3e-06	12	10.97	0
142	16.289	0	0	13	-9.815	0
142	16.289	0	0	15	-6.3509	0
142	16.289	0	0	-2	16.166	0
142	16.289	0	0	2	16.166	0
142	16.289	0	0	-15	-6.3509	0
142	16.289	0	0	-13	-9.815	0
143	16.442	6e-06	6e-06	12.5	-10.681	0
143	16.442	6e-06	6e-06	15.5	-5.4848	0
143	16.442	6e-06	6e-06	-3	16.166	0
143	16.442	6e-06	6e-06	3	16.166	0
143	16.442	6e-06	6e-06	-15.5	-5.4848	0
143	16.442	6e-06	6e-06	-12.5	-10.681	0
144	16.503	-8e-06	8e-06	-11.5	11.836	0
144	16.503	-8e-06	8e-06	-16	4.0415	0
144	16.503	-8e-06	8e-06	4.5	-15.877	0
144	16.503	-8e-06	8e-06	16	4.0415	0
144	16.503	-8e-06	8e-06	-4.5	-15.877	0
144	16.503	-8e-06	8e-06	11.5	11.836	0
144	16.503	-1e-06	1e-06	-8	14.434	0
144	16.503	-1e-06	1e-06	8.5	-14.145	0
144	16.503	-1e-06	1e-06	16.5	-0.28868	0
144	16.503	-1e-06	1e-06	-16.5	-0.28868	0
144	16.503	-1e-06	1e-06	8	14.434	0
144	16.503	-1e-06	1e-06	-8.5	-14.145	0
145	16.563	-1e-05	1e-05	-9.5	13.568	0
145	16.563	-1e-05	1e-05	7	-15.011	0
145	16.563	-1e-05	1e-05	-16.5	1.4434	0
145	16.563	-1e-05	1e-05	16.5	1.4434	0
145	16.563	-1e-05	1e-05	9.5	13.568	0
145	16.563	-1e-05	1e-05	-7	-15.011	0
146	16.623	-6e-06	6e-06	10	-13.279	0
146	16.623	-6e-06	6e-06	-6.5	15.3	0
146	16.623	-6e-06	6e-06	16.5	-2.0207	0
146	16.623	-6e-06	6e-06	-16.5	-2.0207	0
146	16.623	-6e-06	6e-06	6.5	15.3	0
146	16.623	-6e-06	6e-06	-10	-13.279	0
147	16.653	-1e-06	1e-06	12	-11.547	0
147	16.653	-1e-06	1e-06	16	-4.6188	0
147	16.653	-1e-06	1e-06	-4	16.166	0
147	16.653	-1e-06	1e-06	4	16.166	0
147	16.653	-1e-06	1e-06	-16	-4.6188	0
147	16.653	-1e-06	1e-06	-12	-11.547	0
148	16.743	3e-06	3e-06	-14.5	8.3716	0
148	16.743	3e-06	3e-06	-6.1706e-08	-16.743	0
148	16.743	3e-06	3e-06	14.5	8.3716	0
149	16.773	-5e-06	5e-06	-14	9.2376	0
149	16.773	-5e-06	5e-06	-15	7.5056	0
149	16.773	-5e-06	5e-06	1	-16.743	0
149	16.773	-5e-06	5e-06	-1	-16.743	0
149	16.773	-5e-06	5e-06	15	7.5056	0
149	16.773	-5e-06	5e-06	14	9.2376	0
150	16.803	-9e-06	9e-06	-11	12.702	0
150	16.803	-9e-06	9e-06	5.5	-15.877	0
150	16.803	-9e-06	9e-06	-16.5	3.1754	0
150	16.803	-9e-06	9e-06	16.5	3.1754	0
150	16.803	-9e-06	9e-06	-5.5	-15.877	0
150	16.803	-9e-06	9e-06	11	12.702	0
151	16.862	0	0	-13.5	10.104	0
151	16.862	0	0	-15.5	6.6395	0
151	16.862	0	0	2	-16.743	0
151	16.862	0	0	-2	-16.743	0
151	16.862	0	0	15.5	6.6395	0
151	16.862	0	0	13.5	10.104	0
152	16.921	-1.2e-05	1.2e-05	11.5	-12.413	0
152	16.921	-1.2e-05	1.2e-05	-5	16.166	0
152	16.921	-1.2e-05	1.2e-05	16.5	-3.7528	0
152	16.921	-1.2e-05	1.2e-05	-16.5	-3.7528	0
152	16.921	-1.2e-05	1.2e-05	5	16.166	0
152	16.921	-1.2e-05	1.2e-05	-11.5	-12.413	0
153	17.01	1e-06	1e-06	-13	10.97	0
153	17.01	-1e-06	1e-06	-9	14.434	0
153	17.01	-1e-06	1e-06	8	-15.011	0
153	17.01	1e-06	1e-06	-16	5.7735	0
153	17.01	1e-06	1e-06	3	-16.743	0
153	17.01	-1e-06	1e-06	-17	0.57735	0
153	17.01	-1e-06	1e-06	17	0.57735	0
153	17.01	1e-06	1e-06	-3	-16.743	0
153	17.01	1e-06	1e-06	16	5.7735	0
153	17.01	-1e-06	1e-06	9	14.434	0
153	17.01	1e-06	1e-06	13	10.97	0
153	17.01	-1e-06	1e-06	-8	-15.011	0
154	17.039	-8e-06	8e-06	14.5	-8.9489	0
154	17.039	-8e-06	8e-06	15	-8.0829	0
154	17.039	-8e-06	8e-06	-0.5	17.032	0
154	17.039	-8e-06	8e-06	0.5	17.032	0
154	17.039	-8e-06	8e-06	-15	-8.0829	0
154	17.039	-8e-06	8e-06	-14.5	-8.9489	0
154	17.039	7e-06	7e-06	9.5	-14.145	0
154	17.039	7e-06	7e-06	-7.5	15.3	0
154	17.039	7e-06	7e-06	17	-1.1547	0
154	17.039	7e-06	7e-06	-17	-1.1547	0
154	17.039	7e-06	7e-06	7.5	15.3	0
154	17.039	7e-06	7e-06	-9.5	-14.145	0
155	17.098	-1e-06	1e-06	14	-9.815	0
155	17.098	-1e-06	1e-06	15.5	-7.2169	0
155	17.098	-1e-06	1e-06	-1.5	17.032	0
155	17.098	-1e-06	1e-06	1.5	17.032	0
155	17.098	-1e-06	1e-06	-15.5	-7.2169	0
155	17.098	-1e-06	1e-06	-14	-9.815	0
156	17.156	-3e-06	3e-06	-10.5	13.568	0
156	17.156	-3e-06	3e-06	6.5	-15.877	0
156	17.156	-3e-06	3e-06	-17	2.3094	0
156	17.156	-3e-06	3e-06	17	2.3094	0
156	17.156	-3e-06	3e-06	-6.5	-15.877	0
156	17.156	-3e-06	3e-06	10.5	13.568	0
157	17.214	-4e-06	4e-06	13.5	-10.681	0
157	17.214	-4e-06	4e-06	16	-6.3509	0
157	17.214	-4e-06	4e-06	-2.5	17.032	0
157	17.214	-4e-06	4e-06	2.5	17.032	0
157	17.214	-4e-06	4e-06	-16	-6.3509	0
157	17.214	-4e-06	4e-06	-13.5	-10.681	0
157	17.214	-2e-06	2e-06	-12.5	11.836	0
157	17.214	-2e-06	2e-06	-16.5	4.9075	0
157	17.214	-2e-06	2e-06	4	-16.743	0
157	17.214	-2e-06	2e-06	16.5	4.9075	0
157	17.214	-2e-06	2e-06	-4	-16.743	0
157	17.214	-2e-06	2e-06	12.5	11.836	0
158	17.243	-2e-06	2e-06	11	-13.279	0
158	17.243	-2e-06	2e-06	-6	16.166	0
158	17.243	-2e-06	2e-06	17	-2.8868	0
158	17.243	-2e-06	2e-06	-17	-2.8868	0
158	17.243	-2e-06	2e-06	6	16.166	0
158	17.243	-2e-06	2e-06	-11	-13.279	0
159	17.388	0	0	13	-11.547	0
159	17.388	0	0	16.5	-5.4848	0
159	17.388	0	0	-3.5	17.032	0
159	17.388	0	0	3.5	17.032	0
159	17.388	0	0	-16.5	-5.4848	0
159	17.388	0	0	-13	-11.547	0
160	17.474	-5e-06	5e-06	-12	12.702	0
160	17.474	-5e-06	5e-06	-17	4.0415	0
160	17.474	-5e-06	5e-06	5	-16.743	0
160	17.474	-5e-06	5e-06	17	4.0415	0
160	17.474	-5e-06	5e-06	-5	-16.743	0
160	17.474	-5e-06	5e-06	12	12.702	0
161	17.502	-5e-06	5e-06	-8.5	15.3	0
161	17.502	-5e-06	5e-06	9	-15.011	0
161	17.502	-5e-06	5e-06	17.5	-0.28868	0
161	17.502	-5e-06	5e-06	-17.5	-0.28868	0
161	17.502	-5e-06	5e-06	8.5	15.3	0
161	17.502	-5e-06	5e-06	-9	-15.011	0
162	17.559	2e-06	2e-06	-10	14.434	0
162	17.559	2e-06	2e-06	7.5	-15.877	0
162	17.559	2e-06	2e-06	-17.5	1.4434	0
162	17.559	2e-06	2e-06	17.5	1.4434	0
162	17.559	2e-06	2e-06	10	14.434	0
162	17.559	2e-06	2e-06	-7.5	-15.877	0
163	17.616	-5e-06	5e-06	-15	9.2376	0
163	17.616	-5e-06	5e-06	-15.5	8.3716	0
163	17.616	-5e-06	5e-06	0.5	-17.609	0
163	17.616	-5e-06	5e-06	-0.5	-17.609	0
163	17.616	-5e-06	5e-06	15.5	8.3716	0
163	17.616	-5e-06	5e-06	15	9.2376	0
163	17.616	3e-06	3e-06	10.5	-14.145	0
163	17.616	3e-06	3e-06	-7	16.166	0
163	17.616	3e-06	3e-06	17.5	-2.0207	0
163	17.616	3e-06	3e-06	-17.5	-2.0207	0
163	17.616	3e-06	3e-06	7	16.166	0
163	17.616	3e-06	3e-06	-10.5	-14.145	0
163	17.616	2e-06	2e-06	12.5	-12.413	0
163	17.616	2e-06	2e-06	17	-4.6188	0
163	17.616	2e-06	2e-06	-4.5	17.032	0
163	17.616	2e-06	2e-06	4.5	17.032	0
163	17.616	2e-06	2e-06	-17	-4.6188	0
163	17.616	2e-06	2e-06	-12.5	-12.413	0
164	17.673	-7e-06	7e-06	-14.5	10.104	0
164	17.673	-7e-06	7e-06	-16	7.5056	0
164	17.673	-7e-06	7e-06	1.5	-17.609	0
164	17.673	-7e-06	7e-06	-1.5	-17.609	0
164	17.673	-7e-06	7e-06	16	7.5056	0
164	17.673	-7e-06	7e-06	14.5	10.104	0
165	17.786	-8e-06	8e-06	-14	10.97	0
165	17.786	-8e-06	8e-06	-16.5	6.6395	0
165	17.786	-8e-06	8e-06	2.5	-17.609	0
165	17.786	-8e-06	8e-06	-2.5	-17.609	0
165	17.786	-8e-06	8e-06	16.5	6.6395	0
165	17.786	-8e-06	8e-06	14	10.97	0
165	17.786	-2e-06	2e-06	-11.5	13.568	0
165	17.786	-2e-06	2e-06	6	-16.743	0
165	17.786	-2e-06	2e-06	-17.5	3.1754	0
165	17.786	-2e-06	2e-06	17.5	3.1754	0
165	17.786	-2e-06	2e-06	-6	-16.743	0
165	17.786	-2e-06	2e-06	11.5	13.568	0
166	17.898	3e-06	3e-06	12	-13.279	0
166	17.898	3e-06	3e-06	-5.5	17.032	0
166	17.898	3e-06	3e-06	17.5	-3.7528	0
166	17.898	3e-06	3e-06	-17.5	-3.7528	0
166	17.898	3e-06	3e-06	5.5	17.032	0
166	17.898	3e-06	3e-06	-12	-13.279	0
166	17.898	2e-06	2e-06	15.5	-8.9489	0
166	17.898	2e-06	2e-06	6.1706e-08	17.898	0
166	17.898	2e-06	2e-06	-15.5	-8.9489	0
167	17.926	2e-06	2e-06	15	-9.815	0
167	17.926	2e-06	2e-06	16	-8.0829	0
167	17.926	2e-06	2e-06	-1	17.898	0
167	17.926	2e-06	2e-06	1	17.898	0
167	17.926	2e-06	2e-06	-16	-8.0829	0
167	17.926	2e-06	2e-06	-15	-9.815	0
168	17.954	2e-06	2e-06	-13.5	11.836	0
168	17.954	2e-06	2e-06	-17	5.7735	0
168	17.954	2e-06	2e-06	3.5	-17.609	0
168	17.954	2e-06	2e-06	17	5.7735	0
168	17.954	2e-06	2e-06	-3.5	-17.609	0
168	17.954	2e-06	2e-06	13.5	11.836	0
169	18.009	5e-06	5e-06	-9.5	15.3	0
169	18.009	5e-06	5e-06	8.5	-15.877	0
169	18.009	5e-06	5e-06	-18	0.57735	0
169	18.009	5e-06	5e-06	18	0.57735	0
169	18.009	5e-06	5e-06	9.5	15.3	0
169	18.009	5e-06	5e-06	-8.5	-15.877	0
169	18.009	-4e-06	4e-06	14.5	-10.681	0
169	18.009	-4e-06	4e-06	16.5	-7.2169	0
169	18.009	-4e-06	4e-06	-2	17.898	0
169	18.009	-4e-06	4e-06	2	17.898	0
169	18.009	-4e-06	4e-06	-16.5	-7.2169	0
169	18.009	-4e-06	4e-06	-14.5	-10.681	0
170	18.037	-2e-06	2e-06	10	-15.011	0
170	18.037	-2e-06	2e-06	-8	16.166	0
170	18.037	-2e-06	2e-06	18	-1.1547	0
170	18.037	-2e-06	2e-06	-18	-1.1547	0
170	18.037	-2e-06	2e-06	8	16.166	0
170	18.037	-2e-06	2e-06	-10	-15.011	0
171	18.148	-6e-06	6e-06	14	-11.547	0
171	18.148	-6e-06	6e-06	17	-6.3509	0
171	18.148	-6e-06	6e-06	-3	17.898	0
171	18.148	-6e-06	6e-06	3	17.898	0
171	18.148	-6e-06	6e-06	-17	-6.3509	0
171	18.148	-6e-06	6e-06	-14	-11.547	0
171	18.148	0	0	-11	14.434	0
171	18.148	0	0	7	-16.743	0
171	18.148	0	0	-18	2.3094	0
171	18.148	0	0	18	2.3094	0
171	18.148	0	0	-7	-16.743	0
171	18.148	0	0	11	14.434	0
172	18.175	4e-06	4e-06	-13	12.702	0
172	18.175	4e-06	4e-06	-17.5	4.9075	0
172	18.175	4e-06	4e-06	4.5	-17.609	0
172	18.175	4e-06	4e-06	17.5	4.9075	0
172	18.175	4e-06	4e-06	-4.5	-17.609	0
172	18.175	4e-06	4e-06	13	12.702	0
173	18.23	4e-06	4e-06	11.5	-14.145	0
173	18.23	4e-06	4e-06	-6.5	17.032	0
173	18.23	4e-06	4e-06	18	-2.8868	0
173	18.23	4e-06	4e-06	-18	-2.8868	0
173	18.23	4e-06	4e-06	6.5	17.032	0
173	18.23	4e-06	4e-06	-11.5	-14.145	0
174	18.339	-1e-06	1e-06	13.5	-12.413	0
174	18.339	-1e-06	1e-06	17.5	-5.4848	0
174	18.339	-1e-06	1e-06	-4	17.898	0
174	18.339	-1e-06	1e-06	4	17.898	0
174	18.339	-1e-06	1e-06	-17.5	-5.4848	0
174	18.339	-1e-06	1e-06	-13.5	-12.413	0
175	18.448	-2e-06	2e-06	-12.5	13.568	0
175	18.448	-2e-06	2e-06	5.5	-17.609	0
175	18.448	-2e-06	2e-06	-18	4.0415	0
175	18.448	-2e-06	2e-06	18	4.0415	0
175	18.448	-2e-06	2e-06	-5.5	-17.609	0
175	18.448	-2e-06	2e-06	12.5	13.568	0
176	18.475	1.1e-05	1.1e-05	-16	9.2376	0
176	18.475	1.1e-05	1.1e-05	-6.7877e-08	-18.475	0
176	18.475	1.1e-05	1.1e-05	16	9.2376	0
177	18.502	5e-06	5e-06	-15.5	10.104	0
177	18.502	5e-06	5e-06	-16.5	8.3716	0
177	18.502	5e-06	5e-06	1	-18.475	0
177	18.502	5e-06	5e-06	-1	-18.475	0
177	18.502	5e-06	5e-06	16.5	8.3716	0
177	18.502	5e-06	5e-06	15.5	10.104	0
177	18.502	1e-06	1e-06	-9	16.166	0
177	18.502	1e-06	1e-06	9.5	-15.877	0
177	18.502	1e-06	1e-06	18.5	-0.28868	0
177	18.502	1e-06	1e-06	-18.5	-0.28868	0
177	18.502	1e-06	1e-06	9	16.166	0
177	18.502	1e-06	1e-06	-9.5	-15.877	0
178	18.556	6e-06	6e-06	-10.5	15.3	0
178	18.556	6e-06	6e-06	8	-16.743	0
178	18.556	6e-06	6e-06	-18.5	1.4434	0
178	18.556	6e-06	6e-06	18.5	1.4434	0
178	18.556	6e-06	6e-06	10.5	15.3	0
178	18.556	6e-06	6e-06	-8	-16.743	0
179	18.583	3e-06	3e-06	-15	10.97	0
179	18.583	3e-06	3e-06	-17	7.5056	0
179	18.583	3e-06	3e-06	2	-18.475	0
179	18.583	3e-06	3e-06	-2	-18.475	0
179	18.583	3e-06	3e-06	17	7.5056	0
179	18.583	3e-06	3e-06	15	10.97	0
179	18.583	0	0	13	-13.279	0
179	18.583	0	0	18	-4.6188	0
179	18.583	0	0	-5	17.898	0
179	18.583	0	0	-18	-4.6188	0
179	18.583	0	0	5	17.898	0
179	18.583	0	0	-13	-13.279	0
180	18.61	4e-06	4e-06	11	-15.011	0
180	18.61	4e-06	4e-06	-7.5	17.032	0
180	18.61	4e-06	4e-06	18.5	-2.0207	0
180	18.61	4e-06	4e-06	-18.5	-2.0207	0
180	18.61	4e-06	4e-06	7.5	17.032	0
180	18.61	4e-06	4e-06	-11	-15.011	0
181	18.717	-5e-06	5e-06	-14.5	11.836	0
181	18.717	-5e-06	5e-06	-17.5	6.6395	0
181	18.717	-5e-06	5e-06	3	-18.475	0
181	18.717	-5e-06	5e-06	-3	-18.475	0
181	18.717	-5e-06	5e-06	17.5	6.6395	0
181	18.717	-5e-06	5e-06	14.5	11.836	0
182	18.771	5e-06	5e-06	16	-9.815	0
182	18.771	5e-06	5e-06	16.5	-8.9489	0
182	18.771	5e-06	5e-06	-0.5	18.764	0
182	18.771	5e-06	5e-06	0.5	18.764	0
182	18.771	5e-06	5e-06	-16.5	-8.9489	0
182	18.771	5e-06	5e-06	-16	-9.815	0
182	18.771	3e-06	3e-06	-12	14.434	0
182	18.771	3e-06	3e-06	6.5	-17.609	0
182	18.771	3e-06	3e-06	-18.5	3.1754	0
182	18.771	3e-06	3e-06	18.5	3.1754	0
182	18.771	3e-06	3e-06	-6.5	-17.609	0
182	18.771	3e-06	3e-06	12	14.434	0
183	18.824	3e-06	3e-06	15.5	-10.681	0
183	18.824	3e-06	3e-06	17	-8.0829	0
183	18.824	3e-06	3e-06	-1.5	18.764	0
183	18.824	3e-06	3e-06	1.5	18.764	0
183	18.824	3e-06	3e-06	-17	-8.0829	0
183	18.824	3e-06	3e-06	-15.5	-10.681	0
184	18.877	2e-06	2e-06	12.5	-14.145	0
184	18.877	2e-06	2e-06	-6	17.898	0
184	18.877	2e-06	2e-06	18.5	-3.7528	0
184	18.877	2e-06	2e-06	-18.5	-3.7528	0
184	18.877	2e-06	2e-06	6	17.898	0
184	18.877	2e-06	2e-06	-12.5	-14.145	0
185	18.903	-5e-06	5e-06	-14	12.702	0
185	18.903	-5e-06	5e-06	-18	5.7735	0
185	18.903	-5e-06	5e-06	4	-18.475	0
185	18.903	-5e-06	5e-06	18	5.7735	0
185	18.903	-5e-06	5e-06	-4	-18.475	0
185	18.903	-5e-06	5e-06	14	12.702	0
186	18.93	-2e-06	2e-06	15	-11.547	0
186	18.93	-2e-06	2e-06	17.5	-7.2169	0
186	18.93	-2e-06	2e-06	-2.5	18.764	0
186	18.93	-2e-06	2e-06	2.5	18.764	0
186	18.93	-2e-06	2e-06	-17.5	-7.2169	0
186	18.93	-2e-06	2e-06	-15	-11.547	0
187	19.009	-4e-06	4e-06	-10	16.166	0
187	19.009	-4e-06	4e-06	9	-16.743	0
187	19.009	-4e-06	4e-06	-19	0.57735	0
187	19.009	-4e-06	4e-06	19	0.57735	0
187	19.009	-4e-06	4e-06	10	16.166	0
187	19.009	-4e-06	4e-06	-9	-16.743	0
188	19.035	-6e-06	6e-06	10.5	-15.877	0
188	19.035	-6e-06	6e-06	-8.5	17.032	0
188	19.035	-6e-06	6e-06	19	-1.1547	0
188	19.035	-6e-06	6e-06	-19	-1.1547	0
188	19.035	-6e-06	6e-06	8.5	17.032	0
188	19.035	-6e-06	6e-06	-10.5	-15.877	0
189	19.088	-5e-06	5e-06	14.5	-12.413	0
189	19.088	-5e-06	5e-06	18	-6.3509	0
189	19.088	-5e-06	5e-06	-3.5	18.764	0
189	19.088	-5e-06	5e-06	3.5	18.764	0
189	19.088	-5e-06	5e-06	-18	-6.3509	0
189	19.088	-5e-06	5e-06	-14.5	-12.413	0
190	19.14	8e-06	8e-06	-11.5	15.3	0
190	19.14	8e-06	8e-06	7.5	-17.609	0
190	19.14	8e-06	8e-06	-19	2.3094	0
190	19.14	8e-06	8e-06	19	2.3094	0
190	19.14	8e-06	8e-06	-7.5	-17.609	0
190	19.14	8e-06	8e-06	11.5	15.3	0
190	19.14	3e-06	3e-06	-13.5	13.568	0
190	19.14	3e-06	3e-06	-18.5	4.9075	0
190	19.14	3e-06	3e-06	5	-18.475	0
190	19.14	3e-06	3e-06	18.5	4.9075	0
190	19.14	3e-06	3e-06	-5	-18.475	0
190	19.14	3e-06	3e-06	13.5	13.568	0
191	19.218	9e-06	9e-06	12	-15.011	0
191	19.218	9e-06	9e-06	-7	17.898	0
191	19.218	9e-06	9e-06	19	-2.8868	0
191	19.218	9e-06	9e-06	-19	-2.8868	0
191	19.218	9e-06	9e-06	7	17.898	0
191	19.218	9e-06	9e-06	-12	-15.011	0
192	19.296	-1e-06	1e-06	14	-13.279	0
192	19.296	-1e-06	1e-06	18.5	-5.4848	0
192	19.296	-1e-06	1e-06	-4.5	18.764	0
192	19.296	-1e-06	1e-06	4.5	18.764	0
192	19.296	-1e-06	1e-06	-18.5	-5.4848	0
192	19.296	-1e-06	1e-06	-14	-13.279	0
193	19.348	3e-06	3e-06	-16.5	10.104	0
193	19.348	3e-06	3e-06	-17	9.2376	0
193	19.348	3e-06	3e-06	0.5	-19.341	0
193	19.348	3e-06	3e-06	-0.5	-19.341	0
193	19.348	3e-06	3e-06	17	9.2376	0
193	19.348	3e-06	3e-06	16.5	10.104	0
194	19.399	2e-06	2e-06	-16	10.97	0
194	19.399	2e-06	2e-06	-17.5	8.3716	0
194	19.399	2e-06	2e-06	1.5	-19.341	0
194	19.399	2e-06	2e-06	-1.5	-19.341	0
194	19.399	2e-06	2e-06	17.5	8.3716	0
194	19.399	2e-06	2e-06	16	10.97	0
195	19.425	3e-06	3e-06	-13	14.434	0
195	19.425	3e-06	3e-06	6	-18.475	0
195	19.425	3e-06	3e-06	-19	4.0415	0
195	19.425	3e-06	3e-06	19	4.0415	0
195	19.425	3e-06	3e-06	-6	-18.475	0
195	19.425	3e-06	3e-06	13	14.434	0
196	19.502	3e-06	3e-06	-9.5	17.032	0
196	19.502	3e-06	3e-06	10	-16.743	0
196	19.502	3e-06	3e-06	19.5	-0.28868	0
196	19.502	3e-06	3e-06	-19.5	-0.28868	0
196	19.502	3e-06	3e-06	9.5	17.032	0
196	19.502	3e-06	3e-06	-10	-16.743	0
196	19.502	-2e-06	2e-06	-15.5	11.836	0
196	19.502	-2e-06	2e-06	-18	7.5056	0
196	19.502	-2e-06	2e-06	2.5	-19.341	0
196	19.502	-2e-06	2e-06	-2.5	-19.341	0
196	19.502	-2e-06	2e-06	18	7.5056	0
196	19.502	-2e-06	2e-06	15.5	11.836	0
197	19.553	-3e-06	3e-06	13.5	-14.145	0
197	19.553	-3e-06	3e-06	19	-4.6188	0
197	19.553	-3e-06	3e-06	-5.5	18.764	0
197	19.553	-3e-06	3e-06	-19	-4.6188	0
197	19.553	-3e-06	3e-06	5.5	18.764	0
197	19.553	-3e-06	3e-06	-13.5	-14.145	0
197	19.553	0	0	-11	16.166	0
197	19.553	0	0	8.5	-17.609	0
197	19.553	0	0	-19.5	1.4434	0
197	19.553	0	0	19.5	1.4434	0
197	19.553	0	0	11	16.166	0
197	19.553	0	0	-8.5	-17.609	0
198	19.604	3e-06	3e-06	11.5	-15.877	0
198	19.604	3e-06	3e-06	-8	17.898	0
198	19.604	3e-06	3e-06	19.5	-2.0207	0
198	19.604	3e-06	3e-06	-19.5	-2.0207	0
198	19.604	3e-06	3e-06	8	17.898	0
198	19.604	3e-06	3e-06	-11.5	-15.877	0
199	19.63	6e-06	6e-06	17	-9.815	0
199	19.63	6e-06	6e-06	6.7877e-08	19.63	0
199	19.63	6e-06	6e-06	-17	-9.815	0
200	19.655	4e-06	4e-06	16.5	-10.681	0
200	19.655	4e-06	4e-06	17.5	-8.9489	0
200	19.655	4e-06	4e-06	-1	19.63	0
200	19.655	4e-06	4e-06	1	19.63	0
200	19.655	4e-06	4e-06	-17.5	-8.9489	0
200	19.655	4e-06	4e-06	-16.5	-10.681	0
200	19.655	-2e-06	2e-06	-15	12.702	0
200	19.655	-2e-06	2e-06	-18.5	6.6395	0
200	19.655	-2e-06	2e-06	3.5	-19.341	0
200	19.655	-2e-06	2e-06	-3.5	-19.341	0
200	19.655	-2e-06	2e-06	18.5	6.6395	0
200	19.655	-2e-06	2e-06	15	12.702	0
201	19.732	-4e-06	4e-06	16	-11.547	0
201	19.732	-4e-06	4e-06	18	-8.0829	0
201	19.732	-4e-06	4e-06	-2	19.63	0
201	19.732	-4e-06	4e-06	2	19.63	0
201	19.732	-4e-06	4e-06	-18	-8.0829	0
201	19.732	-4e-06	4e-06	-16	-11.547	0
202	19.757	-2e-06	2e-06	-12.5	15.3	0
202	19.757	-2e-06	2e-06	7	-18.475	0
202	19.757	-2e-06	2e-06	-19.5	3.1754	0
202	19.757	-2e-06	2e-06	19.5	3.1754	0
202	19.757	-2e-06	2e-06	-7	-18.475	0
202	19.757	-2e-06	2e-06	12.5	15.3	0
203	19.858	-2e-06	2e-06	-14.5	13.568	0
203	19.858	-2e-06	2e-06	-19	5.7735	0
203	19.858	-2e-06	2e-06	4.5	-19.341	0
203	19.858	-2e-06	2e-06	19	5.7735	0
203	19.858	-2e-06	2e-06	-4.5	-19.341	0
203	19.858	-2e-06	2e-06	14.5	13.568	0
203	19.858	0	0	15.5	-12.413	0
203	19.858	0	0	13	-15.011	0
203	19.858	0	0	18.5	-7.2169	0
203	19.858	0	0	-6.5	18.764	0
203	19.858	0	0	19.5	-3.7528	0
203	19.858	0	0	-3	19.63	0
203	19.858	0	0	3	19.63	0
203	19.858	0	0	-19.5	-3.7528	0
203	19.858	0	0	6.5	18.764	0
203	19.858	0	0	-18.5	-7.2169	0
203	19.858	0	0	-15.5	-12.413	0
203	19.858	0	0	-13	-15.011	0
204	20.008	-8e-06	8e-06	-10.5	17.032	0
204	20.008	-8e-06	8e-06	9.5	-17.609	0
204	20.008	-8e-06	8e-06	-20	0.57735	0
204	20.008	-8e-06	8e-06	20	0.57735	0
204	20.008	-8e-06	8e-06	10.5	17.032	0
204	20.008	-8e-06	8e-06	-9.5	-17.609	0
205	20.033	-6e-06	6e-06	11	-16.743	0
205	20.033	-6e-06	6e-06	-9	17.898	0
205	20.033	-6e-06	6e-06	20	-1.1547	0
205	20.033	-6e-06	6e-06	-20	-1.1547	0
205	20.033	-6e-06	6e-06	9	17.898	0
205	20.033	-6e-06	6e-06	-11	-16.743	0
205	20.033	-5e-06	5e-06	15	-13.279	0
205	20.033	-5e-06	5e-06	19	-6.3509	0
205	20.033	-5e-06	5e-06	-4	19.63	0
205	20.033	-5e-06	5e-06	4	19.63	0
205	20.033	-5e-06	5e-06	-19	-6.3509	0
205	20.033	-5e-06	5e-06	-15	-13.279	0
206	20.108	-2e-06	2e-06	-14	14.434	0
206	20.108	-2e-06	2e-06	-19.5	4.9075	0
206	20.108	-2e-06	2e-06	5.5	-19.341	0
206	20.108	-2e-06	2e-06	19.5	4.9075	0
206	20.108	-2e-06	2e-06	-5.5	-19.341	0
206	20.108	-2e-06	2e-06	14	14.434	0
207	20.133	0	0	-12	16.166	0
207	20.133	0	0	8	-18.475	0
207	20.133	0	0	-20	2.3094	0
207	20.133	0	0	20	2.3094	0
207	20.133	0	0	-8	-18.475	0
207	20.133	0	0	12	16.166	0
208	20.207	-5e-06	5e-06	12.5	-15.877	0
208	20.207	-5e-06	5e-06	-7.5	18.764	0
208	20.207	-5e-06	5e-06	20	-2.8868	0
208	20.207	-5e-06	5e-06	-20	-2.8868	0
208	20.207	-5e-06	5e-06	7.5	18.764	0
208	20.207	-5e-06	5e-06	-12.5	-15.877	0
208	20.207	4e-06	4e-06	-17.5	10.104	0
208	20.207	4e-06	4e-06	-7.4047e-08	-20.207	0
208	20.207	4e-06	4e-06	17.5	10.104	0
209	20.232	7e-06	7e-06	-17	10.97	0
209	20.232	7e-06	7e-06	-18	9.2376	0
209	20.232	7e-06	7e-06	1	-20.207	0
209	20.232	7e-06	7e-06	-1	-20.207	0
209	20.232	7e-06	7e-06	18	9.2376	0
209	20.232	7e-06	7e-06	17	10.97	0
210	20.257	-4e-06	4e-06	14.5	-14.145	0
210	20.257	-4e-06	4e-06	19.5	-5.4848	0
210	20.257	-4e-06	4e-06	-5	19.63	0
210	20.257	-4e-06	4e-06	5	19.63	0
210	20.257	-4e-06	4e-06	-19.5	-5.4848	0
210	20.257	-4e-06	4e-06	-14.5	-14.145	0
211	20.306	-3e-06	3e-06	-16.5	11.836	0
211	20.306	-3e-06	3e-06	-18.5	8.3716	0
211	20.306	-3e-06	3e-06	2	-20.207	0
211	20.306	-3e-06	3e-06	-2	-20.207	0
211	20.306	-3e-06	3e-06	18.5	8.3716	0
211	20.306	-3e-06	3e-06	16.5	11.836	0
212	20.404	-3e-06	3e-06	-13.5	15.3	0
212	20.404	-3e-06	3e-06	6.5	-19.341	0
212	20.404	-3e-06	3e-06	-20	4.0415	0
212	20.404	-3e-06	3e-06	20	4.0415	0
212	20.404	-3e-06	3e-06	-6.5	-19.341	0
212	20.404	-3e-06	3e-06	13.5	15.3	0
213	20.429	-2e-06	2e-06	-16	12.702	0
213	20.429	-2e-06	2e-06	-19	7.5056	0
213	20.429	-2e-06	2e-06	3	-20.207	0
213	20.429	-2e-06	2e-06	-3	-20.207	0
213	20.429	-2e-06	2e-06	19	7.5056	0
213	20.429	-2e-06	2e-06	16	12.702	0
214	20.502	2e-06	2e-06	17.5	-10.681	0
214	20.502	2e-06	2e-06	18	-9.815	0
214	20.502	2e-06	2e-06	-0.5	20.496	0
214	20.502	2e-06	2e-06	0.5	20.496	0
214	20.502	2e-06	2e-06	-18	-9.815	0
214	20.502	2e-06	2e-06	-17.5	-10.681	0
214	20.502	0	0	-10	17.898	0
214	20.502	0	0	10.5	-17.609	0
214	20.502	0	0	20.5	-0.28868	0
214	20.502	0	0	-20.5	-0.28868	0
214	20.502	0	0	10	17.898	0
214	20.502	0	0	-10.5	-17.609	0
215	20.526	-1e-06	1e-06	14	-15.011	0
215	20.526	-1e-06	1e-06	20	-4.6188	0
215	20.526	-1e-06	1e-06	-6	19.63	0
215	20.526	-1e-06	1e-06	-20	-4.6188	0
215	20.526	-1e-06	1e-06	6	19.63	0
215	20.526	-1e-06	1e-06	-14	-15.011	0
216	20.551	3e-06	3e-06	-11.5	17.032	0
216	20.551	3e-06	3e-06	-20.5	1.4434	0
216	20.551	3e-06	3e-06	20.5	1.4434	0
216	20.551	3e-06	3e-06	11.5	17.032	0
216	20.551	3e-06	3e-06	-9	-18.475	0
216	20.551	-2e-06	2e-06	17	-11.547	0
216	20.551	-2e-06	2e-06	18.5	-8.9489	0
216	20.551	-2e-06	2e-06	-1.5	20.496	0
216	20.551	-2e-06	2e-06	1.5	20.496	0
216	20.551	-2e-06	2e-06	-18.5	-8.9489	0
216	20.551	-2e-06	2e-06	-17	-11.547	0
217	20.599	-8e-06	8e-06	-15.5	13.568	0
217	20.599	-8e-06	8e-06	-19.5	6.6395	0
217	20.599	-8e-06	8e-06	4	-20.207	0
217	20.599	-8e-06	8e-06	19.5	6.6395	0
217	20.599	-8e-06	8e-06	-4	-20.207	0
217	20.599	-8e-06	8e-06	15.5	13.568	0
217	20.599	0	0	12	-16.743	0
217	20.599	0	0	-8.5	18.764	0
217	20.599	0	0	20.5	-2.0207	0
217	20.599	0	0	-20.5	-2.0207	0
217	20.599	0	0	8.5	18.764	0
218	20.648	4e-06	4e-06	16.5	-12.413	0
218	20.648	4e-06	4e-06	19	-8.0829	0
218	20.648	4e-06	4e-06	-2.5	20.496	0
218	20.648	4e-06	4e-06	2.5	20.496	0
218	20.648	4e-06	4e-06	-19	-8.0829	0
218	20.648	4e-06	4e-06	-16.5	-12.413	0
219	20.744	2e-06	2e-06	-13	16.166	0
219	20.744	2e-06	2e-06	-20.5	3.1754	0
219	20.744	2e-06	2e-06	20.5	3.1754	0
219	20.744	2e-06	2e-06	-7.5	-19.341	0
219	20.744	2e-06	2e-06	13	16.166	0
220	20.793	7e-06	7e-06	16	-13.279	0
220	20.793	7e-06	7e-06	19.5	-7.2169	0
220	20.793	7e-06	7e-06	-3.5	20.496	0
220	20.793	7e-06	7e-06	3.5	20.496	0
220	20.793	7e-06	7e-06	-19.5	-7.2169	0
220	20.793	7e-06	7e-06	-16	-13.279	0
221	20.817	0	0	-15	14.434	0
221	20.817	0	0	-20	5.7735	0
221	20.817	0	0	5	-20.207	0
221	20.817	0	0	20	5.7735	0
221	20.817	0	0	-5	-20.207	0
221	20.817	0	0	15	14.434	0
222	20.841	-2e-06	2e-06	13.5	-15.877	0
222	20.841	-2e-06	2e-06	-7	19.63	0
222	20.841	-2e-06	2e-06	20.5	-3.7528	0
222	20.841	-2e-06	2e-06	-20.5	-3.7528	0
222	20.841	-2e-06	2e-06	7	19.63	0
223	20.984	-7e-06	7e-06	15.5	-14.145	0
223	20.984	-7e-06	7e-06	20	-6.3509	0
223	20.984	-7e-06	7e-06	-4.5	20.496	0
223	20.984	-7e-06	7e-06	4.5	20.496	0
223	20.984	-7e-06	7e-06	-20	-6.3509	0
223	20.984	-7e-06	7e-06	-15.5	-14.145	0
224	21.008	-3e-06	3e-06	-11	17.898	0
224	21.008	-3e-06	3e-06	-21	0.57735	0
224	21.008	-3e-06	3e-06	21	0.57735	0
224	21.008	-3e-06	3e-06	11	17.898	0
225	21.032	0	0	-9.5	18.764	0
225	21.032	0	0	21	-1.1547	0
225	21.032	0	0	9.5	18.764	0
226	21.079	-1e-06	1e-06	-14.5	15.3	0
226	21.079	-1e-06	1e-06	-20.5	4.9075	0
226	21.079	-1e-06	1e-06	20.5	4.9075	0
226	21.079	-1e-06	1e-06	-6	-20.207	0
226	21.079	-1e-06	1e-06	14.5	15.3	0
226	21.079	0	0	-18	10.97	0
226	21.079	0	0	-18.5	10.104	0
226	21.079	0	0	0.5	-21.073	0
226	21.079	0	0	-0.5	-21.073	0
226	21.079	0	0	18.5	10.104	0
226	21.079	0	0	18	10.97	0
227	21.127	4e-06	4e-06	-17.5	11.836	0
227	21.127	4e-06	4e-06	-19	9.2376	0
227	21.127	4e-06	4e-06	1.5	-21.073	0
227	21.127	4e-06	4e-06	-1.5	-21.073	0
227	21.127	4e-06	4e-06	19	9.2376	0
227	21.127	4e-06	4e-06	17.5	11.836	0
227	21.127	1e-06	1e-06	-12.5	17.032	0
227	21.127	1e-06	1e-06	-21	2.3094	0
227	21.127	1e-06	1e-06	12.5	17.032	0
228	21.197	7e-06	7e-06	-8	19.63	0
228	21.197	7e-06	7e-06	21	-2.8868	0
228	21.197	7e-06	7e-06	8	19.63	0
229	21.221	5e-06	5e-06	-17	12.702	0
229	21.221	5e-06	5e-06	-19.5	8.3716	0
229	21.221	5e-06	5e-06	2.5	-21.073	0
229	21.221	5e-06	5e-06	-2.5	-21.073	0
229	21.221	5e-06	5e-06	19.5	8.3716	0
229	21.221	5e-06	5e-06	17	12.702	0
229	21.221	0	0	15	-15.011	0
229	21.221	0	0	20.5	-5.4848	0
229	21.221	0	0	-5.5	20.496	0
229	21.221	0	0	5.5	20.496	0
229	21.221	0	0	-20.5	-5.4848	0
230	21.362	-5e-06	5e-06	-16.5	13.568	0
230	21.362	-5e-06	5e-06	18.5	-10.681	0
230	21.362	-5e-06	5e-06	-20	7.5056	0
230	21.362	-5e-06	5e-06	3.5	-21.073	0
230	21.362	-5e-06	5e-06	7.4047e-08	21.362	0
230	21.362	-5e-06	5e-06	-3.5	-21.073	0
230	21.362	-5e-06	5e-06	20	7.5056	0
230	21.362	-5e-06	5e-06	16.5	13.568	0
230	21.362	-5e-06	5e-06	-18.5	-10.681	0
231	21.385	-2e-06	2e-06	-14	16.166	0
231	21.385	-2e-06	2e-06	-21	4.0415	0
231	21.385	-2e-06	2e-06	14	16.166	0
231	21.385	0	0	18	-11.547	0
231	21.385	0	0	19	-9.815	0
231	21.385	0	0	-1	21.362	0
231	21.385	0	0	1	21.362	0
231	21.385	0	0	-19	-9.815	0
231	21.385	0	0	-18	-11.547	0
232	21.455	6e-06	6e-06	17.5	-12.413	0
232	21.455	6e-06	6e-06	19.5	-8.9489	0
232	21.455	6e-06	6e-06	-2	21.362	0
232	21.455	6e-06	6e-06	2	21.362	0
232	21.455	6e-06	6e-06	-19.5	-8.9489	0
232	21.455	6e-06	6e-06	-17.5	-12.413	0
233	21.502	8e-06	8e-06	-6.5	20.496	0
233	21.502	8e-06	8e-06	21	-4.6188	0
233	21.502	8e-06	8e-06	6.5	20.496	0
233	21.502	0	0	-10.5	18.764	0
233	21.502	0	0	10.5	18.764	0
234	21.548	5e-06	5e-06	-16	14.434	0
234	21.548	5e-06	5e-06	-20.5	6.6395	0
234	21.548	5e-06	5e-06	20.5	6.6395	0
234	21.548	5e-06	5e-06	-4.5	-21.073	0
234	21.548	5e-06	5e-06	16	14.434	0
234	21.548	3e-06	3e-06	-12	17.898	0
235	21.572	1e-06	1e-06	17	-13.279	0
235	21.572	1e-06	1e-06	20	-8.0829	0
235	21.572	1e-06	1e-06	-3	21.362	0
235	21.572	1e-06	1e-06	3	21.362	0
235	21.572	1e-06	1e-06	-20	-8.0829	0
235	21.572	1e-06	1e-06	-17	-13.279	0
236	21.595	0	0	9	19.63	0
237	21.733	-2e-06	2e-06	16.5	-14.145	0
237	21.733	2e-06	2e-06	-13.5	17.032	0
237	21.733	-2e-06	2e-06	20.5	-7.2169	0
237	21.733	-2e-06	2e-06	-4	21.362	0
237	21.733	-2e-06	2e-06	4	21.362	0
237	21.733	-2e-06	2e-06	-20.5	-7.2169	0
238	21.779	7e-06	7e-06	-15.5	15.3	0
238	21.779	7e-06	7e-06	-21	5.7735	0
238	21.779	7e-06	7e-06	15.5	15.3	0
239	21.825	-2e-06	2e-06	7.5	20.496	0
240	21.939	-6e-06	6e-06	-19	10.97	0
240	21.939	-6e-06	6e-06	-8.0218e-08	-21.939	0
240	21.939	-6e-06	6e-06	19	10.97	0
240	21.939	5e-06	5e-06	21	-6.3509	0
240	21.939	5e-06	5e-06	-5	21.362	0
240	21.939	5e-06	5e-06	5	21.362	0
241	21.962	-5e-06	5e-06	-18.5	11.836	0
241	21.962	-5e-06	5e-06	-19.5	10.104	0
241	21.962	-5e-06	5e-06	1	-21.939	0
241	21.962	-5e-06	5e-06	-1	-21.939	0
241	21.962	-5e-06	5e-06	19.5	10.104	0
241	21.962	-5e-06	5e-06	18.5	11.836	0
242	22.03	-2e-06	2e-06	-18	12.702	0
242	22.03	-2e-06	2e-06	-20	9.2376	0
242	22.03	-2e-06	2e-06	2	-21.939	0
242	22.03	-2e-06	2e-06	-2	-21.939	0
242	22.03	-2e-06	2e-06	20	9.2376	0
242	22.03	-2e-06	2e-06	18	12.702	0
243	22.053	-1e-06	1e-06	-15	16.166	0
244	22.143	5e-06	5e-06	-17.5	13.568	0
244	22.143	5e-06	5e-06	-20.5	8.3716	0
244	22.143	5e-06	5e-06	-3	-21.939	0
244	22.143	5e-06	5e-06	20.5	8.3716	0
244	22.143	5e-06	5e-06	17.5	13.568	0
245	22.189	0	0	6	21.362	0
246	22.234	-8e-06	8e-06	19	-11.547	0
246	22.234	-8e-06	8e-06	19.5	-10.681	0
246	22.234	-8e-06	8e-06	-0.5	22.228	0
246	22.234	-8e-06	8e-06	0.5	22.228	0
246	22.234	-8e-06	8e-06	-19.5	-10.681	0
246	22.234	-8e-06	8e-06	-19	-11.547	0
247	22.279	-6e-06	6e-06	18.5	-12.413	0
247	22.279	-6e-06	6e-06	20	-9.815	0
247	22.279	-6e-06	6e-06	-1.5	22.228	0
247	22.279	-6e-06	6e-06	1.5	22.228	0
247	22.279	-6e-06	6e-06	-20	-9.815	0
247	22.279	-6e-06	6e-06	-18.5	-12.413	0
248	22.301	5e-06	5e-06	-17	14.434	0
248	22.301	5e-06	5e-06	-21	7.5056	0
248	22.301	5e-06	5e-06	17	14.434	0
249	22.368	0	0	18	-13.279	0
249	22.368	0	0	20.5	-8.9489	0
249	22.368	0	0	-2.5	22.228	0
249	22.368	0	0	2.5	22.228	0
249	22.368	0	0	-20.5	-8.9489	0
250	22.502	1.4e-05	1.4e-05	21	-8.0829	0
250	22.502	1.4e-05	1.4e-05	-3.5	22.228	0
250	22.502	1.4e-05	1.4e-05	3.5	22.228	0
250	22.502	5e-06	5e-06	-16.5	15.3	0
251	22.679	-2e-06	2e-06	4.5	22.228	0
252	22.811	-1e-06	1e-06	-19.5	11.836	0
252	22.811	-1e-06	1e-06	-20	10.97	0
252	22.811	-1e-06	1e-06	0.5	-22.805	0
252	22.811	-1e-06	1e-06	-0.5	-22.805	0
252	22.811	-1e-06	1e-06	20	10.97	0
252	22.811	-1e-06	1e-06	19.5	11.836	0
253	22.855	-5e-06	5e-06	-19	12.702	0
253	22.855	-5e-06	5e-06	-20.5	10.104	0
253	22.855	-5e-06	5e-06	-1.5	-22.805	0
253	22.855	-5e-06	5e-06	20.5	10.104	0
253	22.855	-5e-06	5e-06	19	12.702	0
254	22.942	-3e-06	3e-06	-18.5	13.568	0
254	22.942	-3e-06	3e-06	-21	9.2376	0
254	22.942	-3e-06	3e-06	18.5	13.568	0
255	23.072	5e-06	5e-06	-18	14.434	0
256	23.094	-2e-06	2e-06	20	-11.547	0
256	23.094	-2e-06	2e-06	8.0218e-08	23.094	0
256	23.094	-2e-06	2e-06	-20	-11.547	0
257	23.116	-1e-06	1e-06	19.5	-12.413	0
257	23.116	-1e-06	1e-06	20.5	-10.681	0
257	23.116	-1e-06	1e-06	-1	23.094	0
257	23.116	-1e-06	1e-06	1	23.094	0
257	23.116	-1e-06	1e-06	-20.5	-10.681	0
258	23.18	-9e-06	9e-06	21	-9.815	0
258	23.18	-9e-06	9e-06	-2	23.094	0
258	23.18	-9e-06	9e-06	2	23.094	0
259	23.288	0	0	3	23.094	0
260	23.671	-2e-06	2e-06	-20.5	11.836	0
260	23.671	-2e-06	2e-06	20.5	11.836	0
261	23.692	-1e-06	1e-06	-20	12.702	0
261	23.692	-1e-06	1e-06	-21	10.97	0
261	23.692	-1e-06	1e-06	20	12.702	0
262	23.756	-5e-06	5e-06	-19.5	13.568	0
263	23.965	1e-05	1e-05	21	-11.547	0
263	23.965	1e-05	1e-05	-0.5	23.96	0
263	23.965	1e-05	1e-05	0.5	23.96	0
264	24.007	-1e-06	1e-06	1.5	23.96	0
