  0.00000000E+00 -0.20332363E+02
  0.14630364E-01 -0.20331868E+02
  0.29260727E-01 -0.20330380E+02
  0.43891091E-01 -0.20327892E+02
  0.58521454E-01 -0.20324396E+02
  0.73151818E-01 -0.20319897E+02
  0.87782182E-01 -0.20314403E+02
  0.10241255E+00 -0.20307928E+02
  0.11704291E+00 -0.20300484E+02
  0.13167327E+00 -0.20292070E+02
  0.14630364E+00 -0.20282675E+02
  0.16093400E+00 -0.20272284E+02
  0.17556436E+00 -0.20260885E+02
  0.19019473E+00 -0.20248478E+02
  0.20482509E+00 -0.20235074E+02
  0.21945545E+00 -0.20220693E+02
  0.23408582E+00 -0.20205349E+02
  0.24871618E+00 -0.20189051E+02
  0.26334654E+00 -0.20171798E+02
  0.27797691E+00 -0.20153581E+02
  0.29260727E+00 -0.20134397E+02
  0.30723764E+00 -0.20114243E+02
  0.32186800E+00 -0.20093128E+02
  0.33649836E+00 -0.20071060E+02
  0.35112873E+00 -0.20048047E+02
  0.36575909E+00 -0.20024092E+02
  0.38038945E+00 -0.19999195E+02
  0.39501982E+00 -0.19973358E+02
  0.40965018E+00 -0.19946586E+02
  0.42428054E+00 -0.19918891E+02
  0.43891091E+00 -0.19890285E+02
  0.45354127E+00 -0.19860779E+02
  0.46817163E+00 -0.19830382E+02
  0.48280200E+00 -0.19799095E+02
  0.49743236E+00 -0.19766923E+02
  0.51206273E+00 -0.19733872E+02
  0.52669309E+00 -0.19699949E+02
  0.54132345E+00 -0.19665165E+02
  0.55595382E+00 -0.19629530E+02
  0.57058418E+00 -0.19593051E+02
  0.58521454E+00 -0.19555736E+02
  0.59984491E+00 -0.19517596E+02
  0.61447527E+00 -0.19478649E+02
  0.62910563E+00 -0.19438914E+02
  0.64373600E+00 -0.19398415E+02
  0.65836636E+00 -0.19357167E+02
  0.67299673E+00 -0.19315181E+02
  0.68762709E+00 -0.19272462E+02
  0.70225745E+00 -0.19229016E+02
  0.71688782E+00 -0.19184855E+02
  0.73151818E+00 -0.19140002E+02
  0.74614854E+00 -0.19094484E+02
  0.76077891E+00 -0.19048329E+02
  0.77540927E+00 -0.19001563E+02
  0.79003963E+00 -0.18954207E+02
  0.80467000E+00 -0.18906282E+02
  0.81930036E+00 -0.18857815E+02
  0.83393072E+00 -0.18808838E+02
  0.84856109E+00 -0.18759387E+02
  0.86319145E+00 -0.18709494E+02
  0.87782182E+00 -0.18659185E+02
  0.89245218E+00 -0.18608484E+02
  0.90708254E+00 -0.18557419E+02
  0.92171291E+00 -0.18506031E+02
  0.93634327E+00 -0.18454374E+02
  0.95097363E+00 -0.18402511E+02
  0.96560400E+00 -0.18350502E+02
  0.98023436E+00 -0.18298394E+02
  0.99486472E+00 -0.18246223E+02
  0.10094951E+01 -0.18194024E+02
  0.10241255E+01 -0.18141841E+02
  0.10387558E+01 -0.18089746E+02
  0.10533862E+01 -0.18037832E+02
  0.10680165E+01 -0.17986204E+02
  0.10826469E+01 -0.17934957E+02
  0.10972773E+01 -0.17884174E+02
  0.11119076E+01 -0.17833919E+02
  0.11265380E+01 -0.17784257E+02
  0.11411684E+01 -0.17735269E+02
  0.11557987E+01 -0.17687061E+02
  0.11704291E+01 -0.17639762E+02
  0.11850595E+01 -0.17593506E+02
  0.11996898E+01 -0.17548422E+02
  0.12143202E+01 -0.17504624E+02
  0.12289505E+01 -0.17462225E+02
  0.12435809E+01 -0.17421344E+02
  0.12582113E+01 -0.17382126E+02
  0.12728416E+01 -0.17344734E+02
  0.12874720E+01 -0.17309340E+02
  0.13021024E+01 -0.17276102E+02
  0.13167327E+01 -0.17245158E+02
  0.13313631E+01 -0.17216625E+02
  0.13459935E+01 -0.17190611E+02
  0.13606238E+01 -0.17167233E+02
  0.13752542E+01 -0.17146624E+02
  0.13898845E+01 -0.17128927E+02
  0.14045149E+01 -0.17114279E+02
  0.14191453E+01 -0.17102794E+02
  0.14337756E+01 -0.17094549E+02
  0.14484060E+01 -0.17089589E+02
  0.14629695E+01 -0.17087934E+02
  0.14775330E+01 -0.17087600E+02
  0.14920966E+01 -0.17086592E+02
  0.15066601E+01 -0.17084898E+02
  0.15212236E+01 -0.17082505E+02
  0.15357871E+01 -0.17079406E+02
  0.15503507E+01 -0.17075607E+02
  0.15649142E+01 -0.17071125E+02
  0.15794777E+01 -0.17065982E+02
  0.15940412E+01 -0.17060197E+02
  0.16086048E+01 -0.17053780E+02
  0.16231683E+01 -0.17046732E+02
  0.16377318E+01 -0.17039050E+02
  0.16522953E+01 -0.17030732E+02
  0.16668589E+01 -0.17021783E+02
  0.16814224E+01 -0.17012219E+02
  0.16959859E+01 -0.17002061E+02
  0.17105494E+01 -0.16991332E+02
  0.17251130E+01 -0.16980051E+02
  0.17396765E+01 -0.16968231E+02
  0.17542400E+01 -0.16955880E+02
  0.17688035E+01 -0.16943009E+02
  0.17833671E+01 -0.16929635E+02
  0.17979306E+01 -0.16915783E+02
  0.18124941E+01 -0.16901487E+02
  0.18270576E+01 -0.16886784E+02
  0.18416212E+01 -0.16871705E+02
  0.18561847E+01 -0.16856278E+02
  0.18707482E+01 -0.16840523E+02
  0.18853117E+01 -0.16824457E+02
  0.18998753E+01 -0.16808103E+02
  0.19144388E+01 -0.16791492E+02
  0.19290023E+01 -0.16774664E+02
  0.19435658E+01 -0.16757667E+02
  0.19581294E+01 -0.16740552E+02
  0.19726929E+01 -0.16723370E+02
  0.19872564E+01 -0.16706165E+02
  0.20018199E+01 -0.16688981E+02
  0.20163835E+01 -0.16671863E+02
  0.20309470E+01 -0.16654858E+02
  0.20455105E+01 -0.16638024E+02
  0.20600740E+01 -0.16621424E+02
  0.20746376E+01 -0.16605122E+02
  0.20892011E+01 -0.16589184E+02
  0.21037646E+01 -0.16573670E+02
  0.21183281E+01 -0.16558637E+02
  0.21328917E+01 -0.16544141E+02
  0.21474552E+01 -0.16530241E+02
  0.21620187E+01 -0.16517009E+02
  0.21765822E+01 -0.16504526E+02
  0.21911458E+01 -0.16492883E+02
  0.22057093E+01 -0.16482175E+02
  0.22202728E+01 -0.16472495E+02
  0.22348363E+01 -0.16463923E+02
  0.22493999E+01 -0.16456534E+02
  0.22639634E+01 -0.16450390E+02
  0.22785269E+01 -0.16445556E+02
  0.22930904E+01 -0.16442097E+02
  0.23077806E+01 -0.16440087E+02
  0.23224708E+01 -0.16442189E+02
  0.23371609E+01 -0.16445979E+02
  0.23518511E+01 -0.16451516E+02
  0.23665412E+01 -0.16458867E+02
  0.23812314E+01 -0.16468098E+02
  0.23959216E+01 -0.16479265E+02
  0.24106117E+01 -0.16492406E+02
  0.24253019E+01 -0.16507534E+02
  0.24399921E+01 -0.16524649E+02
  0.24546822E+01 -0.16543740E+02
  0.24693724E+01 -0.16564805E+02
  0.24840626E+01 -0.16587846E+02
  0.24987527E+01 -0.16612874E+02
  0.25134429E+01 -0.16639887E+02
  0.25281331E+01 -0.16668865E+02
  0.25428232E+01 -0.16699760E+02
  0.25575134E+01 -0.16732499E+02
  0.25722035E+01 -0.16766997E+02
  0.25868937E+01 -0.16803170E+02
  0.26015839E+01 -0.16840951E+02
  0.26162740E+01 -0.16880288E+02
  0.26309642E+01 -0.16921137E+02
  0.26456544E+01 -0.16963452E+02
  0.26603445E+01 -0.17007168E+02
  0.26750347E+01 -0.17052199E+02
  0.26897249E+01 -0.17098444E+02
  0.27044150E+01 -0.17145794E+02
  0.27191052E+01 -0.17194150E+02
  0.27337954E+01 -0.17243428E+02
  0.27484855E+01 -0.17293559E+02
  0.27631757E+01 -0.17344483E+02
  0.27778658E+01 -0.17396140E+02
  0.27925560E+01 -0.17448464E+02
  0.28072462E+01 -0.17501376E+02
  0.28219363E+01 -0.17554796E+02
  0.28366265E+01 -0.17608644E+02
  0.28513167E+01 -0.17662847E+02
  0.28660068E+01 -0.17717342E+02
  0.28806970E+01 -0.17772073E+02
  0.28953872E+01 -0.17826986E+02
  0.29100773E+01 -0.17882026E+02
  0.29247675E+01 -0.17937136E+02
  0.29394576E+01 -0.17992258E+02
  0.29541478E+01 -0.18047339E+02
  0.29688380E+01 -0.18102335E+02
  0.29835281E+01 -0.18157207E+02
  0.29982183E+01 -0.18211920E+02
  0.30129085E+01 -0.18266436E+02
  0.30275986E+01 -0.18320712E+02
  0.30422888E+01 -0.18374700E+02
  0.30569790E+01 -0.18428351E+02
  0.30716691E+01 -0.18481623E+02
  0.30863593E+01 -0.18534481E+02
  0.31010495E+01 -0.18586902E+02
  0.31157396E+01 -0.18638873E+02
  0.31304298E+01 -0.18690379E+02
  0.31451199E+01 -0.18741401E+02
  0.31598101E+01 -0.18791912E+02
  0.31745003E+01 -0.18841878E+02
  0.31891904E+01 -0.18891262E+02
  0.32038806E+01 -0.18940032E+02
  0.32185708E+01 -0.18988162E+02
  0.32332609E+01 -0.19035637E+02
  0.32479511E+01 -0.19082446E+02
  0.32626413E+01 -0.19128579E+02
  0.32773314E+01 -0.19174022E+02
  0.32920216E+01 -0.19218758E+02
  0.33067118E+01 -0.19262766E+02
  0.33214019E+01 -0.19306023E+02
  0.33360921E+01 -0.19348513E+02
  0.33507822E+01 -0.19390223E+02
  0.33654724E+01 -0.19431143E+02
  0.33801626E+01 -0.19471265E+02
  0.33948527E+01 -0.19510580E+02
  0.34095429E+01 -0.19549077E+02
  0.34242331E+01 -0.19586743E+02
  0.34389232E+01 -0.19623563E+02
  0.34536134E+01 -0.19659529E+02
  0.34683036E+01 -0.19694630E+02
  0.34829937E+01 -0.19728862E+02
  0.34976839E+01 -0.19762218E+02
  0.35123740E+01 -0.19794689E+02
  0.35270642E+01 -0.19826265E+02
  0.35417544E+01 -0.19856934E+02
  0.35564445E+01 -0.19886686E+02
  0.35711347E+01 -0.19915513E+02
  0.35858249E+01 -0.19943411E+02
  0.36005150E+01 -0.19970380E+02
  0.36152052E+01 -0.19996421E+02
  0.36298954E+01 -0.20021530E+02
  0.36445855E+01 -0.20045702E+02
  0.36592757E+01 -0.20068927E+02
  0.36739659E+01 -0.20091192E+02
  0.36886560E+01 -0.20112488E+02
  0.37033462E+01 -0.20132808E+02
  0.37180363E+01 -0.20152151E+02
  0.37327265E+01 -0.20170519E+02
  0.37474167E+01 -0.20187915E+02
  0.37621068E+01 -0.20204339E+02
  0.37767970E+01 -0.20219790E+02
  0.37914872E+01 -0.20234261E+02
  0.38061773E+01 -0.20247747E+02
  0.38208675E+01 -0.20260240E+02
  0.38355577E+01 -0.20271739E+02
  0.38502478E+01 -0.20282241E+02
  0.38649380E+01 -0.20291749E+02
  0.38796281E+01 -0.20300263E+02
  0.38943183E+01 -0.20307783E+02
  0.39090085E+01 -0.20314306E+02
  0.39236986E+01 -0.20319827E+02
  0.39383888E+01 -0.20324345E+02
  0.39530790E+01 -0.20327856E+02
  0.39677691E+01 -0.20330361E+02
  0.39824593E+01 -0.20331863E+02
  0.39970897E+01 -0.20332363E+02
  
  0.00000000E+00 -0.20157194E+02
  0.14630364E-01 -0.20156709E+02
  0.29260727E-01 -0.20155249E+02
  0.43891091E-01 -0.20152807E+02
  0.58521454E-01 -0.20149377E+02
  0.73151818E-01 -0.20144962E+02
  0.87782182E-01 -0.20139574E+02
  0.10241255E+00 -0.20133228E+02
  0.11704291E+00 -0.20125935E+02
  0.13167327E+00 -0.20117692E+02
  0.14630364E+00 -0.20108488E+02
  0.16093400E+00 -0.20098307E+02
  0.17556436E+00 -0.20087140E+02
  0.19019473E+00 -0.20074986E+02
  0.20482509E+00 -0.20061858E+02
  0.21945545E+00 -0.20047775E+02
  0.23408582E+00 -0.20032750E+02
  0.24871618E+00 -0.20016788E+02
  0.26334654E+00 -0.19999888E+02
  0.27797691E+00 -0.19982042E+02
  0.29260727E+00 -0.19963246E+02
  0.30723764E+00 -0.19943505E+02
  0.32186800E+00 -0.19922827E+02
  0.33649836E+00 -0.19901221E+02
  0.35112873E+00 -0.19878694E+02
  0.36575909E+00 -0.19855247E+02
  0.38038945E+00 -0.19830880E+02
  0.39501982E+00 -0.19805595E+02
  0.40965018E+00 -0.19779397E+02
  0.42428054E+00 -0.19752295E+02
  0.43891091E+00 -0.19724302E+02
  0.45354127E+00 -0.19695429E+02
  0.46817163E+00 -0.19665686E+02
  0.48280200E+00 -0.19635079E+02
  0.49743236E+00 -0.19603616E+02
  0.51206273E+00 -0.19571304E+02
  0.52669309E+00 -0.19538149E+02
  0.54132345E+00 -0.19504157E+02
  0.55595382E+00 -0.19469331E+02
  0.57058418E+00 -0.19433677E+02
  0.58521454E+00 -0.19397206E+02
  0.59984491E+00 -0.19359936E+02
  0.61447527E+00 -0.19321887E+02
  0.62910563E+00 -0.19283083E+02
  0.64373600E+00 -0.19243543E+02
  0.65836636E+00 -0.19203281E+02
  0.67299673E+00 -0.19162304E+02
  0.68762709E+00 -0.19120618E+02
  0.70225745E+00 -0.19078235E+02
  0.71688782E+00 -0.19035174E+02
  0.73151818E+00 -0.18991455E+02
  0.74614854E+00 -0.18947105E+02
  0.76077891E+00 -0.18902144E+02
  0.77540927E+00 -0.18856593E+02
  0.79003963E+00 -0.18810473E+02
  0.80467000E+00 -0.18763810E+02
  0.81930036E+00 -0.18716636E+02
  0.83393072E+00 -0.18668988E+02
  0.84856109E+00 -0.18620899E+02
  0.86319145E+00 -0.18572399E+02
  0.87782182E+00 -0.18523513E+02
  0.89245218E+00 -0.18474267E+02
  0.90708254E+00 -0.18424694E+02
  0.92171291E+00 -0.18374842E+02
  0.93634327E+00 -0.18324770E+02
  0.95097363E+00 -0.18274540E+02
  0.96560400E+00 -0.18224213E+02
  0.98023436E+00 -0.18173839E+02
  0.99486472E+00 -0.18123463E+02
  0.10094951E+01 -0.18073129E+02
  0.10241255E+01 -0.18022891E+02
  0.10387558E+01 -0.17972812E+02
  0.10533862E+01 -0.17922973E+02
  0.10680165E+01 -0.17873462E+02
  0.10826469E+01 -0.17824368E+02
  0.10972773E+01 -0.17775780E+02
  0.11119076E+01 -0.17727783E+02
  0.11265380E+01 -0.17680459E+02
  0.11411684E+01 -0.17633889E+02
  0.11557987E+01 -0.17588162E+02
  0.11704291E+01 -0.17543375E+02
  0.11850595E+01 -0.17499643E+02
  0.11996898E+01 -0.17457094E+02
  0.12143202E+01 -0.17415871E+02
  0.12289505E+01 -0.17376121E+02
  0.12435809E+01 -0.17337983E+02
  0.12582113E+01 -0.17301588E+02
  0.12728416E+01 -0.17267050E+02
  0.12874720E+01 -0.17234475E+02
  0.13021024E+01 -0.17203971E+02
  0.13167327E+01 -0.17175655E+02
  0.13313631E+01 -0.17149648E+02
  0.13459935E+01 -0.17126076E+02
  0.13606238E+01 -0.17105051E+02
  0.13752542E+01 -0.17086667E+02
  0.13898845E+01 -0.17070997E+02
  0.14045149E+01 -0.17058096E+02
  0.14191453E+01 -0.17048008E+02
  0.14337756E+01 -0.17040771E+02
  0.14484060E+01 -0.17036414E+02
  0.14629695E+01 -0.17034960E+02
  0.14775330E+01 -0.17034619E+02
  0.14920966E+01 -0.17033602E+02
  0.15066601E+01 -0.17031913E+02
  0.15212236E+01 -0.17029563E+02
  0.15357871E+01 -0.17026560E+02
  0.15503507E+01 -0.17022907E+02
  0.15649142E+01 -0.17018608E+02
  0.15794777E+01 -0.17013664E+02
  0.15940412E+01 -0.17008079E+02
  0.16086048E+01 -0.17001858E+02
  0.16231683E+01 -0.16995012E+02
  0.16377318E+01 -0.16987558E+02
  0.16522953E+01 -0.16979507E+02
  0.16668589E+01 -0.16970872E+02
  0.16814224E+01 -0.16961661E+02
  0.16959859E+01 -0.16951878E+02
  0.17105494E+01 -0.16941531E+02
  0.17251130E+01 -0.16930630E+02
  0.17396765E+01 -0.16919194E+02
  0.17542400E+01 -0.16907249E+02
  0.17688035E+01 -0.16894822E+02
  0.17833671E+01 -0.16881945E+02
  0.17979306E+01 -0.16868642E+02
  0.18124941E+01 -0.16854936E+02
  0.18270576E+01 -0.16840843E+02
  0.18416212E+01 -0.16826384E+02
  0.18561847E+01 -0.16811583E+02
  0.18707482E+01 -0.16796475E+02
  0.18853117E+01 -0.16781096E+02
  0.18998753E+01 -0.16765486E+02
  0.19144388E+01 -0.16749684E+02
  0.19290023E+01 -0.16733722E+02
  0.19435658E+01 -0.16717630E+02
  0.19581294E+01 -0.16701442E+02
  0.19726929E+01 -0.16685199E+02
  0.19872564E+01 -0.16668954E+02
  0.20018199E+01 -0.16652770E+02
  0.20163835E+01 -0.16636714E+02
  0.20309470E+01 -0.16620854E+02
  0.20455105E+01 -0.16605247E+02
  0.20600740E+01 -0.16589943E+02
  0.20746376E+01 -0.16574987E+02
  0.20892011E+01 -0.16560425E+02
  0.21037646E+01 -0.16546316E+02
  0.21183281E+01 -0.16532728E+02
  0.21328917E+01 -0.16519742E+02
  0.21474552E+01 -0.16507441E+02
  0.21620187E+01 -0.16495908E+02
  0.21765822E+01 -0.16485219E+02
  0.21911458E+01 -0.16475448E+02
  0.22057093E+01 -0.16466670E+02
  0.22202728E+01 -0.16458967E+02
  0.22348363E+01 -0.16452424E+02
  0.22493999E+01 -0.16447136E+02
  0.22639634E+01 -0.16443188E+02
  0.22785269E+01 -0.16440657E+02
  0.22930904E+01 -0.16439605E+02
  0.23077806E+01 -0.16440086E+02
  0.23224708E+01 -0.16439609E+02
  0.23371609E+01 -0.16440785E+02
  0.23518511E+01 -0.16443679E+02
  0.23665412E+01 -0.16448339E+02
  0.23812314E+01 -0.16454804E+02
  0.23959216E+01 -0.16463107E+02
  0.24106117E+01 -0.16473287E+02
  0.24253019E+01 -0.16485384E+02
  0.24399921E+01 -0.16499437E+02
  0.24546822E+01 -0.16515475E+02
  0.24693724E+01 -0.16533508E+02
  0.24840626E+01 -0.16553526E+02
  0.24987527E+01 -0.16575502E+02
  0.25134429E+01 -0.16599407E+02
  0.25281331E+01 -0.16625214E+02
  0.25428232E+01 -0.16652900E+02
  0.25575134E+01 -0.16682442E+02
  0.25722035E+01 -0.16713806E+02
  0.25868937E+01 -0.16746935E+02
  0.26015839E+01 -0.16781752E+02
  0.26162740E+01 -0.16818165E+02
  0.26309642E+01 -0.16856084E+02
  0.26456544E+01 -0.16895435E+02
  0.26603445E+01 -0.16936161E+02
  0.26750347E+01 -0.16978221E+02
  0.26897249E+01 -0.17021570E+02
  0.27044150E+01 -0.17066146E+02
  0.27191052E+01 -0.17111859E+02
  0.27337954E+01 -0.17158599E+02
  0.27484855E+01 -0.17206251E+02
  0.27631757E+01 -0.17254710E+02
  0.27778658E+01 -0.17303896E+02
  0.27925560E+01 -0.17353755E+02
  0.28072462E+01 -0.17404243E+02
  0.28219363E+01 -0.17455316E+02
  0.28366265E+01 -0.17506910E+02
  0.28513167E+01 -0.17558946E+02
  0.28660068E+01 -0.17611335E+02
  0.28806970E+01 -0.17663990E+02
  0.28953872E+01 -0.17716845E+02
  0.29100773E+01 -0.17769851E+02
  0.29247675E+01 -0.17822973E+02
  0.29394576E+01 -0.17876179E+02
  0.29541478E+01 -0.17929426E+02
  0.29688380E+01 -0.17982657E+02
  0.29835281E+01 -0.18035805E+02
  0.29982183E+01 -0.18088803E+02
  0.30129085E+01 -0.18141601E+02
  0.30275986E+01 -0.18194162E+02
  0.30422888E+01 -0.18246464E+02
  0.30569790E+01 -0.18298489E+02
  0.30716691E+01 -0.18350213E+02
  0.30863593E+01 -0.18401599E+02
  0.31010495E+01 -0.18452603E+02
  0.31157396E+01 -0.18503178E+02
  0.31304298E+01 -0.18553286E+02
  0.31451199E+01 -0.18602903E+02
  0.31598101E+01 -0.18652015E+02
  0.31745003E+01 -0.18700612E+02
  0.31891904E+01 -0.18748681E+02
  0.32038806E+01 -0.18796199E+02
  0.32185708E+01 -0.18843132E+02
  0.32332609E+01 -0.18889444E+02
  0.32479511E+01 -0.18935105E+02
  0.32626413E+01 -0.18980094E+02
  0.32773314E+01 -0.19024402E+02
  0.32920216E+01 -0.19068025E+02
  0.33067118E+01 -0.19110957E+02
  0.33214019E+01 -0.19153187E+02
  0.33360921E+01 -0.19194693E+02
  0.33507822E+01 -0.19235450E+02
  0.33654724E+01 -0.19275433E+02
  0.33801626E+01 -0.19314625E+02
  0.33948527E+01 -0.19353019E+02
  0.34095429E+01 -0.19390613E+02
  0.34242331E+01 -0.19427406E+02
  0.34389232E+01 -0.19463395E+02
  0.34536134E+01 -0.19498568E+02
  0.34683036E+01 -0.19532908E+02
  0.34829937E+01 -0.19566395E+02
  0.34976839E+01 -0.19599015E+02
  0.35123740E+01 -0.19630758E+02
  0.35270642E+01 -0.19661623E+02
  0.35417544E+01 -0.19691608E+02
  0.35564445E+01 -0.19720712E+02
  0.35711347E+01 -0.19748930E+02
  0.35858249E+01 -0.19776252E+02
  0.36005150E+01 -0.19802667E+02
  0.36152052E+01 -0.19828163E+02
  0.36298954E+01 -0.19852736E+02
  0.36445855E+01 -0.19876382E+02
  0.36592757E+01 -0.19899101E+02
  0.36739659E+01 -0.19920890E+02
  0.36886560E+01 -0.19941747E+02
  0.37033462E+01 -0.19961662E+02
  0.37180363E+01 -0.19980628E+02
  0.37327265E+01 -0.19998635E+02
  0.37474167E+01 -0.20015680E+02
  0.37621068E+01 -0.20031761E+02
  0.37767970E+01 -0.20046882E+02
  0.37914872E+01 -0.20061044E+02
  0.38061773E+01 -0.20074247E+02
  0.38208675E+01 -0.20086490E+02
  0.38355577E+01 -0.20097765E+02
  0.38502478E+01 -0.20108065E+02
  0.38649380E+01 -0.20117385E+02
  0.38796281E+01 -0.20125723E+02
  0.38943183E+01 -0.20133079E+02
  0.39090085E+01 -0.20139456E+02
  0.39236986E+01 -0.20144858E+02
  0.39383888E+01 -0.20149286E+02
  0.39530790E+01 -0.20152739E+02
  0.39677691E+01 -0.20155211E+02
  0.39824593E+01 -0.20156698E+02
  0.39970897E+01 -0.20157194E+02
  
  0.00000000E+00 -0.85795409E+01
  0.14630364E-01 -0.85788777E+01
  0.29260727E-01 -0.85768827E+01
  0.43891091E-01 -0.85735403E+01
  0.58521454E-01 -0.85688241E+01
  0.73151818E-01 -0.85627022E+01
  0.87782182E-01 -0.85551484E+01
  0.10241255E+00 -0.85461566E+01
  0.11704291E+00 -0.85357506E+01
  0.13167327E+00 -0.85239818E+01
  0.14630364E+00 -0.85109139E+01
  0.16093400E+00 -0.84965977E+01
  0.17556436E+00 -0.84810495E+01
  0.19019473E+00 -0.84642429E+01
  0.20482509E+00 -0.84461177E+01
  0.21945545E+00 -0.84266033E+01
  0.23408582E+00 -0.84056448E+01
  0.24871618E+00 -0.83832229E+01
  0.26334654E+00 -0.83593590E+01
  0.27797691E+00 -0.83341056E+01
  0.29260727E+00 -0.83075274E+01
  0.30723764E+00 -0.82796793E+01
  0.32186800E+00 -0.82505888E+01
  0.33649836E+00 -0.82202469E+01
  0.35112873E+00 -0.81886125E+01
  0.36575909E+00 -0.81556294E+01
  0.38038945E+00 -0.81212505E+01
  0.39501982E+00 -0.80854637E+01
  0.40965018E+00 -0.80483044E+01
  0.42428054E+00 -0.80098502E+01
  0.43891091E+00 -0.79701956E+01
  0.45354127E+00 -0.79294175E+01
  0.46817163E+00 -0.78875478E+01
  0.48280200E+00 -0.78445671E+01
  0.49743236E+00 -0.78004229E+01
  0.51206273E+00 -0.77550645E+01
  0.52669309E+00 -0.77084747E+01
  0.54132345E+00 -0.76606858E+01
  0.55595382E+00 -0.76117734E+01
  0.57058418E+00 -0.75618447E+01
  0.58521454E+00 -0.75110415E+01
  0.59984491E+00 -0.74595915E+01
  0.61447527E+00 -0.74079561E+01
  0.62910563E+00 -0.73572347E+01
  0.64373600E+00 -0.73105573E+01
  0.65836636E+00 -0.72793020E+01
  0.67299673E+00 -0.72990118E+01
  0.68762709E+00 -0.73788873E+01
  0.70225745E+00 -0.74800912E+01
  0.71688782E+00 -0.75872084E+01
  0.73151818E+00 -0.76964606E+01
  0.74614854E+00 -0.78066788E+01
  0.76077891E+00 -0.79174193E+01
  0.77540927E+00 -0.80284740E+01
  0.79003963E+00 -0.81397018E+01
  0.80467000E+00 -0.82509633E+01
  0.81930036E+00 -0.83621029E+01
  0.83393072E+00 -0.84729523E+01
  0.84856109E+00 -0.85833433E+01
  0.86319145E+00 -0.86931221E+01
  0.87782182E+00 -0.88021647E+01
  0.89245218E+00 -0.89103887E+01
  0.90708254E+00 -0.90177578E+01
  0.92171291E+00 -0.91242717E+01
  0.93634327E+00 -0.92299415E+01
  0.95097363E+00 -0.93347570E+01
  0.96560400E+00 -0.94386586E+01
  0.98023436E+00 -0.95415268E+01
  0.99486472E+00 -0.96431957E+01
  0.10094951E+01 -0.97434855E+01
  0.10241255E+01 -0.98422402E+01
  0.10387558E+01 -0.99393532E+01
  0.10533862E+01 -0.10034771E+02
  0.10680165E+01 -0.10128479E+02
  0.10826469E+01 -0.10220470E+02
  0.10972773E+01 -0.10310714E+02
  0.11119076E+01 -0.10399137E+02
  0.11265380E+01 -0.10485609E+02
  0.11411684E+01 -0.10569937E+02
  0.11557987E+01 -0.10651889E+02
  0.11704291E+01 -0.10731210E+02
  0.11850595E+01 -0.10807667E+02
  0.11996898E+01 -0.10881086E+02
  0.12143202E+01 -0.10951383E+02
  0.12289505E+01 -0.11018558E+02
  0.12435809E+01 -0.11082664E+02
  0.12582113E+01 -0.11143743E+02
  0.12728416E+01 -0.11201767E+02
  0.12874720E+01 -0.11256598E+02
  0.13021024E+01 -0.11307999E+02
  0.13167327E+01 -0.11355672E+02
  0.13313631E+01 -0.11399321E+02
  0.13459935E+01 -0.11438707E+02
  0.13606238E+01 -0.11473675E+02
  0.13752542E+01 -0.11504143E+02
  0.13898845E+01 -0.11530070E+02
  0.14045149E+01 -0.11551420E+02
  0.14191453E+01 -0.11568142E+02
  0.14337756E+01 -0.11580164E+02
  0.14484060E+01 -0.11587414E+02
  0.14629695E+01 -0.11589837E+02
  0.14775330E+01 -0.11589465E+02
  0.14920966E+01 -0.11588340E+02
  0.15066601E+01 -0.11586440E+02
  0.15212236E+01 -0.11583744E+02
  0.15357871E+01 -0.11580239E+02
  0.15503507E+01 -0.11575932E+02
  0.15649142E+01 -0.11570853E+02
  0.15794777E+01 -0.11565041E+02
  0.15940412E+01 -0.11558539E+02
  0.16086048E+01 -0.11551379E+02
  0.16231683E+01 -0.11543581E+02
  0.16377318E+01 -0.11535145E+02
  0.16522953E+01 -0.11526056E+02
  0.16668589E+01 -0.11516286E+02
  0.16814224E+01 -0.11505799E+02
  0.16959859E+01 -0.11494549E+02
  0.17105494E+01 -0.11482496E+02
  0.17251130E+01 -0.11469609E+02
  0.17396765E+01 -0.11455887E+02
  0.17542400E+01 -0.11441367E+02
  0.17688035E+01 -0.11426121E+02
  0.17833671E+01 -0.11410250E+02
  0.17979306E+01 -0.11393850E+02
  0.18124941E+01 -0.11376992E+02
  0.18270576E+01 -0.11359690E+02
  0.18416212E+01 -0.11341904E+02
  0.18561847E+01 -0.11323554E+02
  0.18707482E+01 -0.11304551E+02
  0.18853117E+01 -0.11284836E+02
  0.18998753E+01 -0.11264401E+02
  0.19144388E+01 -0.11243293E+02
  0.19290023E+01 -0.11221594E+02
  0.19435658E+01 -0.11199387E+02
  0.19581294E+01 -0.11176736E+02
  0.19726929E+01 -0.11153668E+02
  0.19872564E+01 -0.11130190E+02
  0.20018199E+01 -0.11106313E+02
  0.20163835E+01 -0.11082078E+02
  0.20309470E+01 -0.11057567E+02
  0.20455105E+01 -0.11032896E+02
  0.20600740E+01 -0.11008186E+02
  0.20746376E+01 -0.10983535E+02
  0.20892011E+01 -0.10959007E+02
  0.21037646E+01 -0.10934638E+02
  0.21183281E+01 -0.10910475E+02
  0.21328917E+01 -0.10886611E+02
  0.21474552E+01 -0.10863224E+02
  0.21620187E+01 -0.10840576E+02
  0.21765822E+01 -0.10818993E+02
  0.21911458E+01 -0.10798815E+02
  0.22057093E+01 -0.10780359E+02
  0.22202728E+01 -0.10763889E+02
  0.22348363E+01 -0.10749611E+02
  0.22493999E+01 -0.10737685E+02
  0.22639634E+01 -0.10728225E+02
  0.22785269E+01 -0.10721290E+02
  0.22930904E+01 -0.10716851E+02
  0.23077806E+01 -0.10714760E+02
  0.23224708E+01 -0.10716450E+02
  0.23371609E+01 -0.10719294E+02
  0.23518511E+01 -0.10722865E+02
  0.23665412E+01 -0.10726737E+02
  0.23812314E+01 -0.10730537E+02
  0.23959216E+01 -0.10733962E+02
  0.24106117E+01 -0.10736748E+02
  0.24253019E+01 -0.10738953E+02
  0.24399921E+01 -0.10740395E+02
  0.24546822E+01 -0.10740002E+02
  0.24693724E+01 -0.10737441E+02
  0.24840626E+01 -0.10732506E+02
  0.24987527E+01 -0.10725115E+02
  0.25134429E+01 -0.10715274E+02
  0.25281331E+01 -0.10703003E+02
  0.25428232E+01 -0.10688282E+02
  0.25575134E+01 -0.10671013E+02
  0.25722035E+01 -0.10651036E+02
  0.25868937E+01 -0.10628180E+02
  0.26015839E+01 -0.10602324E+02
  0.26162740E+01 -0.10573447E+02
  0.26309642E+01 -0.10541638E+02
  0.26456544E+01 -0.10507056E+02
  0.26603445E+01 -0.10469870E+02
  0.26750347E+01 -0.10430203E+02
  0.26897249E+01 -0.10388097E+02
  0.27044150E+01 -0.10343529E+02
  0.27191052E+01 -0.10296450E+02
  0.27337954E+01 -0.10246845E+02
  0.27484855E+01 -0.10194770E+02
  0.27631757E+01 -0.10140360E+02
  0.27778658E+01 -0.10083794E+02
  0.27925560E+01 -0.10025248E+02
  0.28072462E+01 -0.99648403E+01
  0.28219363E+01 -0.99026140E+01
  0.28366265E+01 -0.98385415E+01
  0.28513167E+01 -0.97725616E+01
  0.28660068E+01 -0.97046232E+01
  0.28806970E+01 -0.96347200E+01
  0.28953872E+01 -0.95629057E+01
  0.29100773E+01 -0.94892865E+01
  0.29247675E+01 -0.94139996E+01
  0.29394576E+01 -0.93371898E+01
  0.29541478E+01 -0.92589910E+01
  0.29688380E+01 -0.91795152E+01
  0.29835281E+01 -0.90988466E+01
  0.29982183E+01 -0.90170371E+01
  0.30129085E+01 -0.89341043E+01
  0.30275986E+01 -0.88500350E+01
  0.30422888E+01 -0.87647968E+01
  0.30569790E+01 -0.86783616E+01
  0.30716691E+01 -0.85907330E+01
  0.30863593E+01 -0.85019686E+01
  0.31010495E+01 -0.84121866E+01
  0.31157396E+01 -0.83215492E+01
  0.31304298E+01 -0.82302311E+01
  0.31451199E+01 -0.81383830E+01
  0.31598101E+01 -0.80461069E+01
  0.31745003E+01 -0.79534565E+01
  0.31891904E+01 -0.78604635E+01
  0.32038806E+01 -0.77671809E+01
  0.32185708E+01 -0.76737339E+01
  0.32332609E+01 -0.75803747E+01
  0.32479511E+01 -0.74875740E+01
  0.32626413E+01 -0.73962680E+01
  0.32773314E+01 -0.73087059E+01
  0.32920216E+01 -0.72317955E+01
  0.33067118E+01 -0.71874318E+01
  0.33214019E+01 -0.71976821E+01
  0.33360921E+01 -0.72383853E+01
  0.33507822E+01 -0.72883366E+01
  0.33654724E+01 -0.73410053E+01
  0.33801626E+01 -0.73942927E+01
  0.33948527E+01 -0.74473511E+01
  0.34095429E+01 -0.74997672E+01
  0.34242331E+01 -0.75513212E+01
  0.34389232E+01 -0.76018998E+01
  0.34536134E+01 -0.76514531E+01
  0.34683036E+01 -0.76999592E+01
  0.34829937E+01 -0.77473949E+01
  0.34976839E+01 -0.77937170E+01
  0.35123740E+01 -0.78388597E+01
  0.35270642E+01 -0.78827477E+01
  0.35417544E+01 -0.79253179E+01
  0.35564445E+01 -0.79665376E+01
  0.35711347E+01 -0.80064101E+01
  0.35858249E+01 -0.80449649E+01
  0.36005150E+01 -0.80822359E+01
  0.36152052E+01 -0.81182391E+01
  0.36298954E+01 -0.81529590E+01
  0.36445855E+01 -0.81863516E+01
  0.36592757E+01 -0.82183609E+01
  0.36739659E+01 -0.82489423E+01
  0.36886560E+01 -0.82780812E+01
  0.37033462E+01 -0.83057996E+01
  0.37180363E+01 -0.83321465E+01
  0.37327265E+01 -0.83571784E+01
  0.37474167E+01 -0.83809378E+01
  0.37621068E+01 -0.84034388E+01
  0.37767970E+01 -0.84246665E+01
  0.37914872E+01 -0.84445864E+01
  0.38061773E+01 -0.84631614E+01
  0.38208675E+01 -0.84803662E+01
  0.38355577E+01 -0.84961934E+01
  0.38502478E+01 -0.85106503E+01
  0.38649380E+01 -0.85237489E+01
  0.38796281E+01 -0.85354944E+01
  0.38943183E+01 -0.85458794E+01
  0.39090085E+01 -0.85548855E+01
  0.39236986E+01 -0.85624915E+01
  0.39383888E+01 -0.85686845E+01
  0.39530790E+01 -0.85734662E+01
  0.39677691E+01 -0.85768534E+01
  0.39824593E+01 -0.85788712E+01
  0.39970897E+01 -0.85795409E+01
  
  0.00000000E+00 -0.74128147E+01
  0.14630364E-01 -0.74122542E+01
  0.29260727E-01 -0.74105555E+01
  0.43891091E-01 -0.74076665E+01
  0.58521454E-01 -0.74035029E+01
  0.73151818E-01 -0.73979624E+01
  0.87782182E-01 -0.73909543E+01
  0.10241255E+00 -0.73824348E+01
  0.11704291E+00 -0.73724327E+01
  0.13167327E+00 -0.73610457E+01
  0.14630364E+00 -0.73484036E+01
  0.16093400E+00 -0.73346137E+01
  0.17556436E+00 -0.73197137E+01
  0.19019473E+00 -0.73036603E+01
  0.20482509E+00 -0.72863595E+01
  0.21945545E+00 -0.72677253E+01
  0.23408582E+00 -0.72477334E+01
  0.24871618E+00 -0.72264411E+01
  0.26334654E+00 -0.72039609E+01
  0.27797691E+00 -0.71804022E+01
  0.29260727E+00 -0.71558133E+01
  0.30723764E+00 -0.71301542E+01
  0.32186800E+00 -0.71033149E+01
  0.33649836E+00 -0.70751671E+01
  0.35112873E+00 -0.70456227E+01
  0.36575909E+00 -0.70146687E+01
  0.38038945E+00 -0.69823664E+01
  0.39501982E+00 -0.69488188E+01
  0.40965018E+00 -0.69141294E+01
  0.42428054E+00 -0.68783736E+01
  0.43891091E+00 -0.68415935E+01
  0.45354127E+00 -0.68038162E+01
  0.46817163E+00 -0.67650824E+01
  0.48280200E+00 -0.67254775E+01
  0.49743236E+00 -0.66851688E+01
  0.51206273E+00 -0.66444762E+01
  0.52669309E+00 -0.66040640E+01
  0.54132345E+00 -0.65655735E+01
  0.55595382E+00 -0.65342195E+01
  0.57058418E+00 -0.65301143E+01
  0.58521454E+00 -0.65885452E+01
  0.59984491E+00 -0.66842071E+01
  0.61447527E+00 -0.67880634E+01
  0.62910563E+00 -0.68934935E+01
  0.64373600E+00 -0.69976625E+01
  0.65836636E+00 -0.70967639E+01
  0.67299673E+00 -0.71925135E+01
  0.68762709E+00 -0.72956000E+01
  0.70225745E+00 -0.74031864E+01
  0.71688782E+00 -0.75123862E+01
  0.73151818E+00 -0.76221654E+01
  0.74614854E+00 -0.77320877E+01
  0.76077891E+00 -0.78419654E+01
  0.77540927E+00 -0.79517406E+01
  0.79003963E+00 -0.80614181E+01
  0.80467000E+00 -0.81710163E+01
  0.81930036E+00 -0.82805319E+01
  0.83393072E+00 -0.83899182E+01
  0.84856109E+00 -0.84990738E+01
  0.86319145E+00 -0.86078426E+01
  0.87782182E+00 -0.87160233E+01
  0.89245218E+00 -0.88233953E+01
  0.90708254E+00 -0.89297585E+01
  0.92171291E+00 -0.90349804E+01
  0.93634327E+00 -0.91390285E+01
  0.95097363E+00 -0.92419699E+01
  0.96560400E+00 -0.93439266E+01
  0.98023436E+00 -0.94450008E+01
  0.99486472E+00 -0.95452000E+01
  0.10094951E+01 -0.96443979E+01
  0.10241255E+01 -0.97423541E+01
  0.10387558E+01 -0.98387874E+01
  0.10533862E+01 -0.99334670E+01
  0.10680165E+01 -0.10026275E+02
  0.10826469E+01 -0.10117209E+02
  0.10972773E+01 -0.10206320E+02
  0.11119076E+01 -0.10293623E+02
  0.11265380E+01 -0.10379021E+02
  0.11411684E+01 -0.10462293E+02
  0.11557987E+01 -0.10543140E+02
  0.11704291E+01 -0.10621275E+02
  0.11850595E+01 -0.10696503E+02
  0.11996898E+01 -0.10768751E+02
  0.12143202E+01 -0.10838048E+02
  0.12289505E+01 -0.10904447E+02
  0.12435809E+01 -0.10967960E+02
  0.12582113E+01 -0.11028512E+02
  0.12728416E+01 -0.11085940E+02
  0.12874720E+01 -0.11140023E+02
  0.13021024E+01 -0.11190527E+02
  0.13167327E+01 -0.11237241E+02
  0.13313631E+01 -0.11279990E+02
  0.13459935E+01 -0.11318631E+02
  0.13606238E+01 -0.11353043E+02
  0.13752542E+01 -0.11383119E+02
  0.13898845E+01 -0.11408765E+02
  0.14045149E+01 -0.11429895E+02
  0.14191453E+01 -0.11446432E+02
  0.14337756E+01 -0.11458307E+02
  0.14484060E+01 -0.11465459E+02
  0.14629695E+01 -0.11467848E+02
  0.14775330E+01 -0.11467490E+02
  0.14920966E+01 -0.11466401E+02
  0.15066601E+01 -0.11464544E+02
  0.15212236E+01 -0.11461886E+02
  0.15357871E+01 -0.11458435E+02
  0.15503507E+01 -0.11454244E+02
  0.15649142E+01 -0.11449407E+02
  0.15794777E+01 -0.11444027E+02
  0.15940412E+01 -0.11438173E+02
  0.16086048E+01 -0.11431862E+02
  0.16231683E+01 -0.11425048E+02
  0.16377318E+01 -0.11417648E+02
  0.16522953E+01 -0.11409565E+02
  0.16668589E+01 -0.11400727E+02
  0.16814224E+01 -0.11391091E+02
  0.16959859E+01 -0.11380650E+02
  0.17105494E+01 -0.11369416E+02
  0.17251130E+01 -0.11357410E+02
  0.17396765E+01 -0.11344660E+02
  0.17542400E+01 -0.11331204E+02
  0.17688035E+01 -0.11317103E+02
  0.17833671E+01 -0.11302436E+02
  0.17979306E+01 -0.11287288E+02
  0.18124941E+01 -0.11271728E+02
  0.18270576E+01 -0.11255784E+02
  0.18416212E+01 -0.11239434E+02
  0.18561847E+01 -0.11222617E+02
  0.18707482E+01 -0.11205258E+02
  0.18853117E+01 -0.11187303E+02
  0.18998753E+01 -0.11168741E+02
  0.19144388E+01 -0.11149611E+02
  0.19290023E+01 -0.11129983E+02
  0.19435658E+01 -0.11109928E+02
  0.19581294E+01 -0.11089503E+02
  0.19726929E+01 -0.11068740E+02
  0.19872564E+01 -0.11047662E+02
  0.20018199E+01 -0.11026308E+02
  0.20163835E+01 -0.11004749E+02
  0.20309470E+01 -0.10983099E+02
  0.20455105E+01 -0.10961489E+02
  0.20600740E+01 -0.10940045E+02
  0.20746376E+01 -0.10918857E+02
  0.20892011E+01 -0.10897979E+02
  0.21037646E+01 -0.10877442E+02
  0.21183281E+01 -0.10857291E+02
  0.21328917E+01 -0.10837624E+02
  0.21474552E+01 -0.10818612E+02
  0.21620187E+01 -0.10800499E+02
  0.21765822E+01 -0.10783570E+02
  0.21911458E+01 -0.10768114E+02
  0.22057093E+01 -0.10754381E+02
  0.22202728E+01 -0.10742564E+02
  0.22348363E+01 -0.10732788E+02
  0.22493999E+01 -0.10725117E+02
  0.22639634E+01 -0.10719563E+02
  0.22785269E+01 -0.10716078E+02
  0.22930904E+01 -0.10714545E+02
  0.23077806E+01 -0.10714760E+02
  0.23224708E+01 -0.10714802E+02
  0.23371609E+01 -0.10716607E+02
  0.23518511E+01 -0.10719717E+02
  0.23665412E+01 -0.10723666E+02
  0.23812314E+01 -0.10728004E+02
  0.23959216E+01 -0.10732295E+02
  0.24106117E+01 -0.10736098E+02
  0.24253019E+01 -0.10738627E+02
  0.24399921E+01 -0.10739280E+02
  0.24546822E+01 -0.10738334E+02
  0.24693724E+01 -0.10735399E+02
  0.24840626E+01 -0.10730136E+02
  0.24987527E+01 -0.10722323E+02
  0.25134429E+01 -0.10711878E+02
  0.25281331E+01 -0.10698832E+02
  0.25428232E+01 -0.10683262E+02
  0.25575134E+01 -0.10665209E+02
  0.25722035E+01 -0.10644629E+02
  0.25868937E+01 -0.10621393E+02
  0.26015839E+01 -0.10595333E+02
  0.26162740E+01 -0.10566320E+02
  0.26309642E+01 -0.10534321E+02
  0.26456544E+01 -0.10499424E+02
  0.26603445E+01 -0.10461812E+02
  0.26750347E+01 -0.10421700E+02
  0.26897249E+01 -0.10379267E+02
  0.27044150E+01 -0.10334612E+02
  0.27191052E+01 -0.10287744E+02
  0.27337954E+01 -0.10238613E+02
  0.27484855E+01 -0.10187156E+02
  0.27631757E+01 -0.10133338E+02
  0.27778658E+01 -0.10077180E+02
  0.27925560E+01 -0.10018755E+02
  0.28072462E+01 -0.99581689E+01
  0.28219363E+01 -0.98955367E+01
  0.28366265E+01 -0.98309581E+01
  0.28513167E+01 -0.97645080E+01
  0.28660068E+01 -0.96962369E+01
  0.28806970E+01 -0.96261792E+01
  0.28953872E+01 -0.95543642E+01
  0.29100773E+01 -0.94808277E+01
  0.29247675E+01 -0.94056217E+01
  0.29394576E+01 -0.93288205E+01
  0.29541478E+01 -0.92505195E+01
  0.29688380E+01 -0.91708272E+01
  0.29835281E+01 -0.90898500E+01
  0.29982183E+01 -0.90076734E+01
  0.30129085E+01 -0.89243480E+01
  0.30275986E+01 -0.88398853E+01
  0.30422888E+01 -0.87542694E+01
  0.30569790E+01 -0.86674802E+01
  0.30716691E+01 -0.85795177E+01
  0.30863593E+01 -0.84904200E+01
  0.31010495E+01 -0.84002655E+01
  0.31157396E+01 -0.83091596E+01
  0.31304298E+01 -0.82172139E+01
  0.31451199E+01 -0.81245284E+01
  0.31598101E+01 -0.80311861E+01
  0.31745003E+01 -0.79372600E+01
  0.31891904E+01 -0.78428271E+01
  0.32038806E+01 -0.77479772E+01
  0.32185708E+01 -0.76528102E+01
  0.32332609E+01 -0.75574185E+01
  0.32479511E+01 -0.74618659E+01
  0.32626413E+01 -0.73661742E+01
  0.32773314E+01 -0.72703311E+01
  0.32920216E+01 -0.71743209E+01
  0.33067118E+01 -0.70781705E+01
  0.33214019E+01 -0.69819983E+01
  0.33360921E+01 -0.68860636E+01
  0.33507822E+01 -0.67908416E+01
  0.33654724E+01 -0.66972366E+01
  0.33801626E+01 -0.66073508E+01
  0.33948527E+01 -0.65276478E+01
  0.34095429E+01 -0.64792167E+01
  0.34242331E+01 -0.64829878E+01
  0.34389232E+01 -0.65145491E+01
  0.34536134E+01 -0.65540446E+01
  0.34683036E+01 -0.65956335E+01
  0.34829937E+01 -0.66375119E+01
  0.34976839E+01 -0.66790213E+01
  0.35123740E+01 -0.67198940E+01
  0.35270642E+01 -0.67600019E+01
  0.35417544E+01 -0.67992548E+01
  0.35564445E+01 -0.68375571E+01
  0.35711347E+01 -0.68747987E+01
  0.35858249E+01 -0.69108664E+01
  0.36005150E+01 -0.69456658E+01
  0.36152052E+01 -0.69791437E+01
  0.36298954E+01 -0.70112993E+01
  0.36445855E+01 -0.70421795E+01
  0.36592757E+01 -0.70718564E+01
  0.36739659E+01 -0.71003963E+01
  0.36886560E+01 -0.71278301E+01
  0.37033462E+01 -0.71541374E+01
  0.37180363E+01 -0.71792524E+01
  0.37327265E+01 -0.72030880E+01
  0.37474167E+01 -0.72255709E+01
  0.37621068E+01 -0.72466719E+01
  0.37767970E+01 -0.72664204E+01
  0.37914872E+01 -0.72848949E+01
  0.38061773E+01 -0.73021947E+01
  0.38208675E+01 -0.73184015E+01
  0.38355577E+01 -0.73335471E+01
  0.38502478E+01 -0.73475979E+01
  0.38649380E+01 -0.73604626E+01
  0.38796281E+01 -0.73720188E+01
  0.38943183E+01 -0.73821490E+01
  0.39090085E+01 -0.73907734E+01
  0.39236986E+01 -0.73978698E+01
  0.39383888E+01 -0.74034757E+01
  0.39530790E+01 -0.74076740E+01
  0.39677691E+01 -0.74105692E+01
  0.39824593E+01 -0.74122596E+01
  0.39970897E+01 -0.74128147E+01
  
  0.00000000E+00 -0.38666581E+01
  0.14630364E-01 -0.38694062E+01
  0.29260727E-01 -0.38774326E+01
  0.43891091E-01 -0.38901837E+01
  0.58521454E-01 -0.39070001E+01
  0.73151818E-01 -0.39273626E+01
  0.87782182E-01 -0.39510524E+01
  0.10241255E+00 -0.39781578E+01
  0.11704291E+00 -0.40089442E+01
  0.13167327E+00 -0.40436682E+01
  0.14630364E+00 -0.40824395E+01
  0.16093400E+00 -0.41251971E+01
  0.17556436E+00 -0.41717984E+01
  0.19019473E+00 -0.42221342E+01
  0.20482509E+00 -0.42761798E+01
  0.21945545E+00 -0.43339535E+01
  0.23408582E+00 -0.43954203E+01
  0.24871618E+00 -0.44604114E+01
  0.26334654E+00 -0.45286140E+01
  0.27797691E+00 -0.45996432E+01
  0.29260727E+00 -0.46731601E+01
  0.30723764E+00 -0.47489690E+01
  0.32186800E+00 -0.48270425E+01
  0.33649836E+00 -0.49074647E+01
  0.35112873E+00 -0.49903286E+01
  0.36575909E+00 -0.50756474E+01
  0.38038945E+00 -0.51633224E+01
  0.39501982E+00 -0.52531752E+01
  0.40965018E+00 -0.53450163E+01
  0.42428054E+00 -0.54387059E+01
  0.43891091E+00 -0.55341680E+01
  0.45354127E+00 -0.56313561E+01
  0.46817163E+00 -0.57301970E+01
  0.48280200E+00 -0.58305504E+01
  0.49743236E+00 -0.59322009E+01
  0.51206273E+00 -0.60348752E+01
  0.52669309E+00 -0.61382506E+01
  0.54132345E+00 -0.62418887E+01
  0.55595382E+00 -0.63449076E+01
  0.57058418E+00 -0.64448811E+01
  0.58521454E+00 -0.65399034E+01
  0.59984491E+00 -0.66377741E+01
  0.61447527E+00 -0.67399031E+01
  0.62910563E+00 -0.68437429E+01
  0.64373600E+00 -0.69466430E+01
  0.65836636E+00 -0.70401106E+01
  0.67299673E+00 -0.70863574E+01
  0.68762709E+00 -0.70650411E+01
  0.70225745E+00 -0.70173848E+01
  0.71688782E+00 -0.69612775E+01
  0.73151818E+00 -0.69012353E+01
  0.74614854E+00 -0.68387357E+01
  0.76077891E+00 -0.67744425E+01
  0.77540927E+00 -0.67087407E+01
  0.79003963E+00 -0.66418692E+01
  0.80467000E+00 -0.65739494E+01
  0.81930036E+00 -0.65050035E+01
  0.83393072E+00 -0.64349965E+01
  0.84856109E+00 -0.63638919E+01
  0.86319145E+00 -0.62917001E+01
  0.87782182E+00 -0.62184940E+01
  0.89245218E+00 -0.61443886E+01
  0.90708254E+00 -0.60694987E+01
  0.92171291E+00 -0.60916720E+01
  0.93634327E+00 -0.61269551E+01
  0.95097363E+00 -0.61614972E+01
  0.96560400E+00 -0.61952621E+01
  0.98023436E+00 -0.62282101E+01
  0.99486472E+00 -0.62603301E+01
  0.10094951E+01 -0.62916530E+01
  0.10241255E+01 -0.63222356E+01
  0.10387558E+01 -0.63521232E+01
  0.10533862E+01 -0.63813093E+01
  0.10680165E+01 -0.64097207E+01
  0.10826469E+01 -0.64372351E+01
  0.10972773E+01 -0.64637248E+01
  0.11119076E+01 -0.64891024E+01
  0.11265380E+01 -0.65133480E+01
  0.11411684E+01 -0.65365056E+01
  0.11557987E+01 -0.65586535E+01
  0.11704291E+01 -0.65798659E+01
  0.11850595E+01 -0.66001819E+01
  0.11996898E+01 -0.66195955E+01
  0.12143202E+01 -0.66380654E+01
  0.12289505E+01 -0.66555355E+01
  0.12435809E+01 -0.66719532E+01
  0.12582113E+01 -0.66872807E+01
  0.12728416E+01 -0.67014991E+01
  0.12874720E+01 -0.67146081E+01
  0.13021024E+01 -0.67266262E+01
  0.13167327E+01 -0.67375882E+01
  0.13313631E+01 -0.67475383E+01
  0.13459935E+01 -0.67565166E+01
  0.13606238E+01 -0.67645461E+01
  0.13752542E+01 -0.67716235E+01
  0.13898845E+01 -0.67777210E+01
  0.14045149E+01 -0.67827939E+01
  0.14191453E+01 -0.67867923E+01
  0.14337756E+01 -0.67896736E+01
  0.14484060E+01 -0.67914103E+01
  0.14629695E+01 -0.67919903E+01
  0.14775330E+01 -0.67937046E+01
  0.14920966E+01 -0.67989175E+01
  0.15066601E+01 -0.68078124E+01
  0.15212236E+01 -0.68206195E+01
  0.15357871E+01 -0.68375315E+01
  0.15503507E+01 -0.68586338E+01
  0.15649142E+01 -0.68838729E+01
  0.15794777E+01 -0.69130701E+01
  0.15940412E+01 -0.69459706E+01
  0.16086048E+01 -0.69823063E+01
  0.16231683E+01 -0.70218474E+01
  0.16377318E+01 -0.70644250E+01
  0.16522953E+01 -0.71099235E+01
  0.16668589E+01 -0.71582518E+01
  0.16814224E+01 -0.72093120E+01
  0.16959859E+01 -0.72629791E+01
  0.17105494E+01 -0.73191016E+01
  0.17251130E+01 -0.73775172E+01
  0.17396765E+01 -0.74380740E+01
  0.17542400E+01 -0.75006445E+01
  0.17688035E+01 -0.75651244E+01
  0.17833671E+01 -0.76314173E+01
  0.17979306E+01 -0.76994144E+01
  0.18124941E+01 -0.77689779E+01
  0.18270576E+01 -0.78399362E+01
  0.18416212E+01 -0.79120934E+01
  0.18561847E+01 -0.79852461E+01
  0.18707482E+01 -0.80591998E+01
  0.18853117E+01 -0.81337789E+01
  0.18998753E+01 -0.82088256E+01
  0.19144388E+01 -0.82841923E+01
  0.19290023E+01 -0.83597318E+01
  0.19435658E+01 -0.84352916E+01
  0.19581294E+01 -0.85107143E+01
  0.19726929E+01 -0.85858415E+01
  0.19872564E+01 -0.86605188E+01
  0.20018199E+01 -0.87345955E+01
  0.20163835E+01 -0.88079205E+01
  0.20309470E+01 -0.88803344E+01
  0.20455105E+01 -0.89516610E+01
  0.20600740E+01 -0.90217019E+01
  0.20746376E+01 -0.90902332E+01
  0.20892011E+01 -0.91570044E+01
  0.21037646E+01 -0.92217367E+01
  0.21183281E+01 -0.92841217E+01
  0.21328917E+01 -0.93438228E+01
  0.21474552E+01 -0.94004825E+01
  0.21620187E+01 -0.94537371E+01
  0.21765822E+01 -0.95032359E+01
  0.21911458E+01 -0.95486567E+01
  0.22057093E+01 -0.95897096E+01
  0.22202728E+01 -0.96261234E+01
  0.22348363E+01 -0.96576236E+01
  0.22493999E+01 -0.96839143E+01
  0.22639634E+01 -0.97046860E+01
  0.22785269E+01 -0.97196568E+01
  0.22930904E+01 -0.97286396E+01
  0.23077806E+01 -0.97316077E+01
  0.23224708E+01 -0.97286982E+01
  0.23371609E+01 -0.97202306E+01
  0.23518511E+01 -0.97066422E+01
  0.23665412E+01 -0.96884023E+01
  0.23812314E+01 -0.96659619E+01
  0.23959216E+01 -0.96397289E+01
  0.24106117E+01 -0.96100652E+01
  0.24253019E+01 -0.95772941E+01
  0.24399921E+01 -0.95417088E+01
  0.24546822E+01 -0.95035777E+01
  0.24693724E+01 -0.94631450E+01
  0.24840626E+01 -0.94206285E+01
  0.24987527E+01 -0.93762175E+01
  0.25134429E+01 -0.93300705E+01
  0.25281331E+01 -0.92823167E+01
  0.25428232E+01 -0.92330618E+01
  0.25575134E+01 -0.91823993E+01
  0.25722035E+01 -0.91304237E+01
  0.25868937E+01 -0.90772418E+01
  0.26015839E+01 -0.90229740E+01
  0.26162740E+01 -0.89677425E+01
  0.26309642E+01 -0.89116483E+01
  0.26456544E+01 -0.88547484E+01
  0.26603445E+01 -0.87970445E+01
  0.26750347E+01 -0.87384942E+01
  0.26897249E+01 -0.86790431E+01
  0.27044150E+01 -0.86186660E+01
  0.27191052E+01 -0.85573977E+01
  0.27337954E+01 -0.84953357E+01
  0.27484855E+01 -0.84326109E+01
  0.27631757E+01 -0.83693372E+01
  0.27778658E+01 -0.83055658E+01
  0.27925560E+01 -0.82412676E+01
  0.28072462E+01 -0.81763584E+01
  0.28219363E+01 -0.81107563E+01
  0.28366265E+01 -0.80444433E+01
  0.28513167E+01 -0.79775005E+01
  0.28660068E+01 -0.79100920E+01
  0.28806970E+01 -0.78424036E+01
  0.28953872E+01 -0.77745623E+01
  0.29100773E+01 -0.77065778E+01
  0.29247675E+01 -0.76383384E+01
  0.29394576E+01 -0.75696660E+01
  0.29541478E+01 -0.75004084E+01
  0.29688380E+01 -0.74305214E+01
  0.29835281E+01 -0.73601002E+01
  0.29982183E+01 -0.72893418E+01
  0.30129085E+01 -0.72184573E+01
  0.30275986E+01 -0.71475764E+01
  0.30422888E+01 -0.70766966E+01
  0.30569790E+01 -0.70057036E+01
  0.30716691E+01 -0.69344565E+01
  0.30863593E+01 -0.68628937E+01
  0.31010495E+01 -0.67911092E+01
  0.31157396E+01 -0.67193652E+01
  0.31304298E+01 -0.66480712E+01
  0.31451199E+01 -0.65779264E+01
  0.31598101E+01 -0.65120255E+01
  0.31745003E+01 -0.64964221E+01
  0.31891904E+01 -0.65566365E+01
  0.32038806E+01 -0.66232531E+01
  0.32185708E+01 -0.66896969E+01
  0.32332609E+01 -0.67550074E+01
  0.32479511E+01 -0.68185595E+01
  0.32626413E+01 -0.68793542E+01
  0.32773314E+01 -0.69350779E+01
  0.32920216E+01 -0.69787489E+01
  0.33067118E+01 -0.69884122E+01
  0.33214019E+01 -0.69419834E+01
  0.33360921E+01 -0.68636641E+01
  0.33507822E+01 -0.67747514E+01
  0.33654724E+01 -0.66818939E+01
  0.33801626E+01 -0.65873064E+01
  0.33948527E+01 -0.64919344E+01
  0.34095429E+01 -0.63962740E+01
  0.34242331E+01 -0.63006338E+01
  0.34389232E+01 -0.62052402E+01
  0.34536134E+01 -0.61102855E+01
  0.34683036E+01 -0.60159426E+01
  0.34829937E+01 -0.59223560E+01
  0.34976839E+01 -0.58296229E+01
  0.35123740E+01 -0.57377817E+01
  0.35270642E+01 -0.56468201E+01
  0.35417544E+01 -0.55567080E+01
  0.35564445E+01 -0.54674427E+01
  0.35711347E+01 -0.53790896E+01
  0.35858249E+01 -0.52917974E+01
  0.36005150E+01 -0.52057811E+01
  0.36152052E+01 -0.51212793E+01
  0.36298954E+01 -0.50385058E+01
  0.36445855E+01 -0.49576183E+01
  0.36592757E+01 -0.48787172E+01
  0.36739659E+01 -0.48018703E+01
  0.36886560E+01 -0.47271488E+01
  0.37033462E+01 -0.46546508E+01
  0.37180363E+01 -0.45845022E+01
  0.37327265E+01 -0.45168353E+01
  0.37474167E+01 -0.44517653E+01
  0.37621068E+01 -0.43893844E+01
  0.37767970E+01 -0.43297851E+01
  0.37914872E+01 -0.42731029E+01
  0.38061773E+01 -0.42195547E+01
  0.38208675E+01 -0.41694399E+01
  0.38355577E+01 -0.41230897E+01
  0.38502478E+01 -0.40807748E+01
  0.38649380E+01 -0.40426079E+01
  0.38796281E+01 -0.40084923E+01
  0.38943183E+01 -0.39781532E+01
  0.39090085E+01 -0.39512556E+01
  0.39236986E+01 -0.39275690E+01
  0.39383888E+01 -0.39071115E+01
  0.39530790E+01 -0.38902079E+01
  0.39677691E+01 -0.38774259E+01
  0.39824593E+01 -0.38694058E+01
  0.39970897E+01 -0.38666581E+01
  
  0.00000000E+00 -0.38666578E+01
  0.14630364E-01 -0.38679810E+01
  0.29260727E-01 -0.38734389E+01
  0.43891091E-01 -0.38846154E+01
  0.58521454E-01 -0.38997949E+01
  0.73151818E-01 -0.39187983E+01
  0.87782182E-01 -0.39416094E+01
  0.10241255E+00 -0.39683216E+01
  0.11704291E+00 -0.39990238E+01
  0.13167327E+00 -0.40337063E+01
  0.14630364E+00 -0.40722467E+01
  0.16093400E+00 -0.41144720E+01
  0.17556436E+00 -0.41602423E+01
  0.19019473E+00 -0.42095026E+01
  0.20482509E+00 -0.42622747E+01
  0.21945545E+00 -0.43185913E+01
  0.23408582E+00 -0.43784085E+01
  0.24871618E+00 -0.44415571E+01
  0.26334654E+00 -0.45077686E+01
  0.27797691E+00 -0.45767610E+01
  0.29260727E+00 -0.46483340E+01
  0.30723764E+00 -0.47224121E+01
  0.32186800E+00 -0.47990144E+01
  0.33649836E+00 -0.48781711E+01
  0.35112873E+00 -0.49598411E+01
  0.36575909E+00 -0.50438783E+01
  0.38038945E+00 -0.51300665E+01
  0.39501982E+00 -0.52181953E+01
  0.40965018E+00 -0.53081265E+01
  0.42428054E+00 -0.53998114E+01
  0.43891091E+00 -0.54932508E+01
  0.45354127E+00 -0.55884266E+01
  0.46817163E+00 -0.56852402E+01
  0.48280200E+00 -0.57834825E+01
  0.49743236E+00 -0.58828353E+01
  0.51206273E+00 -0.59828598E+01
  0.52669309E+00 -0.60828752E+01
  0.54132345E+00 -0.61814297E+01
  0.55595382E+00 -0.62740154E+01
  0.57058418E+00 -0.63427889E+01
  0.58521454E+00 -0.63541602E+01
  0.59984491E+00 -0.63253041E+01
  0.61447527E+00 -0.62832694E+01
  0.62910563E+00 -0.62360391E+01
  0.64373600E+00 -0.61859295E+01
  0.65836636E+00 -0.61338407E+01
  0.67299673E+00 -0.60802366E+01
  0.68762709E+00 -0.60254042E+01
  0.70225745E+00 -0.59695223E+01
  0.71688782E+00 -0.59126826E+01
  0.73151818E+00 -0.58549129E+01
  0.74614854E+00 -0.57962159E+01
  0.76077891E+00 -0.57366101E+01
  0.77540927E+00 -0.56970899E+01
  0.79003963E+00 -0.57391350E+01
  0.80467000E+00 -0.57808570E+01
  0.81930036E+00 -0.58222099E+01
  0.83393072E+00 -0.58630693E+01
  0.84856109E+00 -0.59032745E+01
  0.86319145E+00 -0.59426828E+01
  0.87782182E+00 -0.59812114E+01
  0.89245218E+00 -0.60188518E+01
  0.90708254E+00 -0.60556509E+01
  0.92171291E+00 -0.60604002E+01
  0.93634327E+00 -0.60953623E+01
  0.95097363E+00 -0.61297641E+01
  0.96560400E+00 -0.61636374E+01
  0.98023436E+00 -0.61969155E+01
  0.99486472E+00 -0.62294653E+01
  0.10094951E+01 -0.62611444E+01
  0.10241255E+01 -0.62918547E+01
  0.10387558E+01 -0.63215679E+01
  0.10533862E+01 -0.63503158E+01
  0.10680165E+01 -0.63781543E+01
  0.10826469E+01 -0.64051251E+01
  0.10972773E+01 -0.64312362E+01
  0.11119076E+01 -0.64564687E+01
  0.11265380E+01 -0.64807982E+01
  0.11411684E+01 -0.65042118E+01
  0.11557987E+01 -0.65267060E+01
  0.11704291E+01 -0.65482692E+01
  0.11850595E+01 -0.65688625E+01
  0.11996898E+01 -0.65884155E+01
  0.12143202E+01 -0.66068467E+01
  0.12289505E+01 -0.66240993E+01
  0.12435809E+01 -0.66401752E+01
  0.12582113E+01 -0.66551455E+01
  0.12728416E+01 -0.66691290E+01
  0.12874720E+01 -0.66822458E+01
  0.13021024E+01 -0.66945689E+01
  0.13167327E+01 -0.67060953E+01
  0.13313631E+01 -0.67167509E+01
  0.13459935E+01 -0.67264241E+01
  0.13606238E+01 -0.67350087E+01
  0.13752542E+01 -0.67424354E+01
  0.13898845E+01 -0.67486801E+01
  0.14045149E+01 -0.67537533E+01
  0.14191453E+01 -0.67576802E+01
  0.14337756E+01 -0.67604815E+01
  0.14484060E+01 -0.67621646E+01
  0.14629695E+01 -0.67627265E+01
  0.14775330E+01 -0.67644929E+01
  0.14920966E+01 -0.67698083E+01
  0.15066601E+01 -0.67787185E+01
  0.15212236E+01 -0.67912887E+01
  0.15357871E+01 -0.68075861E+01
  0.15503507E+01 -0.68276540E+01
  0.15649142E+01 -0.68514851E+01
  0.15794777E+01 -0.68790019E+01
  0.15940412E+01 -0.69100548E+01
  0.16086048E+01 -0.69444424E+01
  0.16231683E+01 -0.69819498E+01
  0.16377318E+01 -0.70223909E+01
  0.16522953E+01 -0.70656387E+01
  0.16668589E+01 -0.71116295E+01
  0.16814224E+01 -0.71603395E+01
  0.16959859E+01 -0.72117420E+01
  0.17105494E+01 -0.72657662E+01
  0.17251130E+01 -0.73222736E+01
  0.17396765E+01 -0.73810625E+01
  0.17542400E+01 -0.74418974E+01
  0.17688035E+01 -0.75045482E+01
  0.17833671E+01 -0.75688221E+01
  0.17979306E+01 -0.76345731E+01
  0.18124941E+01 -0.77016908E+01
  0.18270576E+01 -0.77700753E+01
  0.18416212E+01 -0.78396142E+01
  0.18561847E+01 -0.79101729E+01
  0.18707482E+01 -0.79816005E+01
  0.18853117E+01 -0.80537425E+01
  0.18998753E+01 -0.81264501E+01
  0.19144388E+01 -0.81995758E+01
  0.19290023E+01 -0.82729579E+01
  0.19435658E+01 -0.83464032E+01
  0.19581294E+01 -0.84196820E+01
  0.19726929E+01 -0.84925435E+01
  0.19872564E+01 -0.85647488E+01
  0.20018199E+01 -0.86361059E+01
  0.20163835E+01 -0.87064871E+01
  0.20309470E+01 -0.87758156E+01
  0.20455105E+01 -0.88440215E+01
  0.20600740E+01 -0.89109839E+01
  0.20746376E+01 -0.89764861E+01
  0.20892011E+01 -0.90402045E+01
  0.21037646E+01 -0.91017395E+01
  0.21183281E+01 -0.91606755E+01
  0.21328917E+01 -0.92166436E+01
  0.21474552E+01 -0.92693596E+01
  0.21620187E+01 -0.93186202E+01
  0.21765822E+01 -0.93642620E+01
  0.21911458E+01 -0.94061055E+01
  0.22057093E+01 -0.94439133E+01
  0.22202728E+01 -0.94773816E+01
  0.22348363E+01 -0.95061720E+01
  0.22493999E+01 -0.95299666E+01
  0.22639634E+01 -0.95485252E+01
  0.22785269E+01 -0.95617219E+01
  0.22930904E+01 -0.95695541E+01
  0.23077806E+01 -0.95721279E+01
  0.23224708E+01 -0.95696015E+01
  0.23371609E+01 -0.95621900E+01
  0.23518511E+01 -0.95501898E+01
  0.23665412E+01 -0.95339294E+01
  0.23812314E+01 -0.95137563E+01
  0.23959216E+01 -0.94900177E+01
  0.24106117E+01 -0.94630380E+01
  0.24253019E+01 -0.94331010E+01
  0.24399921E+01 -0.94004449E+01
  0.24546822E+01 -0.93652710E+01
  0.24693724E+01 -0.93277640E+01
  0.24840626E+01 -0.92881111E+01
  0.24987527E+01 -0.92465102E+01
  0.25134429E+01 -0.92031621E+01
  0.25281331E+01 -0.91582511E+01
  0.25428232E+01 -0.91119231E+01
  0.25575134E+01 -0.90642753E+01
  0.25722035E+01 -0.90153628E+01
  0.25868937E+01 -0.89652195E+01
  0.26015839E+01 -0.89138821E+01
  0.26162740E+01 -0.88614034E+01
  0.26309642E+01 -0.88078499E+01
  0.26456544E+01 -0.87532865E+01
  0.26603445E+01 -0.86977591E+01
  0.26750347E+01 -0.86412907E+01
  0.26897249E+01 -0.85838950E+01
  0.27044150E+01 -0.85256017E+01
  0.27191052E+01 -0.84664786E+01
  0.27337954E+01 -0.84066337E+01
  0.27484855E+01 -0.83461903E+01
  0.27631757E+01 -0.82852434E+01
  0.27778658E+01 -0.82238198E+01
  0.27925560E+01 -0.81618630E+01
  0.28072462E+01 -0.80992587E+01
  0.28219363E+01 -0.80358913E+01
  0.28366265E+01 -0.79717080E+01
  0.28513167E+01 -0.79067584E+01
  0.28660068E+01 -0.78411885E+01
  0.28806970E+01 -0.77751879E+01
  0.28953872E+01 -0.77089161E+01
  0.29100773E+01 -0.76424415E+01
  0.29247675E+01 -0.75757252E+01
  0.29394576E+01 -0.75086566E+01
  0.29541478E+01 -0.74411234E+01
  0.29688380E+01 -0.73730785E+01
  0.29835281E+01 -0.73045711E+01
  0.29982183E+01 -0.72357249E+01
  0.30129085E+01 -0.71666767E+01
  0.30275986E+01 -0.70975099E+01
  0.30422888E+01 -0.70282200E+01
  0.30569790E+01 -0.69587317E+01
  0.30716691E+01 -0.68889596E+01
  0.30863593E+01 -0.68188786E+01
  0.31010495E+01 -0.67485646E+01
  0.31157396E+01 -0.66781809E+01
  0.31304298E+01 -0.66079153E+01
  0.31451199E+01 -0.65379013E+01
  0.31598101E+01 -0.64681654E+01
  0.31745003E+01 -0.64177919E+01
  0.31891904E+01 -0.63565979E+01
  0.32038806E+01 -0.62876713E+01
  0.32185708E+01 -0.62174377E+01
  0.32332609E+01 -0.61467815E+01
  0.32479511E+01 -0.60761618E+01
  0.32626413E+01 -0.60059370E+01
  0.32773314E+01 -0.59363228E+01
  0.32920216E+01 -0.59619001E+01
  0.33067118E+01 -0.60144656E+01
  0.33214019E+01 -0.60678976E+01
  0.33360921E+01 -0.61204677E+01
  0.33507822E+01 -0.61715817E+01
  0.33654724E+01 -0.62204060E+01
  0.33801626E+01 -0.62648921E+01
  0.33948527E+01 -0.62985626E+01
  0.34095429E+01 -0.63002634E+01
  0.34242331E+01 -0.62490022E+01
  0.34389232E+01 -0.61691894E+01
  0.34536134E+01 -0.60807727E+01
  0.34683036E+01 -0.59897668E+01
  0.34829937E+01 -0.58981835E+01
  0.34976839E+01 -0.58068555E+01
  0.35123740E+01 -0.57161374E+01
  0.35270642E+01 -0.56261411E+01
  0.35417544E+01 -0.55368684E+01
  0.35564445E+01 -0.54483167E+01
  0.35711347E+01 -0.53605579E+01
  0.35858249E+01 -0.52737733E+01
  0.36005150E+01 -0.51882359E+01
  0.36152052E+01 -0.51042524E+01
  0.36298954E+01 -0.50220926E+01
  0.36445855E+01 -0.49419377E+01
  0.36592757E+01 -0.48638705E+01
  0.36739659E+01 -0.47879061E+01
  0.36886560E+01 -0.47140474E+01
  0.37033462E+01 -0.46423358E+01
  0.37180363E+01 -0.45728745E+01
  0.37327265E+01 -0.45058186E+01
  0.37474167E+01 -0.44413412E+01
  0.37621068E+01 -0.43796006E+01
  0.37767970E+01 -0.43207267E+01
  0.37914872E+01 -0.42648343E+01
  0.38061773E+01 -0.42120520E+01
  0.38208675E+01 -0.41625450E+01
  0.38355577E+01 -0.41165142E+01
  0.38502478E+01 -0.40741643E+01
  0.38649380E+01 -0.40356538E+01
  0.38796281E+01 -0.40010525E+01
  0.38943183E+01 -0.39703329E+01
  0.39090085E+01 -0.39434078E+01
  0.39236986E+01 -0.39202041E+01
  0.39383888E+01 -0.39007400E+01
  0.39530790E+01 -0.38851663E+01
  0.39677691E+01 -0.38737777E+01
  0.39824593E+01 -0.38679920E+01
  0.39970897E+01 -0.38666578E+01
  
  0.00000000E+00 -0.38642259E+01
  0.14630364E-01 -0.38665548E+01
  0.29260727E-01 -0.38718612E+01
  0.43891091E-01 -0.38780850E+01
  0.58521454E-01 -0.38864136E+01
  0.73151818E-01 -0.38966636E+01
  0.87782182E-01 -0.39087432E+01
  0.10241255E+00 -0.39226322E+01
  0.11704291E+00 -0.39383289E+01
  0.13167327E+00 -0.39558074E+01
  0.14630364E+00 -0.39750104E+01
  0.16093400E+00 -0.39958741E+01
  0.17556436E+00 -0.40183633E+01
  0.19019473E+00 -0.40424927E+01
  0.20482509E+00 -0.40683155E+01
  0.21945545E+00 -0.40958787E+01
  0.23408582E+00 -0.41251707E+01
  0.24871618E+00 -0.41560979E+01
  0.26334654E+00 -0.41885052E+01
  0.27797691E+00 -0.42222213E+01
  0.29260727E+00 -0.42570972E+01
  0.30723764E+00 -0.42930230E+01
  0.32186800E+00 -0.43299275E+01
  0.33649836E+00 -0.43677666E+01
  0.35112873E+00 -0.44065117E+01
  0.36575909E+00 -0.44461401E+01
  0.38038945E+00 -0.44866289E+01
  0.39501982E+00 -0.45279480E+01
  0.40965018E+00 -0.45700512E+01
  0.42428054E+00 -0.46128705E+01
  0.43891091E+00 -0.46563208E+01
  0.45354127E+00 -0.47003186E+01
  0.46817163E+00 -0.47448051E+01
  0.48280200E+00 -0.47897599E+01
  0.49743236E+00 -0.48351915E+01
  0.51206273E+00 -0.48811043E+01
  0.52669309E+00 -0.49274544E+01
  0.54132345E+00 -0.49741202E+01
  0.55595382E+00 -0.50209089E+01
  0.57058418E+00 -0.50676034E+01
  0.58521454E+00 -0.51140294E+01
  0.59984491E+00 -0.51601128E+01
  0.61447527E+00 -0.52058975E+01
  0.62910563E+00 -0.52515134E+01
  0.64373600E+00 -0.52971074E+01
  0.65836636E+00 -0.53427659E+01
  0.67299673E+00 -0.53884642E+01
  0.68762709E+00 -0.54340644E+01
  0.70225745E+00 -0.54793606E+01
  0.71688782E+00 -0.55241507E+01
  0.73151818E+00 -0.55683024E+01
  0.74614854E+00 -0.56117883E+01
  0.76077891E+00 -0.56546774E+01
  0.77540927E+00 -0.56761553E+01
  0.79003963E+00 -0.57101859E+01
  0.80467000E+00 -0.57515404E+01
  0.81930036E+00 -0.57925462E+01
  0.83393072E+00 -0.58331373E+01
  0.84856109E+00 -0.58731710E+01
  0.86319145E+00 -0.59124666E+01
  0.87782182E+00 -0.59508652E+01
  0.89245218E+00 -0.59882870E+01
  0.90708254E+00 -0.60247594E+01
  0.92171291E+00 -0.59939036E+01
  0.93634327E+00 -0.59176390E+01
  0.95097363E+00 -0.58407217E+01
  0.96560400E+00 -0.57631891E+01
  0.98023436E+00 -0.56851274E+01
  0.99486472E+00 -0.56066683E+01
  0.10094951E+01 -0.55279527E+01
  0.10241255E+01 -0.54490832E+01
  0.10387558E+01 -0.53700908E+01
  0.10533862E+01 -0.52909411E+01
  0.10680165E+01 -0.52115777E+01
  0.10826469E+01 -0.51319827E+01
  0.10972773E+01 -0.50522216E+01
  0.11119076E+01 -0.49724487E+01
  0.11265380E+01 -0.48928689E+01
  0.11411684E+01 -0.48136777E+01
  0.11557987E+01 -0.47350128E+01
  0.11704291E+01 -0.46569454E+01
  0.11850595E+01 -0.45795161E+01
  0.11996898E+01 -0.45027984E+01
  0.12143202E+01 -0.44269511E+01
  0.12289505E+01 -0.43522334E+01
  0.12435809E+01 -0.42789706E+01
  0.12582113E+01 -0.42074899E+01
  0.12728416E+01 -0.41380606E+01
  0.12874720E+01 -0.40708681E+01
  0.13021024E+01 -0.40060344E+01
  0.13167327E+01 -0.39436682E+01
  0.13313631E+01 -0.38839150E+01
  0.13459935E+01 -0.38269807E+01
  0.13606238E+01 -0.37731216E+01
  0.13752542E+01 -0.37226168E+01
  0.13898845E+01 -0.36757515E+01
  0.14045149E+01 -0.36328311E+01
  0.14191453E+01 -0.35942444E+01
  0.14337756E+01 -0.35606419E+01
  0.14484060E+01 -0.35337275E+01
  0.14629695E+01 -0.35209304E+01
  0.14775330E+01 -0.35204039E+01
  0.14920966E+01 -0.35188436E+01
  0.15066601E+01 -0.35162990E+01
  0.15212236E+01 -0.35128306E+01
  0.15357871E+01 -0.35084878E+01
  0.15503507E+01 -0.35032951E+01
  0.15649142E+01 -0.34972520E+01
  0.15794777E+01 -0.34903459E+01
  0.15940412E+01 -0.34825676E+01
  0.16086048E+01 -0.34739216E+01
  0.16231683E+01 -0.34644237E+01
  0.16377318E+01 -0.34540896E+01
  0.16522953E+01 -0.34429195E+01
  0.16668589E+01 -0.34308900E+01
  0.16814224E+01 -0.34179582E+01
  0.16959859E+01 -0.34040788E+01
  0.17105494E+01 -0.33892246E+01
  0.17251130E+01 -0.33734007E+01
  0.17396765E+01 -0.33566464E+01
  0.17542400E+01 -0.33390214E+01
  0.17688035E+01 -0.33205870E+01
  0.17833671E+01 -0.33013905E+01
  0.17979306E+01 -0.32814626E+01
  0.18124941E+01 -0.32608276E+01
  0.18270576E+01 -0.32395208E+01
  0.18416212E+01 -0.32176015E+01
  0.18561847E+01 -0.31951514E+01
  0.18707482E+01 -0.31722593E+01
  0.18853117E+01 -0.31489955E+01
  0.18998753E+01 -0.31253918E+01
  0.19144388E+01 -0.31014369E+01
  0.19290023E+01 -0.30770928E+01
  0.19435658E+01 -0.30523240E+01
  0.19581294E+01 -0.30271286E+01
  0.19726929E+01 -0.30015542E+01
  0.19872564E+01 -0.29756933E+01
  0.20018199E+01 -0.29496587E+01
  0.20163835E+01 -0.29235543E+01
  0.20309470E+01 -0.28974554E+01
  0.20455105E+01 -0.28714101E+01
  0.20600740E+01 -0.28454608E+01
  0.20746376E+01 -0.28196751E+01
  0.20892011E+01 -0.27941681E+01
  0.21037646E+01 -0.27691028E+01
  0.21183281E+01 -0.27446659E+01
  0.21328917E+01 -0.27210280E+01
  0.21474552E+01 -0.26983057E+01
  0.21620187E+01 -0.26765456E+01
  0.21765822E+01 -0.26557378E+01
  0.21911458E+01 -0.26358562E+01
  0.22057093E+01 -0.26169080E+01
  0.22202728E+01 -0.25989725E+01
  0.22348363E+01 -0.25822124E+01
  0.22493999E+01 -0.25668533E+01
  0.22639634E+01 -0.25531405E+01
  0.22785269E+01 -0.25412915E+01
  0.22930904E+01 -0.25314617E+01
  0.23077806E+01 -0.25237367E+01
  0.23224708E+01 -0.25322669E+01
  0.23371609E+01 -0.25444869E+01
  0.23518511E+01 -0.25605193E+01
  0.23665412E+01 -0.25804056E+01
  0.23812314E+01 -0.26041219E+01
  0.23959216E+01 -0.26316068E+01
  0.24106117E+01 -0.26627890E+01
  0.24253019E+01 -0.26976033E+01
  0.24399921E+01 -0.27359905E+01
  0.24546822E+01 -0.27778853E+01
  0.24693724E+01 -0.28232020E+01
  0.24840626E+01 -0.28718279E+01
  0.24987527E+01 -0.29236289E+01
  0.25134429E+01 -0.29784654E+01
  0.25281331E+01 -0.30362090E+01
  0.25428232E+01 -0.30967505E+01
  0.25575134E+01 -0.31599925E+01
  0.25722035E+01 -0.32258281E+01
  0.25868937E+01 -0.32941144E+01
  0.26015839E+01 -0.33646534E+01
  0.26162740E+01 -0.34371917E+01
  0.26309642E+01 -0.35114423E+01
  0.26456544E+01 -0.35871232E+01
  0.26603445E+01 -0.36639988E+01
  0.26750347E+01 -0.37419098E+01
  0.26897249E+01 -0.38207789E+01
  0.27044150E+01 -0.39005916E+01
  0.27191052E+01 -0.39813581E+01
  0.27337954E+01 -0.40630721E+01
  0.27484855E+01 -0.41456800E+01
  0.27631757E+01 -0.42290710E+01
  0.27778658E+01 -0.43130878E+01
  0.27925560E+01 -0.43975510E+01
  0.28072462E+01 -0.44822849E+01
  0.28219363E+01 -0.45671361E+01
  0.28366265E+01 -0.46519801E+01
  0.28513167E+01 -0.47367182E+01
  0.28660068E+01 -0.48212720E+01
  0.28806970E+01 -0.49055801E+01
  0.28953872E+01 -0.49895998E+01
  0.29100773E+01 -0.50733097E+01
  0.29247675E+01 -0.51567079E+01
  0.29394576E+01 -0.52398012E+01
  0.29541478E+01 -0.53225854E+01
  0.29688380E+01 -0.54050252E+01
  0.29835281E+01 -0.54870408E+01
  0.29982183E+01 -0.55685122E+01
  0.30129085E+01 -0.56492999E+01
  0.30275986E+01 -0.57292769E+01
  0.30422888E+01 -0.58083578E+01
  0.30569790E+01 -0.58865126E+01
  0.30716691E+01 -0.59637571E+01
  0.30863593E+01 -0.60401228E+01
  0.31010495E+01 -0.61156151E+01
  0.31157396E+01 -0.61901681E+01
  0.31304298E+01 -0.62635787E+01
  0.31451199E+01 -0.63352628E+01
  0.31598101E+01 -0.64020830E+01
  0.31745003E+01 -0.63986333E+01
  0.31891904E+01 -0.63291916E+01
  0.32038806E+01 -0.62597774E+01
  0.32185708E+01 -0.61904509E+01
  0.32332609E+01 -0.61214304E+01
  0.32479511E+01 -0.60531436E+01
  0.32626413E+01 -0.59867794E+01
  0.32773314E+01 -0.59342393E+01
  0.32920216E+01 -0.58673426E+01
  0.33067118E+01 -0.57988534E+01
  0.33214019E+01 -0.57306506E+01
  0.33360921E+01 -0.56626020E+01
  0.33507822E+01 -0.55947459E+01
  0.33654724E+01 -0.55273011E+01
  0.33801626E+01 -0.54605845E+01
  0.33948527E+01 -0.53948777E+01
  0.34095429E+01 -0.53303124E+01
  0.34242331E+01 -0.52668315E+01
  0.34389232E+01 -0.52042487E+01
  0.34536134E+01 -0.51423730E+01
  0.34683036E+01 -0.50811348E+01
  0.34829937E+01 -0.50206483E+01
  0.34976839E+01 -0.49611783E+01
  0.35123740E+01 -0.49030289E+01
  0.35270642E+01 -0.48464094E+01
  0.35417544E+01 -0.47913474E+01
  0.35564445E+01 -0.47376911E+01
  0.35711347E+01 -0.46851997E+01
  0.35858249E+01 -0.46336746E+01
  0.36005150E+01 -0.45830677E+01
  0.36152052E+01 -0.45335147E+01
  0.36298954E+01 -0.44852817E+01
  0.36445855E+01 -0.44386550E+01
  0.36592757E+01 -0.43938321E+01
  0.36739659E+01 -0.43508644E+01
  0.36886560E+01 -0.43096757E+01
  0.37033462E+01 -0.42701386E+01
  0.37180363E+01 -0.42321643E+01
  0.37327265E+01 -0.41957608E+01
  0.37474167E+01 -0.41613068E+01
  0.37621068E+01 -0.41289609E+01
  0.37767970E+01 -0.40985588E+01
  0.37914872E+01 -0.40700323E+01
  0.38061773E+01 -0.40432760E+01
  0.38208675E+01 -0.40182170E+01
  0.38355577E+01 -0.39948659E+01
  0.38502478E+01 -0.39733202E+01
  0.38649380E+01 -0.39537147E+01
  0.38796281E+01 -0.39361498E+01
  0.38943183E+01 -0.39206390E+01
  0.39090085E+01 -0.39071072E+01
  0.39236986E+01 -0.38954433E+01
  0.39383888E+01 -0.38855804E+01
  0.39530790E+01 -0.38775585E+01
  0.39677691E+01 -0.38715066E+01
  0.39824593E+01 -0.38665339E+01
  0.39970897E+01 -0.38642259E+01
  
  0.00000000E+00 -0.38642257E+01
  0.14630364E-01 -0.38653301E+01
  0.29260727E-01 -0.38686168E+01
  0.43891091E-01 -0.38740027E+01
  0.58521454E-01 -0.38813737E+01
  0.73151818E-01 -0.38906338E+01
  0.87782182E-01 -0.39017383E+01
  0.10241255E+00 -0.39146948E+01
  0.11704291E+00 -0.39295358E+01
  0.13167327E+00 -0.39462797E+01
  0.14630364E+00 -0.39649062E+01
  0.16093400E+00 -0.39853632E+01
  0.17556436E+00 -0.40075951E+01
  0.19019473E+00 -0.40315656E+01
  0.20482509E+00 -0.40572576E+01
  0.21945545E+00 -0.40846520E+01
  0.23408582E+00 -0.41137015E+01
  0.24871618E+00 -0.41443111E+01
  0.26334654E+00 -0.41763384E+01
  0.27797691E+00 -0.42096215E+01
  0.29260727E+00 -0.42440240E+01
  0.30723764E+00 -0.42794671E+01
  0.32186800E+00 -0.43159251E+01
  0.33649836E+00 -0.43533899E+01
  0.35112873E+00 -0.43918297E+01
  0.36575909E+00 -0.44311720E+01
  0.38038945E+00 -0.44713191E+01
  0.39501982E+00 -0.45121843E+01
  0.40965018E+00 -0.45537246E+01
  0.42428054E+00 -0.45959454E+01
  0.43891091E+00 -0.46388723E+01
  0.45354127E+00 -0.46825052E+01
  0.46817163E+00 -0.47267829E+01
  0.48280200E+00 -0.47715797E+01
  0.49743236E+00 -0.48167347E+01
  0.51206273E+00 -0.48620986E+01
  0.52669309E+00 -0.49075718E+01
  0.54132345E+00 -0.49531159E+01
  0.55595382E+00 -0.49987339E+01
  0.57058418E+00 -0.50444347E+01
  0.58521454E+00 -0.50902034E+01
  0.59984491E+00 -0.51359923E+01
  0.61447527E+00 -0.51817341E+01
  0.62910563E+00 -0.52273637E+01
  0.64373600E+00 -0.52728354E+01
  0.65836636E+00 -0.53181235E+01
  0.67299673E+00 -0.53632088E+01
  0.68762709E+00 -0.54080588E+01
  0.70225745E+00 -0.54526136E+01
  0.71688782E+00 -0.54967897E+01
  0.73151818E+00 -0.55404998E+01
  0.74614854E+00 -0.55836827E+01
  0.76077891E+00 -0.56263258E+01
  0.77540927E+00 -0.56684693E+01
  0.79003963E+00 -0.56149466E+01
  0.80467000E+00 -0.55530820E+01
  0.81930036E+00 -0.54906210E+01
  0.83393072E+00 -0.54275633E+01
  0.84856109E+00 -0.53638595E+01
  0.86319145E+00 -0.52994531E+01
  0.87782182E+00 -0.52343302E+01
  0.89245218E+00 -0.51685514E+01
  0.90708254E+00 -0.51022494E+01
  0.92171291E+00 -0.50355955E+01
  0.93634327E+00 -0.49687552E+01
  0.95097363E+00 -0.49018565E+01
  0.96560400E+00 -0.48349841E+01
  0.98023436E+00 -0.47681950E+01
  0.99486472E+00 -0.47015423E+01
  0.10094951E+01 -0.46350891E+01
  0.10241255E+01 -0.45689084E+01
  0.10387558E+01 -0.45030762E+01
  0.10533862E+01 -0.44376690E+01
  0.10680165E+01 -0.43727741E+01
  0.10826469E+01 -0.43085068E+01
  0.10972773E+01 -0.42450216E+01
  0.11119076E+01 -0.41825061E+01
  0.11265380E+01 -0.41211572E+01
  0.11411684E+01 -0.40611531E+01
  0.11557987E+01 -0.40026404E+01
  0.11704291E+01 -0.39457475E+01
  0.11850595E+01 -0.38906203E+01
  0.11996898E+01 -0.38374583E+01
  0.12143202E+01 -0.37865306E+01
  0.12289505E+01 -0.37381586E+01
  0.12435809E+01 -0.36926754E+01
  0.12582113E+01 -0.36503836E+01
  0.12728416E+01 -0.36115345E+01
  0.12874720E+01 -0.35763365E+01
  0.13021024E+01 -0.35449808E+01
  0.13167327E+01 -0.35176631E+01
  0.13313631E+01 -0.34945814E+01
  0.13459935E+01 -0.34759140E+01
  0.13606238E+01 -0.34617919E+01
  0.13752542E+01 -0.34522882E+01
  0.13898845E+01 -0.34474310E+01
  0.14045149E+01 -0.34472237E+01
  0.14191453E+01 -0.34516253E+01
  0.14337756E+01 -0.34603820E+01
  0.14484060E+01 -0.34721858E+01
  0.14629695E+01 -0.34799084E+01
  0.14775330E+01 -0.34794008E+01
  0.14920966E+01 -0.34778916E+01
  0.15066601E+01 -0.34754110E+01
  0.15212236E+01 -0.34719815E+01
  0.15357871E+01 -0.34675944E+01
  0.15503507E+01 -0.34622035E+01
  0.15649142E+01 -0.34557420E+01
  0.15794777E+01 -0.34481560E+01
  0.15940412E+01 -0.34394388E+01
  0.16086048E+01 -0.34296461E+01
  0.16231683E+01 -0.34188824E+01
  0.16377318E+01 -0.34072624E+01
  0.16522953E+01 -0.33948640E+01
  0.16668589E+01 -0.33816962E+01
  0.16814224E+01 -0.33676952E+01
  0.16959859E+01 -0.33527527E+01
  0.17105494E+01 -0.33367624E+01
  0.17251130E+01 -0.33196643E+01
  0.17396765E+01 -0.33014675E+01
  0.17542400E+01 -0.32822433E+01
  0.17688035E+01 -0.32620954E+01
  0.17833671E+01 -0.32411228E+01
  0.17979306E+01 -0.32193953E+01
  0.18124941E+01 -0.31969504E+01
  0.18270576E+01 -0.31738117E+01
  0.18416212E+01 -0.31500141E+01
  0.18561847E+01 -0.31256232E+01
  0.18707482E+01 -0.31007342E+01
  0.18853117E+01 -0.30754536E+01
  0.18998753E+01 -0.30498699E+01
  0.19144388E+01 -0.30240318E+01
  0.19290023E+01 -0.29979426E+01
  0.19435658E+01 -0.29715769E+01
  0.19581294E+01 -0.29449123E+01
  0.19726929E+01 -0.29179630E+01
  0.19872564E+01 -0.28908007E+01
  0.20018199E+01 -0.28635557E+01
  0.20163835E+01 -0.28363968E+01
  0.20309470E+01 -0.28094997E+01
  0.20455105E+01 -0.27830154E+01
  0.20600740E+01 -0.27570515E+01
  0.20746376E+01 -0.27316727E+01
  0.20892011E+01 -0.27069210E+01
  0.21037646E+01 -0.26828480E+01
  0.21183281E+01 -0.26595494E+01
  0.21328917E+01 -0.26371882E+01
  0.21474552E+01 -0.26159986E+01
  0.21620187E+01 -0.25962674E+01
  0.21765822E+01 -0.25782960E+01
  0.21911458E+01 -0.25623562E+01
  0.22057093E+01 -0.25486546E+01
  0.22202728E+01 -0.25373198E+01
  0.22348363E+01 -0.25284195E+01
  0.22493999E+01 -0.25220018E+01
  0.22639634E+01 -0.25181444E+01
  0.22785269E+01 -0.25169924E+01
  0.22930904E+01 -0.25187666E+01
  0.23077806E+01 -0.25237366E+01
  0.23224708E+01 -0.25180654E+01
  0.23371609E+01 -0.25145858E+01
  0.23518511E+01 -0.25133734E+01
  0.23665412E+01 -0.25145329E+01
  0.23812314E+01 -0.25181944E+01
  0.23959216E+01 -0.25244997E+01
  0.24106117E+01 -0.25335839E+01
  0.24253019E+01 -0.25455555E+01
  0.24399921E+01 -0.25604785E+01
  0.24546822E+01 -0.25783635E+01
  0.24693724E+01 -0.25991717E+01
  0.24840626E+01 -0.26228332E+01
  0.24987527E+01 -0.26492766E+01
  0.25134429E+01 -0.26784592E+01
  0.25281331E+01 -0.27103839E+01
  0.25428232E+01 -0.27450937E+01
  0.25575134E+01 -0.27826410E+01
  0.25722035E+01 -0.28230417E+01
  0.25868937E+01 -0.28662324E+01
  0.26015839E+01 -0.29120504E+01
  0.26162740E+01 -0.29602467E+01
  0.26309642E+01 -0.30105314E+01
  0.26456544E+01 -0.30626357E+01
  0.26603445E+01 -0.31163664E+01
  0.26750347E+01 -0.31716345E+01
  0.26897249E+01 -0.32284470E+01
  0.27044150E+01 -0.32868670E+01
  0.27191052E+01 -0.33469581E+01
  0.27337954E+01 -0.34087341E+01
  0.27484855E+01 -0.34721288E+01
  0.27631757E+01 -0.35369940E+01
  0.27778658E+01 -0.36031196E+01
  0.27925560E+01 -0.36702669E+01
  0.28072462E+01 -0.37382029E+01
  0.28219363E+01 -0.38067263E+01
  0.28366265E+01 -0.38756854E+01
  0.28513167E+01 -0.39449850E+01
  0.28660068E+01 -0.40145863E+01
  0.28806970E+01 -0.40844981E+01
  0.28953872E+01 -0.41547593E+01
  0.29100773E+01 -0.42254129E+01
  0.29247675E+01 -0.42964749E+01
  0.29394576E+01 -0.43679067E+01
  0.29541478E+01 -0.44396004E+01
  0.29688380E+01 -0.45113844E+01
  0.29835281E+01 -0.45830509E+01
  0.29982183E+01 -0.46543971E+01
  0.30129085E+01 -0.47252662E+01
  0.30275986E+01 -0.47955736E+01
  0.30422888E+01 -0.48653080E+01
  0.30569790E+01 -0.49345073E+01
  0.30716691E+01 -0.50032204E+01
  0.30863593E+01 -0.50714709E+01
  0.31010495E+01 -0.51392364E+01
  0.31157396E+01 -0.52064520E+01
  0.31304298E+01 -0.52730333E+01
  0.31451199E+01 -0.53389065E+01
  0.31598101E+01 -0.54040308E+01
  0.31745003E+01 -0.54684001E+01
  0.31891904E+01 -0.55320246E+01
  0.32038806E+01 -0.55948964E+01
  0.32185708E+01 -0.56569510E+01
  0.32332609E+01 -0.57180252E+01
  0.32479511E+01 -0.57777553E+01
  0.32626413E+01 -0.58349628E+01
  0.32773314E+01 -0.58776630E+01
  0.32920216E+01 -0.58393136E+01
  0.33067118E+01 -0.57750242E+01
  0.33214019E+01 -0.57086984E+01
  0.33360921E+01 -0.56420071E+01
  0.33507822E+01 -0.55754667E+01
  0.33654724E+01 -0.55094817E+01
  0.33801626E+01 -0.54443851E+01
  0.33948527E+01 -0.53803545E+01
  0.34095429E+01 -0.53173607E+01
  0.34242331E+01 -0.52552029E+01
  0.34389232E+01 -0.51936262E+01
  0.34536134E+01 -0.51324687E+01
  0.34683036E+01 -0.50717682E+01
  0.34829937E+01 -0.50117753E+01
  0.34976839E+01 -0.49528658E+01
  0.35123740E+01 -0.48953914E+01
  0.35270642E+01 -0.48395436E+01
  0.35417544E+01 -0.47852919E+01
  0.35564445E+01 -0.47324240E+01
  0.35711347E+01 -0.46806658E+01
  0.35858249E+01 -0.46298198E+01
  0.36005150E+01 -0.45798584E+01
  0.36152052E+01 -0.45309300E+01
  0.36298954E+01 -0.44832860E+01
  0.36445855E+01 -0.44371711E+01
  0.36592757E+01 -0.43927363E+01
  0.36739659E+01 -0.43500130E+01
  0.36886560E+01 -0.43089539E+01
  0.37033462E+01 -0.42695090E+01
  0.37180363E+01 -0.42316891E+01
  0.37327265E+01 -0.41955803E+01
  0.37474167E+01 -0.41610302E+01
  0.37621068E+01 -0.41281203E+01
  0.37767970E+01 -0.40971476E+01
  0.37914872E+01 -0.40681512E+01
  0.38061773E+01 -0.40410887E+01
  0.38208675E+01 -0.40158753E+01
  0.38355577E+01 -0.39924412E+01
  0.38502478E+01 -0.39707753E+01
  0.38649380E+01 -0.39509327E+01
  0.38796281E+01 -0.39330083E+01
  0.38943183E+01 -0.39170947E+01
  0.39090085E+01 -0.39032476E+01
  0.39236986E+01 -0.38914806E+01
  0.39383888E+01 -0.38817863E+01
  0.39530790E+01 -0.38741690E+01
  0.39677691E+01 -0.38686638E+01
  0.39824593E+01 -0.38653328E+01
  0.39970897E+01 -0.38642257E+01
  
  0.00000000E+00  0.74700467E+01
  0.14630364E-01  0.74700862E+01
  0.29260727E-01  0.74702298E+01
  0.43891091E-01  0.74705449E+01
  0.58521454E-01  0.74711178E+01
  0.73151818E-01  0.74720238E+01
  0.87782182E-01  0.74732980E+01
  0.10241255E+00  0.74749151E+01
  0.11704291E+00  0.74767820E+01
  0.13167327E+00  0.74787451E+01
  0.14630364E+00  0.74806127E+01
  0.16093400E+00  0.74821860E+01
  0.17556436E+00  0.74832950E+01
  0.19019473E+00  0.74838262E+01
  0.20482509E+00  0.74837341E+01
  0.21945545E+00  0.74830274E+01
  0.23408582E+00  0.74817330E+01
  0.24871618E+00  0.74798478E+01
  0.26334654E+00  0.74772994E+01
  0.27797691E+00  0.74739304E+01
  0.29260727E+00  0.74695173E+01
  0.30723764E+00  0.74638149E+01
  0.32186800E+00  0.74566056E+01
  0.33649836E+00  0.74477301E+01
  0.35112873E+00  0.74370828E+01
  0.36575909E+00  0.74245741E+01
  0.38038945E+00  0.74100796E+01
  0.39501982E+00  0.73934032E+01
  0.40965018E+00  0.73742773E+01
  0.42428054E+00  0.73524022E+01
  0.43891091E+00  0.73275068E+01
  0.45354127E+00  0.72994026E+01
  0.46817163E+00  0.72680021E+01
  0.48280200E+00  0.72332977E+01
  0.49743236E+00  0.71953104E+01
  0.51206273E+00  0.71540420E+01
  0.52669309E+00  0.71094521E+01
  0.54132345E+00  0.70614738E+01
  0.55595382E+00  0.70100525E+01
  0.57058418E+00  0.69551814E+01
  0.58521454E+00  0.68969111E+01
  0.59984491E+00  0.68353256E+01
  0.61447527E+00  0.67705014E+01
  0.62910563E+00  0.67024757E+01
  0.64373600E+00  0.66312465E+01
  0.65836636E+00  0.65568056E+01
  0.67299673E+00  0.64791859E+01
  0.68762709E+00  0.63984928E+01
  0.70225745E+00  0.63148988E+01
  0.71688782E+00  0.62286010E+01
  0.73151818E+00  0.61397657E+01
  0.74614854E+00  0.60484932E+01
  0.76077891E+00  0.59548241E+01
  0.77540927E+00  0.58587870E+01
  0.79003963E+00  0.57604591E+01
  0.80467000E+00  0.56600060E+01
  0.81930036E+00  0.55576739E+01
  0.83393072E+00  0.54537390E+01
  0.84856109E+00  0.53484402E+01
  0.86319145E+00  0.52419346E+01
  0.87782182E+00  0.51343009E+01
  0.89245218E+00  0.50255891E+01
  0.90708254E+00  0.49158841E+01
  0.92171291E+00  0.48053472E+01
  0.93634327E+00  0.46942069E+01
  0.95097363E+00  0.45827075E+01
  0.96560400E+00  0.44710455E+01
  0.98023436E+00  0.43593366E+01
  0.99486472E+00  0.42476336E+01
  0.10094951E+01  0.41359881E+01
  0.10241255E+01  0.40245176E+01
  0.10387558E+01  0.39134400E+01
  0.10533862E+01  0.38030540E+01
  0.10680165E+01  0.36936786E+01
  0.10826469E+01  0.35855869E+01
  0.10972773E+01  0.34789718E+01
  0.11119076E+01  0.33739610E+01
  0.11265380E+01  0.32706661E+01
  0.11411684E+01  0.31692354E+01
  0.11557987E+01  0.30698804E+01
  0.11704291E+01  0.29728638E+01
  0.11850595E+01  0.28784649E+01
  0.11996898E+01  0.27869453E+01
  0.12143202E+01  0.26985351E+01
  0.12289505E+01  0.26134436E+01
  0.12435809E+01  0.25318795E+01
  0.12582113E+01  0.24540660E+01
  0.12728416E+01  0.23802407E+01
  0.12874720E+01  0.23106466E+01
  0.13021024E+01  0.22455232E+01
  0.13167327E+01  0.21851061E+01
  0.13313631E+01  0.21296327E+01
  0.13459935E+01  0.20793446E+01
  0.13606238E+01  0.20344795E+01
  0.13752542E+01  0.19952536E+01
  0.13898845E+01  0.19618436E+01
  0.14045149E+01  0.19343783E+01
  0.14191453E+01  0.19129439E+01
  0.14337756E+01  0.18975962E+01
  0.14484060E+01  0.18883722E+01
  0.14629695E+01  0.18852949E+01
  0.14775330E+01  0.18853195E+01
  0.14920966E+01  0.18853784E+01
  0.15066601E+01  0.18854356E+01
  0.15212236E+01  0.18854559E+01
  0.15357871E+01  0.18854274E+01
  0.15503507E+01  0.18853721E+01
  0.15649142E+01  0.18853363E+01
  0.15794777E+01  0.18853658E+01
  0.15940412E+01  0.18854746E+01
  0.16086048E+01  0.18856261E+01
  0.16231683E+01  0.18857340E+01
  0.16377318E+01  0.18856872E+01
  0.16522953E+01  0.18853868E+01
  0.16668589E+01  0.18847798E+01
  0.16814224E+01  0.18838733E+01
  0.16959859E+01  0.18827233E+01
  0.17105494E+01  0.18814002E+01
  0.17251130E+01  0.18799492E+01
  0.17396765E+01  0.18783599E+01
  0.17542400E+01  0.18765603E+01
  0.17688035E+01  0.18744360E+01
  0.17833671E+01  0.18718659E+01
  0.17979306E+01  0.18687568E+01
  0.18124941E+01  0.18650622E+01
  0.18270576E+01  0.18607780E+01
  0.18416212E+01  0.18559173E+01
  0.18561847E+01  0.18504789E+01
  0.18707482E+01  0.18444251E+01
  0.18853117E+01  0.18376797E+01
  0.18998753E+01  0.18301475E+01
  0.19144388E+01  0.18217457E+01
  0.19290023E+01  0.18124328E+01
  0.19435658E+01  0.18022210E+01
  0.19581294E+01  0.17911672E+01
  0.19726929E+01  0.17793460E+01
  0.19872564E+01  0.17668201E+01
  0.20018199E+01  0.17536200E+01
  0.20163835E+01  0.17397432E+01
  0.20309470E+01  0.17251733E+01
  0.20455105E+01  0.17099089E+01
  0.20600740E+01  0.16939893E+01
  0.20746376E+01  0.16775067E+01
  0.20892011E+01  0.16605991E+01
  0.21037646E+01  0.16434311E+01
  0.21183281E+01  0.16261701E+01
  0.21328917E+01  0.16089727E+01
  0.21474552E+01  0.15919827E+01
  0.21620187E+01  0.15753439E+01
  0.21765822E+01  0.15592162E+01
  0.21911458E+01  0.15437891E+01
  0.22057093E+01  0.15292844E+01
  0.22202728E+01  0.15159476E+01
  0.22348363E+01  0.15040332E+01
  0.22493999E+01  0.14937910E+01
  0.22639634E+01  0.14854566E+01
  0.22785269E+01  0.14792505E+01
  0.22930904E+01  0.14753810E+01
  0.23077806E+01  0.14740479E+01
  0.23224708E+01  0.14754834E+01
  0.23371609E+01  0.14799054E+01
  0.23518511E+01  0.14874674E+01
  0.23665412E+01  0.14983004E+01
  0.23812314E+01  0.15125167E+01
  0.23959216E+01  0.15302109E+01
  0.24106117E+01  0.15514559E+01
  0.24253019E+01  0.15762951E+01
  0.24399921E+01  0.16047386E+01
  0.24546822E+01  0.16367665E+01
  0.24693724E+01  0.16723404E+01
  0.24840626E+01  0.17114180E+01
  0.24987527E+01  0.17539622E+01
  0.25134429E+01  0.17999362E+01
  0.25281331E+01  0.18492860E+01
  0.25428232E+01  0.19019192E+01
  0.25575134E+01  0.19576913E+01
  0.25722035E+01  0.20164140E+01
  0.25868937E+01  0.20778840E+01
  0.26015839E+01  0.21419243E+01
  0.26162740E+01  0.22084190E+01
  0.26309642E+01  0.22773242E+01
  0.26456544E+01  0.23486464E+01
  0.26603445E+01  0.24223964E+01
  0.26750347E+01  0.24985382E+01
  0.26897249E+01  0.25769559E+01
  0.27044150E+01  0.26574538E+01
  0.27191052E+01  0.27397910E+01
  0.27337954E+01  0.28237339E+01
  0.27484855E+01  0.29091040E+01
  0.27631757E+01  0.29958007E+01
  0.27778658E+01  0.30837907E+01
  0.27925560E+01  0.31730733E+01
  0.28072462E+01  0.32636388E+01
  0.28219363E+01  0.33554413E+01
  0.28366265E+01  0.34483951E+01
  0.28513167E+01  0.35423909E+01
  0.28660068E+01  0.36373203E+01
  0.28806970E+01  0.37330901E+01
  0.28953872E+01  0.38296203E+01
  0.29100773E+01  0.39268288E+01
  0.29247675E+01  0.40246134E+01
  0.29394576E+01  0.41228484E+01
  0.29541478E+01  0.42213975E+01
  0.29688380E+01  0.43201421E+01
  0.29835281E+01  0.44190058E+01
  0.29982183E+01  0.45179611E+01
  0.30129085E+01  0.46170108E+01
  0.30275986E+01  0.47161486E+01
  0.30422888E+01  0.48153192E+01
  0.30569790E+01  0.49143964E+01
  0.30716691E+01  0.50131932E+01
  0.30863593E+01  0.51114992E+01
  0.31010495E+01  0.52091293E+01
  0.31157396E+01  0.53059573E+01
  0.31304298E+01  0.54019193E+01
  0.31451199E+01  0.54969833E+01
  0.31598101E+01  0.55911012E+01
  0.31745003E+01  0.56841684E+01
  0.31891904E+01  0.57760122E+01
  0.32038806E+01  0.58664172E+01
  0.32185708E+01  0.59551747E+01
  0.32332609E+01  0.60421321E+01
  0.32479511E+01  0.61272156E+01
  0.32626413E+01  0.62104131E+01
  0.32773314E+01  0.62917261E+01
  0.32920216E+01  0.63711124E+01
  0.33067118E+01  0.64484492E+01
  0.33214019E+01  0.65235362E+01
  0.33360921E+01  0.65961374E+01
  0.33507822E+01  0.66660414E+01
  0.33654724E+01  0.67331104E+01
  0.33801626E+01  0.67972936E+01
  0.33948527E+01  0.68585976E+01
  0.34095429E+01  0.69170294E+01
  0.34242331E+01  0.69725415E+01
  0.34389232E+01  0.70250082E+01
  0.34536134E+01  0.70742483E+01
  0.34683036E+01  0.71200865E+01
  0.34829937E+01  0.71624248E+01
  0.34976839E+01  0.72012929E+01
  0.35123740E+01  0.72368520E+01
  0.35270642E+01  0.72693495E+01
  0.35417544E+01  0.72990444E+01
  0.35564445E+01  0.73261358E+01
  0.35711347E+01  0.73507247E+01
  0.35858249E+01  0.73728250E+01
  0.36005150E+01  0.73924147E+01
  0.36152052E+01  0.74095028E+01
  0.36298954E+01  0.74241816E+01
  0.36445855E+01  0.74366401E+01
  0.36592757E+01  0.74471376E+01
  0.36739659E+01  0.74559492E+01
  0.36886560E+01  0.74633109E+01
  0.37033462E+01  0.74693878E+01
  0.37180363E+01  0.74742756E+01
  0.37327265E+01  0.74780317E+01
  0.37474167E+01  0.74807166E+01
  0.37621068E+01  0.74824249E+01
  0.37767970E+01  0.74832921E+01
  0.37914872E+01  0.74834773E+01
  0.38061773E+01  0.74831329E+01
  0.38208675E+01  0.74823788E+01
  0.38355577E+01  0.74812959E+01
  0.38502478E+01  0.74799407E+01
  0.38649380E+01  0.74783730E+01
  0.38796281E+01  0.74766803E+01
  0.38943183E+01  0.74749850E+01
  0.39090085E+01  0.74734277E+01
  0.39236986E+01  0.74721336E+01
  0.39383888E+01  0.74711773E+01
  0.39530790E+01  0.74705626E+01
  0.39677691E+01  0.74702292E+01
  0.39824593E+01  0.74700843E+01
  0.39970897E+01  0.74700467E+01
  
  0.00000000E+00  0.96643270E+01
  0.14630364E-01  0.96632142E+01
  0.29260727E-01  0.96599260E+01
  0.43891091E-01  0.96545987E+01
  0.58521454E-01  0.96474137E+01
  0.73151818E-01  0.96385415E+01
  0.87782182E-01  0.96280874E+01
  0.10241255E+00  0.96160541E+01
  0.11704291E+00  0.96023341E+01
  0.13167327E+00  0.95867340E+01
  0.14630364E+00  0.95690213E+01
  0.16093400E+00  0.95489792E+01
  0.17556436E+00  0.95264493E+01
  0.19019473E+00  0.95013509E+01
  0.20482509E+00  0.94736747E+01
  0.21945545E+00  0.94434581E+01
  0.23408582E+00  0.94107561E+01
  0.24871618E+00  0.93756187E+01
  0.26334654E+00  0.93380825E+01
  0.27797691E+00  0.92981748E+01
  0.29260727E+00  0.92559245E+01
  0.30723764E+00  0.92113725E+01
  0.32186800E+00  0.91645738E+01
  0.33649836E+00  0.91155896E+01
  0.35112873E+00  0.90644708E+01
  0.36575909E+00  0.90112384E+01
  0.38038945E+00  0.89558695E+01
  0.39501982E+00  0.88982971E+01
  0.40965018E+00  0.88384270E+01
  0.42428054E+00  0.87761684E+01
  0.43891091E+00  0.87114661E+01
  0.45354127E+00  0.86443191E+01
  0.46817163E+00  0.85747750E+01
  0.48280200E+00  0.85029005E+01
  0.49743236E+00  0.84287424E+01
  0.51206273E+00  0.83523002E+01
  0.52669309E+00  0.82735280E+01
  0.54132345E+00  0.81923674E+01
  0.55595382E+00  0.81087974E+01
  0.57058418E+00  0.80228733E+01
  0.58521454E+00  0.79347316E+01
  0.59984491E+00  0.78445547E+01
  0.61447527E+00  0.77525120E+01
  0.62910563E+00  0.76587089E+01
  0.64373600E+00  0.75631725E+01
  0.65836636E+00  0.74658830E+01
  0.67299673E+00  0.73668322E+01
  0.68762709E+00  0.72660774E+01
  0.70225745E+00  0.71637555E+01
  0.71688782E+00  0.70600515E+01
  0.73151818E+00  0.69551384E+01
  0.74614854E+00  0.68491248E+01
  0.76077891E+00  0.67420414E+01
  0.77540927E+00  0.66338754E+01
  0.79003963E+00  0.65246301E+01
  0.80467000E+00  0.64143770E+01
  0.81930036E+00  0.63032697E+01
  0.83393072E+00  0.61915123E+01
  0.84856109E+00  0.60793044E+01
  0.86319145E+00  0.59667931E+01
  0.87782182E+00  0.58540577E+01
  0.89245218E+00  0.57411310E+01
  0.90708254E+00  0.56280400E+01
  0.92171291E+00  0.55148398E+01
  0.93634327E+00  0.54016251E+01
  0.95097363E+00  0.52885148E+01
  0.96560400E+00  0.51756266E+01
  0.98023436E+00  0.50630575E+01
  0.99486472E+00  0.49508823E+01
  0.10094951E+01  0.48391694E+01
  0.10241255E+01  0.47280032E+01
  0.10387558E+01  0.46175016E+01
  0.10533862E+01  0.45078206E+01
  0.10680165E+01  0.43991481E+01
  0.10826469E+01  0.42916905E+01
  0.10972773E+01  0.41856587E+01
  0.11119076E+01  0.40812566E+01
  0.11265380E+01  0.39786736E+01
  0.11411684E+01  0.38780801E+01
  0.11557987E+01  0.37796275E+01
  0.11704291E+01  0.36834535E+01
  0.11850595E+01  0.35896906E+01
  0.11996898E+01  0.34984784E+01
  0.12143202E+01  0.34099739E+01
  0.12289505E+01  0.33243585E+01
  0.12435809E+01  0.32418417E+01
  0.12582113E+01  0.31626611E+01
  0.12728416E+01  0.30870829E+01
  0.12874720E+01  0.30154011E+01
  0.13021024E+01  0.29479341E+01
  0.13167327E+01  0.28850168E+01
  0.13313631E+01  0.28269876E+01
  0.13459935E+01  0.27741717E+01
  0.13606238E+01  0.27268673E+01
  0.13752542E+01  0.26853360E+01
  0.13898845E+01  0.26498011E+01
  0.14045149E+01  0.26204515E+01
  0.14191453E+01  0.25974453E+01
  0.14337756E+01  0.25809120E+01
  0.14484060E+01  0.25709503E+01
  0.14629695E+01  0.25676225E+01
  0.14775330E+01  0.25678964E+01
  0.14920966E+01  0.25687032E+01
  0.15066601E+01  0.25700065E+01
  0.15212236E+01  0.25717671E+01
  0.15357871E+01  0.25739623E+01
  0.15503507E+01  0.25765955E+01
  0.15649142E+01  0.25796900E+01
  0.15794777E+01  0.25832687E+01
  0.15940412E+01  0.25873328E+01
  0.16086048E+01  0.25918496E+01
  0.16231683E+01  0.25967586E+01
  0.16377318E+01  0.26019949E+01
  0.16522953E+01  0.26075203E+01
  0.16668589E+01  0.26133463E+01
  0.16814224E+01  0.26195375E+01
  0.16959859E+01  0.26261917E+01
  0.17105494E+01  0.26334029E+01
  0.17251130E+01  0.26412225E+01
  0.17396765E+01  0.26496346E+01
  0.17542400E+01  0.26585543E+01
  0.17688035E+01  0.26678495E+01
  0.17833671E+01  0.26773738E+01
  0.17979306E+01  0.26869971E+01
  0.18124941E+01  0.26966197E+01
  0.18270576E+01  0.27061668E+01
  0.18416212E+01  0.27155698E+01
  0.18561847E+01  0.27247444E+01
  0.18707482E+01  0.27335809E+01
  0.18853117E+01  0.27419503E+01
  0.18998753E+01  0.27497253E+01
  0.19144388E+01  0.27568048E+01
  0.19290023E+01  0.27631310E+01
  0.19435658E+01  0.27686906E+01
  0.19581294E+01  0.27734999E+01
  0.19726929E+01  0.27775819E+01
  0.19872564E+01  0.27809454E+01
  0.20018199E+01  0.27835771E+01
  0.20163835E+01  0.27854465E+01
  0.20309470E+01  0.27865221E+01
  0.20455105E+01  0.27867879E+01
  0.20600740E+01  0.27862536E+01
  0.20746376E+01  0.27849545E+01
  0.20892011E+01  0.27829434E+01
  0.21037646E+01  0.27802807E+01
  0.21183281E+01  0.27770300E+01
  0.21328917E+01  0.27732599E+01
  0.21474552E+01  0.27690515E+01
  0.21620187E+01  0.27645052E+01
  0.21765822E+01  0.27597412E+01
  0.21911458E+01  0.27548938E+01
  0.22057093E+01  0.27501009E+01
  0.22202728E+01  0.27454952E+01
  0.22348363E+01  0.27412032E+01
  0.22493999E+01  0.27373503E+01
  0.22639634E+01  0.27340711E+01
  0.22785269E+01  0.27315172E+01
  0.22930904E+01  0.27298561E+01
  0.23077806E+01  0.27292639E+01
  0.23224708E+01  0.27299129E+01
  0.23371609E+01  0.27319722E+01
  0.23518511E+01  0.27356039E+01
  0.23665412E+01  0.27409629E+01
  0.23812314E+01  0.27482001E+01
  0.23959216E+01  0.27574664E+01
  0.24106117E+01  0.27689129E+01
  0.24253019E+01  0.27826850E+01
  0.24399921E+01  0.27989128E+01
  0.24546822E+01  0.28177026E+01
  0.24693724E+01  0.28391349E+01
  0.24840626E+01  0.28632714E+01
  0.24987527E+01  0.28901655E+01
  0.25134429E+01  0.29198703E+01
  0.25281331E+01  0.29524382E+01
  0.25428232E+01  0.29879089E+01
  0.25575134E+01  0.30262950E+01
  0.25722035E+01  0.30675734E+01
  0.25868937E+01  0.31116909E+01
  0.26015839E+01  0.31585853E+01
  0.26162740E+01  0.32082122E+01
  0.26309642E+01  0.32605627E+01
  0.26456544E+01  0.33156621E+01
  0.26603445E+01  0.33735440E+01
  0.26750347E+01  0.34342122E+01
  0.26897249E+01  0.34976080E+01
  0.27044150E+01  0.35635983E+01
  0.27191052E+01  0.36319941E+01
  0.27337954E+01  0.37025923E+01
  0.27484855E+01  0.37752214E+01
  0.27631757E+01  0.38497722E+01
  0.27778658E+01  0.39262004E+01
  0.27925560E+01  0.40045017E+01
  0.28072462E+01  0.40846741E+01
  0.28219363E+01  0.41666862E+01
  0.28366265E+01  0.42504649E+01
  0.28513167E+01  0.43359049E+01
  0.28660068E+01  0.44228907E+01
  0.28806970E+01  0.45113176E+01
  0.28953872E+01  0.46010982E+01
  0.29100773E+01  0.46921558E+01
  0.29247675E+01  0.47844101E+01
  0.29394576E+01  0.48777694E+01
  0.29541478E+01  0.49721356E+01
  0.29688380E+01  0.50674213E+01
  0.29835281E+01  0.51635669E+01
  0.29982183E+01  0.52605453E+01
  0.30129085E+01  0.53583467E+01
  0.30275986E+01  0.54569477E+01
  0.30422888E+01  0.55562807E+01
  0.30569790E+01  0.56562192E+01
  0.30716691E+01  0.57565918E+01
  0.30863593E+01  0.58572193E+01
  0.31010495E+01  0.59579580E+01
  0.31157396E+01  0.60587279E+01
  0.31304298E+01  0.61595083E+01
  0.31451199E+01  0.62603019E+01
  0.31598101E+01  0.63610847E+01
  0.31745003E+01  0.64617676E+01
  0.31891904E+01  0.65621903E+01
  0.32038806E+01  0.66621549E+01
  0.32185708E+01  0.67614825E+01
  0.32332609E+01  0.68600654E+01
  0.32479511E+01  0.69578883E+01
  0.32626413E+01  0.70550031E+01
  0.32773314E+01  0.71514682E+01
  0.32920216E+01  0.72472801E+01
  0.33067118E+01  0.73423284E+01
  0.33214019E+01  0.74363993E+01
  0.33360921E+01  0.75292260E+01
  0.33507822E+01  0.76205652E+01
  0.33654724E+01  0.77102632E+01
  0.33801626E+01  0.77982836E+01
  0.33948527E+01  0.78846813E+01
  0.34095429E+01  0.79695369E+01
  0.34242331E+01  0.80528801E+01
  0.34389232E+01  0.81346374E+01
  0.34536134E+01  0.82146274E+01
  0.34683036E+01  0.82926038E+01
  0.34829937E+01  0.83683295E+01
  0.34976839E+01  0.84416491E+01
  0.35123740E+01  0.85125328E+01
  0.35270642E+01  0.85810764E+01
  0.35417544E+01  0.86474614E+01
  0.35564445E+01  0.87118939E+01
  0.35711347E+01  0.87745438E+01
  0.35858249E+01  0.88355051E+01
  0.36005150E+01  0.88947827E+01
  0.36152052E+01  0.89523034E+01
  0.36298954E+01  0.90079415E+01
  0.36445855E+01  0.90615482E+01
  0.36592757E+01  0.91129784E+01
  0.36739659E+01  0.91621122E+01
  0.36886560E+01  0.92088705E+01
  0.37033462E+01  0.92532231E+01
  0.37180363E+01  0.92951878E+01
  0.37327265E+01  0.93348168E+01
  0.37474167E+01  0.93721719E+01
  0.37621068E+01  0.94072936E+01
  0.37767970E+01  0.94401748E+01
  0.37914872E+01  0.94707511E+01
  0.38061773E+01  0.94989155E+01
  0.38208675E+01  0.95245555E+01
  0.38355577E+01  0.95476021E+01
  0.38502478E+01  0.95680729E+01
  0.38649380E+01  0.95860917E+01
  0.38796281E+01  0.96018739E+01
  0.38943183E+01  0.96156788E+01
  0.39090085E+01  0.96277443E+01
  0.39236986E+01  0.96382232E+01
  0.39383888E+01  0.96471434E+01
  0.39530790E+01  0.96544063E+01
  0.39677691E+01  0.96598244E+01
  0.39824593E+01  0.96631860E+01
  0.39970897E+01  0.96643270E+01
  
