1	0.57735	0.076254	0.076254	0	-0.57735	1.3152
1	0.57735	0.076254	0.076254	-0.5	0.28868	1.3152
1	0.57735	0.076254	0.076254	0.5	0.28868	1.3152
2	1.1547	-0.062199	0.062199	-1	-0.57735	1.3152
2	1.1547	-0.062199	0.062199	1	-0.57735	1.3152
2	1.1547	-0.062199	0.062199	6.1706e-09	1.1547	1.3152
3	1.5275	-0.014076	0.014076	-1.5	0.28868	1.3152
3	1.5275	-0.014076	0.014076	0.5	-1.4434	1.3152
3	1.5275	-0.014076	0.014076	-1	1.1547	1.3152
3	1.5275	-0.014076	0.014076	-0.5	-1.4434	1.3152
3	1.5275	-0.014076	0.014076	1.5	0.28868	1.3152
3	1.5275	-0.014076	0.014076	1	1.1547	1.3152
4	2.0817	-0.00492	0.00492	1.5	-1.4434	1.3152
4	2.0817	-0.00492	0.00492	-2	-0.57735	1.3152
4	2.0817	-0.00492	0.00492	2	-0.57735	1.3152
4	2.0817	-0.00492	0.00492	-0.5	2.0207	1.3152
4	2.0817	-0.00492	0.00492	-1.5	-1.4434	1.3152
4	2.0817	-0.00492	0.00492	0.5	2.0207	1.3152
5	2.3094	-0.008294	0.008294	-2	1.1547	1.3152
5	2.3094	-0.008294	0.008294	-6.1706e-09	-2.3094	1.3152
5	2.3094	-0.008294	0.008294	2	1.1547	1.3152
6	2.5166	-0.004147	0.004147	1	-2.3094	1.3152
6	2.5166	-0.004147	0.004147	-1.5	2.0207	1.3152
6	2.5166	-0.004147	0.004147	-2.5	0.28868	1.3152
6	2.5166	-0.004147	0.004147	-1	-2.3094	1.3152
6	2.5166	-0.004147	0.004147	2.5	0.28868	1.3152
6	2.5166	-0.004147	0.004147	1.5	2.0207	1.3152
7	2.8868	-0.001508	0.001508	2.5	-1.4434	1.3152
7	2.8868	-0.001508	0.001508	-2.5	-1.4434	1.3152
7	2.8868	-0.001508	0.001508	1.2341e-08	2.8868	1.3152
8	3.0551	-6.3e-05	6.3e-05	2	-2.3094	1.3152
8	3.0551	-6.3e-05	6.3e-05	-1	2.8868	1.3152
8	3.0551	-6.3e-05	6.3e-05	-3	-0.57735	1.3152
8	3.0551	-6.3e-05	6.3e-05	3	-0.57735	1.3152
8	3.0551	-6.3e-05	6.3e-05	-2	-2.3094	1.3152
8	3.0551	-6.3e-05	6.3e-05	1	2.8868	1.3152
9	3.2146	-0.001719	0.001719	-2.5	2.0207	1.3152
9	3.2146	-0.001719	0.001719	-3	1.1547	1.3152
9	3.2146	-0.001719	0.001719	0.5	-3.1754	1.3152
9	3.2146	-0.001719	0.001719	-0.5	-3.1754	1.3152
9	3.2146	-0.001719	0.001719	3	1.1547	1.3152
9	3.2146	-0.001719	0.001719	2.5	2.0207	1.3152
10	3.5119	-0.000296	0.000296	1.5	-3.1754	1.3152
10	3.5119	-0.000296	0.000296	-2	2.8868	1.3152
10	3.5119	-0.000296	0.000296	-3.5	0.28868	1.3152
10	3.5119	-0.000296	0.000296	-1.5	-3.1754	1.3152
10	3.5119	-0.000296	0.000296	3.5	0.28868	1.3152
10	3.5119	-0.000296	0.000296	2	2.8868	1.3152
11	3.7859	0.000301	0.000301	3	-2.3094	1.3152
11	3.7859	0.000301	0.000301	3.5	-1.4434	1.3152
11	3.7859	0.000301	0.000301	-0.5	3.7528	1.3152
11	3.7859	0.000301	0.000301	-3.5	-1.4434	1.3152
11	3.7859	0.000301	0.000301	-3	-2.3094	1.3152
11	3.7859	0.000301	0.000301	0.5	3.7528	1.3152
12	4.0415	-0.000301	0.000301	-3.5	2.0207	1.3152
12	4.0415	-0.000301	0.000301	-1.2341e-08	-4.0415	1.3152
12	4.0415	-0.000301	0.000301	3.5	2.0207	1.3152
12	4.0415	0.0003	0.0003	2.5	-3.1754	1.3152
12	4.0415	0.0003	0.0003	-1.5	3.7528	1.3152
12	4.0415	0.0003	0.0003	-4	-0.57735	1.3152
12	4.0415	0.0003	0.0003	4	-0.57735	1.3152
12	4.0415	0.0003	0.0003	-2.5	-3.1754	1.3152
12	4.0415	0.0003	0.0003	1.5	3.7528	1.3152
13	4.1633	-0.000186	0.000186	-3	2.8868	1.3152
13	4.1633	-0.000186	0.000186	-4	1.1547	1.3152
13	4.1633	-0.000186	0.000186	1	-4.0415	1.3152
13	4.1633	-0.000186	0.000186	-1	-4.0415	1.3152
13	4.1633	-0.000186	0.000186	4	1.1547	1.3152
13	4.1633	-0.000186	0.000186	3	2.8868	1.3152
14	4.5092	0.000196	0.000196	2	-4.0415	1.3152
14	4.5092	0.000196	0.000196	-2.5	3.7528	1.3152
14	4.5092	0.000196	0.000196	-4.5	0.28868	1.3152
14	4.5092	0.000196	0.000196	4.5	0.28868	1.3152
14	4.5092	0.000196	0.000196	-2	-4.0415	1.3152
14	4.5092	0.000196	0.000196	2.5	3.7528	1.3152
15	4.6188	5.6e-05	5.6e-05	4	-2.3094	1.3152
15	4.6188	5.6e-05	5.6e-05	1.8512e-08	4.6188	1.3152
15	4.6188	5.6e-05	5.6e-05	-4	-2.3094	1.3152
16	4.7258	9.5e-05	9.5e-05	3.5	-3.1754	1.3152
16	4.7258	9.5e-05	9.5e-05	4.5	-1.4434	1.3152
16	4.7258	9.5e-05	9.5e-05	-1	4.6188	1.3152
16	4.7258	9.5e-05	9.5e-05	-4.5	-1.4434	1.3152
16	4.7258	9.5e-05	9.5e-05	-3.5	-3.1754	1.3152
16	4.7258	9.5e-05	9.5e-05	1	4.6188	1.3152
17	4.9329	-9e-06	9e-06	-4	2.8868	1.3152
17	4.9329	-9e-06	9e-06	-4.5	2.0207	1.3152
17	4.9329	-9e-06	9e-06	0.5	-4.9075	1.3152
17	4.9329	-9e-06	9e-06	-0.5	-4.9075	1.3152
17	4.9329	-9e-06	9e-06	4.5	2.0207	1.3152
17	4.9329	-9e-06	9e-06	4	2.8868	1.3152
18	5.0332	6.7e-05	6.7e-05	3	-4.0415	1.3152
18	5.0332	6.7e-05	6.7e-05	-2	4.6188	1.3152
18	5.0332	6.7e-05	6.7e-05	-5	-0.57735	1.3152
18	5.0332	6.7e-05	6.7e-05	5	-0.57735	1.3152
18	5.0332	6.7e-05	6.7e-05	-3	-4.0415	1.3152
18	5.0332	6.7e-05	6.7e-05	2	4.6188	1.3152
19	5.1316	0.000125	0.000125	-3.5	3.7528	1.3152
19	5.1316	0.000125	0.000125	-5	1.1547	1.3152
19	5.1316	0.000125	0.000125	1.5	-4.9075	1.3152
19	5.1316	0.000125	0.000125	-1.5	-4.9075	1.3152
19	5.1316	0.000125	0.000125	5	1.1547	1.3152
19	5.1316	0.000125	0.000125	3.5	3.7528	1.3152
20	5.5076	6.8e-05	6.8e-05	2.5	-4.9075	1.3152
20	5.5076	6.8e-05	6.8e-05	-3	4.6188	1.3152
20	5.5076	6.8e-05	6.8e-05	-5.5	0.28868	1.3152
20	5.5076	6.8e-05	6.8e-05	5.5	0.28868	1.3152
20	5.5076	6.8e-05	6.8e-05	-2.5	-4.9075	1.3152
20	5.5076	6.8e-05	6.8e-05	3	4.6188	1.3152
20	5.5076	3.5e-05	3.5e-05	4.5	-3.1754	1.3152
20	5.5076	3.5e-05	3.5e-05	5	-2.3094	1.3152
20	5.5076	3.5e-05	3.5e-05	-0.5	5.4848	1.3152
20	5.5076	3.5e-05	3.5e-05	-5	-2.3094	1.3152
20	5.5076	3.5e-05	3.5e-05	0.5	5.4848	1.3152
20	5.5076	3.5e-05	3.5e-05	-4.5	-3.1754	1.3152
21	5.6862	5.1e-05	5.1e-05	4	-4.0415	1.3152
21	5.6862	5.1e-05	5.1e-05	5.5	-1.4434	1.3152
21	5.6862	5.1e-05	5.1e-05	-1.5	5.4848	1.3152
21	5.6862	5.1e-05	5.1e-05	-5.5	-1.4434	1.3152
21	5.6862	5.1e-05	5.1e-05	-4	-4.0415	1.3152
21	5.6862	5.1e-05	5.1e-05	1.5	5.4848	1.3152
22	5.7735	7.9e-05	7.9e-05	-5	2.8868	1.3152
22	5.7735	7.9e-05	7.9e-05	-1.8512e-08	-5.7735	1.3152
22	5.7735	7.9e-05	7.9e-05	5	2.8868	1.3152
23	5.8595	1e-06	1e-06	-4.5	3.7528	1.3152
23	5.8595	1e-06	1e-06	-5.5	2.0207	1.3152
23	5.8595	1e-06	1e-06	1	-5.7735	1.3152
23	5.8595	1e-06	1e-06	-1	-5.7735	1.3152
23	5.8595	1e-06	1e-06	5.5	2.0207	1.3152
23	5.8595	1e-06	1e-06	4.5	3.7528	1.3152
24	6.0277	3.1e-05	3.1e-05	3.5	-4.9075	1.3152
24	6.0277	3.1e-05	3.1e-05	-2.5	5.4848	1.3152
24	6.0277	3.1e-05	3.1e-05	-6	-0.57735	1.3152
24	6.0277	3.1e-05	3.1e-05	6	-0.57735	1.3152
24	6.0277	3.1e-05	3.1e-05	-3.5	-4.9075	1.3152
24	6.0277	3.1e-05	3.1e-05	2.5	5.4848	1.3152
25	6.1101	6.8e-05	6.8e-05	-4	4.6188	1.3152
25	6.1101	6.8e-05	6.8e-05	2	-5.7735	1.3152
25	6.1101	6.8e-05	6.8e-05	-6	1.1547	1.3152
25	6.1101	6.8e-05	6.8e-05	-2	-5.7735	1.3152
25	6.1101	6.8e-05	6.8e-05	6	1.1547	1.3152
25	6.1101	6.8e-05	6.8e-05	4	4.6188	1.3152
26	6.3509	4e-06	4e-06	5.5	-3.1754	1.3152
26	6.3509	4e-06	4e-06	2.4682e-08	6.3509	1.3152
26	6.3509	4e-06	4e-06	-5.5	-3.1754	1.3152
27	6.4291	2e-05	2e-05	5	-4.0415	1.3152
27	6.4291	2e-05	2e-05	6	-2.3094	1.3152
27	6.4291	2e-05	2e-05	-1	6.3509	1.3152
27	6.4291	2e-05	2e-05	-6	-2.3094	1.3152
27	6.4291	2e-05	2e-05	1	6.3509	1.3152
27	6.4291	2e-05	2e-05	-5	-4.0415	1.3152
28	6.5064	1.6e-05	1.6e-05	3	-5.7735	1.3152
28	6.5064	1.6e-05	1.6e-05	-3.5	5.4848	1.3152
28	6.5064	1.6e-05	1.6e-05	-6.5	0.28868	1.3152
28	6.5064	1.6e-05	1.6e-05	6.5	0.28868	1.3152
28	6.5064	1.6e-05	1.6e-05	-3	-5.7735	1.3152
28	6.5064	1.6e-05	1.6e-05	3.5	5.4848	1.3152
29	6.6583	2.7e-05	2.7e-05	-5.5	3.7528	1.3152
29	6.6583	2.7e-05	2.7e-05	-6	2.8868	1.3152
29	6.6583	2.7e-05	2.7e-05	0.5	-6.6395	1.3152
29	6.6583	2.7e-05	2.7e-05	-0.5	-6.6395	1.3152
29	6.6583	2.7e-05	2.7e-05	6	2.8868	1.3152
29	6.6583	2.7e-05	2.7e-05	5.5	3.7528	1.3152
29	6.6583	3e-06	3e-06	4.5	-4.9075	1.3152
29	6.6583	3e-06	3e-06	-2	6.3509	1.3152
29	6.6583	3e-06	3e-06	6.5	-1.4434	1.3152
29	6.6583	3e-06	3e-06	-6.5	-1.4434	1.3152
29	6.6583	3e-06	3e-06	-4.5	-4.9075	1.3152
29	6.6583	3e-06	3e-06	2	6.3509	1.3152
30	6.8069	4.1e-05	4.1e-05	-5	4.6188	1.3152
30	6.8069	4.1e-05	4.1e-05	-6.5	2.0207	1.3152
30	6.8069	4.1e-05	4.1e-05	1.5	-6.6395	1.3152
30	6.8069	4.1e-05	4.1e-05	-1.5	-6.6395	1.3152
30	6.8069	4.1e-05	4.1e-05	6.5	2.0207	1.3152
30	6.8069	4.1e-05	4.1e-05	5	4.6188	1.3152
31	7.0238	2e-05	2e-05	4	-5.7735	1.3152
31	7.0238	2e-05	2e-05	-3	6.3509	1.3152
31	7.0238	2e-05	2e-05	-7	-0.57735	1.3152
31	7.0238	2e-05	2e-05	7	-0.57735	1.3152
31	7.0238	2e-05	2e-05	-4	-5.7735	1.3152
31	7.0238	2e-05	2e-05	3	6.3509	1.3152
32	7.0946	1.7e-05	1.7e-05	-4.5	5.4848	1.3152
32	7.0946	1.7e-05	1.7e-05	2.5	-6.6395	1.3152
32	7.0946	1.7e-05	1.7e-05	-7	1.1547	1.3152
32	7.0946	1.7e-05	1.7e-05	7	1.1547	1.3152
32	7.0946	1.7e-05	1.7e-05	-2.5	-6.6395	1.3152
32	7.0946	1.7e-05	1.7e-05	4.5	5.4848	1.3152
33	7.2342	1.8e-05	1.8e-05	6	-4.0415	1.3152
33	7.2342	1.8e-05	1.8e-05	6.5	-3.1754	1.3152
33	7.2342	1.8e-05	1.8e-05	-0.5	7.2169	1.3152
33	7.2342	1.8e-05	1.8e-05	0.5	7.2169	1.3152
33	7.2342	1.8e-05	1.8e-05	-6.5	-3.1754	1.3152
33	7.2342	1.8e-05	1.8e-05	-6	-4.0415	1.3152
34	7.3711	1.2e-05	1.2e-05	5.5	-4.9075	1.3152
34	7.3711	1.2e-05	1.2e-05	7	-2.3094	1.3152
34	7.3711	1.2e-05	1.2e-05	-1.5	7.2169	1.3152
34	7.3711	1.2e-05	1.2e-05	-7	-2.3094	1.3152
34	7.3711	1.2e-05	1.2e-05	1.5	7.2169	1.3152
34	7.3711	1.2e-05	1.2e-05	-5.5	-4.9075	1.3152
35	7.5056	7e-06	7e-06	3.5	-6.6395	1.3152
35	7.5056	7e-06	7e-06	-4	6.3509	1.3152
35	7.5056	7e-06	7e-06	-7.5	0.28868	1.3152
35	7.5056	7e-06	7e-06	7.5	0.28868	1.3152
35	7.5056	7e-06	7e-06	-3.5	-6.6395	1.3152
35	7.5056	7e-06	7e-06	4	6.3509	1.3152
35	7.5056	-4e-06	4e-06	-6.5	3.7528	1.3152
35	7.5056	-4e-06	4e-06	-2.4682e-08	-7.5056	1.3152
35	7.5056	-4e-06	4e-06	6.5	3.7528	1.3152
36	7.5719	1.8e-05	1.8e-05	-6	4.6188	1.3152
36	7.5719	1.8e-05	1.8e-05	-7	2.8868	1.3152
36	7.5719	1.8e-05	1.8e-05	1	-7.5056	1.3152
36	7.5719	1.8e-05	1.8e-05	-1	-7.5056	1.3152
36	7.5719	1.8e-05	1.8e-05	7	2.8868	1.3152
36	7.5719	1.8e-05	1.8e-05	6	4.6188	1.3152
37	7.6376	2e-05	2e-05	5	-5.7735	1.3152
37	7.6376	2e-05	2e-05	-2.5	7.2169	1.3152
37	7.6376	2e-05	2e-05	7.5	-1.4434	1.3152
37	7.6376	2e-05	2e-05	-7.5	-1.4434	1.3152
37	7.6376	2e-05	2e-05	-5	-5.7735	1.3152
37	7.6376	2e-05	2e-05	2.5	7.2169	1.3152
38	7.7675	3e-06	3e-06	-5.5	5.4848	1.3152
38	7.7675	3e-06	3e-06	-7.5	2.0207	1.3152
38	7.7675	3e-06	3e-06	2	-7.5056	1.3152
38	7.7675	3e-06	3e-06	-2	-7.5056	1.3152
38	7.7675	3e-06	3e-06	7.5	2.0207	1.3152
38	7.7675	3e-06	3e-06	5.5	5.4848	1.3152
39	8.0208	4e-06	4e-06	4.5	-6.6395	1.3152
39	8.0208	4e-06	4e-06	-3.5	7.2169	1.3152
39	8.0208	4e-06	4e-06	-8	-0.57735	1.3152
39	8.0208	4e-06	4e-06	8	-0.57735	1.3152
39	8.0208	4e-06	4e-06	-4.5	-6.6395	1.3152
39	8.0208	4e-06	4e-06	3.5	7.2169	1.3152
40	8.0829	1.3e-05	1.3e-05	7	-4.0415	1.3152
40	8.0829	1.3e-05	1.3e-05	3.0853e-08	8.0829	1.3152
40	8.0829	1.3e-05	1.3e-05	-7	-4.0415	1.3152
40	8.0829	6e-06	6e-06	-5	6.3509	1.3152
40	8.0829	6e-06	6e-06	3	-7.5056	1.3152
40	8.0829	6e-06	6e-06	-8	1.1547	1.3152
40	8.0829	6e-06	6e-06	8	1.1547	1.3152
40	8.0829	6e-06	6e-06	-3	-7.5056	1.3152
40	8.0829	6e-06	6e-06	5	6.3509	1.3152
41	8.1445	1e-05	1e-05	6.5	-4.9075	1.3152
41	8.1445	1e-05	1e-05	7.5	-3.1754	1.3152
41	8.1445	1e-05	1e-05	-1	8.0829	1.3152
41	8.1445	1e-05	1e-05	1	8.0829	1.3152
41	8.1445	1e-05	1e-05	-7.5	-3.1754	1.3152
41	8.1445	1e-05	1e-05	-6.5	-4.9075	1.3152
42	8.3267	6e-06	6e-06	6	-5.7735	1.3152
42	8.3267	6e-06	6e-06	8	-2.3094	1.3152
42	8.3267	6e-06	6e-06	-2	8.0829	1.3152
42	8.3267	6e-06	6e-06	-8	-2.3094	1.3152
42	8.3267	6e-06	6e-06	2	8.0829	1.3152
42	8.3267	6e-06	6e-06	-6	-5.7735	1.3152
43	8.3865	4e-06	4e-06	-7	4.6188	1.3152
43	8.3865	4e-06	4e-06	-7.5	3.7528	1.3152
43	8.3865	4e-06	4e-06	0.5	-8.3716	1.3152
43	8.3865	4e-06	4e-06	-0.5	-8.3716	1.3152
43	8.3865	4e-06	4e-06	7.5	3.7528	1.3152
43	8.3865	4e-06	4e-06	7	4.6188	1.3152
44	8.5049	6e-06	6e-06	-6.5	5.4848	1.3152
44	8.5049	6e-06	6e-06	-8	2.8868	1.3152
44	8.5049	6e-06	6e-06	1.5	-8.3716	1.3152
44	8.5049	6e-06	6e-06	-1.5	-8.3716	1.3152
44	8.5049	6e-06	6e-06	8	2.8868	1.3152
44	8.5049	6e-06	6e-06	6.5	5.4848	1.3152
44	8.5049	-1e-06	1e-06	4	-7.5056	1.3152
44	8.5049	-1e-06	1e-06	-4.5	7.2169	1.3152
44	8.5049	-1e-06	1e-06	-8.5	0.28868	1.3152
44	8.5049	-1e-06	1e-06	8.5	0.28868	1.3152
44	8.5049	-1e-06	1e-06	-4	-7.5056	1.3152
44	8.5049	-1e-06	1e-06	4.5	7.2169	1.3152
45	8.6217	-3e-06	3e-06	5.5	-6.6395	1.3152
45	8.6217	-3e-06	3e-06	-3	8.0829	1.3152
45	8.6217	-3e-06	3e-06	8.5	-1.4434	1.3152
45	8.6217	-3e-06	3e-06	-8.5	-1.4434	1.3152
45	8.6217	-3e-06	3e-06	-5.5	-6.6395	1.3152
45	8.6217	-3e-06	3e-06	3	8.0829	1.3152
46	8.7369	3e-06	3e-06	-6	6.3509	1.3152
46	8.7369	3e-06	3e-06	-8.5	2.0207	1.3152
46	8.7369	3e-06	3e-06	2.5	-8.3716	1.3152
46	8.7369	3e-06	3e-06	-2.5	-8.3716	1.3152
46	8.7369	3e-06	3e-06	8.5	2.0207	1.3152
46	8.7369	3e-06	3e-06	6	6.3509	1.3152
47	8.9629	1.6e-05	1.6e-05	7.5	-4.9075	1.3152
47	8.9629	1.6e-05	1.6e-05	8	-4.0415	1.3152
47	8.9629	1.6e-05	1.6e-05	-0.5	8.9489	1.3152
47	8.9629	1.6e-05	1.6e-05	0.5	8.9489	1.3152
47	8.9629	1.6e-05	1.6e-05	-8	-4.0415	1.3152
47	8.9629	1.6e-05	1.6e-05	-7.5	-4.9075	1.3152
48	9.0185	4e-06	4e-06	5	-7.5056	1.3152
48	9.0185	4e-06	4e-06	-4	8.0829	1.3152
48	9.0185	4e-06	4e-06	-9	-0.57735	1.3152
48	9.0185	4e-06	4e-06	9	-0.57735	1.3152
48	9.0185	4e-06	4e-06	-5	-7.5056	1.3152
48	9.0185	4e-06	4e-06	4	8.0829	1.3152
49	9.0738	-2.2e-05	2.2e-05	-5.5	7.2169	1.3152
49	9.0738	-2.2e-05	2.2e-05	3.5	-8.3716	1.3152
49	9.0738	-2.2e-05	2.2e-05	-9	1.1547	1.3152
49	9.0738	-2.2e-05	2.2e-05	9	1.1547	1.3152
49	9.0738	-2.2e-05	2.2e-05	-3.5	-8.3716	1.3152
49	9.0738	-2.2e-05	2.2e-05	5.5	7.2169	1.3152
49	9.0738	-5e-06	5e-06	7	-5.7735	1.3152
49	9.0738	-5e-06	5e-06	8.5	-3.1754	1.3152
49	9.0738	-5e-06	5e-06	-1.5	8.9489	1.3152
49	9.0738	-5e-06	5e-06	-8.5	-3.1754	1.3152
49	9.0738	-5e-06	5e-06	1.5	8.9489	1.3152
49	9.0738	-5e-06	5e-06	-7	-5.7735	1.3152
50	9.2376	-3e-06	3e-06	-8	4.6188	1.3152
50	9.2376	-3e-06	3e-06	-3.0853e-08	-9.2376	1.3152
50	9.2376	-3e-06	3e-06	8	4.6188	1.3152
51	9.2916	3e-06	3e-06	-7.5	5.4848	1.3152
51	9.2916	3e-06	3e-06	-8.5	3.7528	1.3152
51	9.2916	3e-06	3e-06	1	-9.2376	1.3152
51	9.2916	3e-06	3e-06	-1	-9.2376	1.3152
51	9.2916	3e-06	3e-06	8.5	3.7528	1.3152
51	9.2916	3e-06	3e-06	7.5	5.4848	1.3152
51	9.2916	1e-06	1e-06	6.5	-6.6395	1.3152
51	9.2916	1e-06	1e-06	9	-2.3094	1.3152
51	9.2916	1e-06	1e-06	-2.5	8.9489	1.3152
51	9.2916	1e-06	1e-06	-9	-2.3094	1.3152
51	9.2916	1e-06	1e-06	2.5	8.9489	1.3152
51	9.2916	1e-06	1e-06	-6.5	-6.6395	1.3152
52	9.4516	7e-06	7e-06	-7	6.3509	1.3152
52	9.4516	7e-06	7e-06	-9	2.8868	1.3152
52	9.4516	7e-06	7e-06	2	-9.2376	1.3152
52	9.4516	7e-06	7e-06	-2	-9.2376	1.3152
52	9.4516	7e-06	7e-06	9	2.8868	1.3152
52	9.4516	7e-06	7e-06	7	6.3509	1.3152
53	9.5044	-4e-06	4e-06	4.5	-8.3716	1.3152
53	9.5044	-4e-06	4e-06	-5	8.0829	1.3152
53	9.5044	-4e-06	4e-06	-9.5	0.28868	1.3152
53	9.5044	-4e-06	4e-06	9.5	0.28868	1.3152
53	9.5044	-4e-06	4e-06	-4.5	-8.3716	1.3152
53	9.5044	-4e-06	4e-06	5	8.0829	1.3152
54	9.609	4e-06	4e-06	6	-7.5056	1.3152
54	9.609	4e-06	4e-06	-3.5	8.9489	1.3152
54	9.609	4e-06	4e-06	9.5	-1.4434	1.3152
54	9.609	4e-06	4e-06	-9.5	-1.4434	1.3152
54	9.609	4e-06	4e-06	-6	-7.5056	1.3152
54	9.609	4e-06	4e-06	3.5	8.9489	1.3152
55	9.7125	-1.1e-05	1.1e-05	-6.5	7.2169	1.3152
55	9.7125	-1.1e-05	1.1e-05	3	-9.2376	1.3152
55	9.7125	-1.1e-05	1.1e-05	-9.5	2.0207	1.3152
55	9.7125	-1.1e-05	1.1e-05	9.5	2.0207	1.3152
55	9.7125	-1.1e-05	1.1e-05	-3	-9.2376	1.3152
55	9.7125	-1.1e-05	1.1e-05	6.5	7.2169	1.3152
56	9.815	-9e-06	9e-06	8.5	-4.9075	1.3152
56	9.815	-9e-06	9e-06	3.7024e-08	9.815	1.3152
56	9.815	-9e-06	9e-06	-8.5	-4.9075	1.3152
57	9.8658	-8e-06	8e-06	8	-5.7735	1.3152
57	9.8658	-8e-06	8e-06	9	-4.0415	1.3152
57	9.8658	-8e-06	8e-06	-1	9.815	1.3152
57	9.8658	-8e-06	8e-06	1	9.815	1.3152
57	9.8658	-8e-06	8e-06	-9	-4.0415	1.3152
57	9.8658	-8e-06	8e-06	-8	-5.7735	1.3152
58	10.017	-1.5e-05	1.5e-05	7.5	-6.6395	1.3152
58	10.017	-1.5e-05	1.5e-05	9.5	-3.1754	1.3152
58	10.017	-1.5e-05	1.5e-05	-2	9.815	1.3152
58	10.017	-1.5e-05	1.5e-05	-9.5	-3.1754	1.3152
58	10.017	-1.5e-05	1.5e-05	2	9.815	1.3152
58	10.017	-1.5e-05	1.5e-05	-7.5	-6.6395	1.3152
58	10.017	-1e-05	1e-05	5.5	-8.3716	1.3152
58	10.017	-1e-05	1e-05	-4.5	8.9489	1.3152
58	10.017	-1e-05	1e-05	-10	-0.57735	1.3152
58	10.017	-1e-05	1e-05	10	-0.57735	1.3152
58	10.017	-1e-05	1e-05	-5.5	-8.3716	1.3152
58	10.017	-1e-05	1e-05	4.5	8.9489	1.3152
59	10.066	-1.2e-05	1.2e-05	-6	8.0829	1.3152
59	10.066	-1.2e-05	1.2e-05	4	-9.2376	1.3152
59	10.066	-1.2e-05	1.2e-05	-10	1.1547	1.3152
59	10.066	-1.2e-05	1.2e-05	10	1.1547	1.3152
59	10.066	-1.2e-05	1.2e-05	-4	-9.2376	1.3152
59	10.066	-1.2e-05	1.2e-05	6	8.0829	1.3152
60	10.116	-1e-05	1e-05	-8.5	5.4848	1.3152
60	10.116	-1e-05	1e-05	-9	4.6188	1.3152
60	10.116	-1e-05	1e-05	0.5	-10.104	1.3152
60	10.116	-1e-05	1e-05	-0.5	-10.104	1.3152
60	10.116	-1e-05	1e-05	9	4.6188	1.3152
60	10.116	-1e-05	1e-05	8.5	5.4848	1.3152
61	10.214	6e-06	6e-06	-8	6.3509	1.3152
61	10.214	6e-06	6e-06	-9.5	3.7528	1.3152
61	10.214	6e-06	6e-06	1.5	-10.104	1.3152
61	10.214	6e-06	6e-06	-1.5	-10.104	1.3152
61	10.214	6e-06	6e-06	9.5	3.7528	1.3152
61	10.214	6e-06	6e-06	8	6.3509	1.3152
62	10.263	0	0	7	-7.5056	1.3152
62	10.263	0	0	-3	9.815	1.3152
62	10.263	0	0	10	-2.3094	1.3152
62	10.263	0	0	-10	-2.3094	1.3152
62	10.263	0	0	3	9.815	1.3152
62	10.263	0	0	-7	-7.5056	1.3152
63	10.408	-4e-06	4e-06	-7.5	7.2169	1.3152
63	10.408	-4e-06	4e-06	-10	2.8868	1.3152
63	10.408	-4e-06	4e-06	2.5	-10.104	1.3152
63	10.408	-4e-06	4e-06	-2.5	-10.104	1.3152
63	10.408	-4e-06	4e-06	10	2.8868	1.3152
63	10.408	-4e-06	4e-06	7.5	7.2169	1.3152
64	10.504	-5e-06	5e-06	5	-9.2376	1.3152
64	10.504	-5e-06	5e-06	-5.5	8.9489	1.3152
64	10.504	-5e-06	5e-06	-10.5	0.28868	1.3152
64	10.504	-5e-06	5e-06	10.5	0.28868	1.3152
64	10.504	-5e-06	5e-06	-5	-9.2376	1.3152
64	10.504	-5e-06	5e-06	5.5	8.9489	1.3152
65	10.599	-5e-06	5e-06	6.5	-8.3716	1.3152
65	10.599	-5e-06	5e-06	-4	9.815	1.3152
65	10.599	-5e-06	5e-06	10.5	-1.4434	1.3152
65	10.599	-5e-06	5e-06	-10.5	-1.4434	1.3152
65	10.599	-5e-06	5e-06	-6.5	-8.3716	1.3152
65	10.599	-5e-06	5e-06	4	9.815	1.3152
66	10.693	7e-06	7e-06	9	-5.7735	1.3152
66	10.693	7e-06	7e-06	9.5	-4.9075	1.3152
66	10.693	7e-06	7e-06	-0.5	10.681	1.3152
66	10.693	7e-06	7e-06	0.5	10.681	1.3152
66	10.693	7e-06	7e-06	-9.5	-4.9075	1.3152
66	10.693	7e-06	7e-06	-9	-5.7735	1.3152
66	10.693	1e-06	1e-06	-7	8.0829	1.3152
66	10.693	1e-06	1e-06	3.5	-10.104	1.3152
66	10.693	1e-06	1e-06	-10.5	2.0207	1.3152
66	10.693	1e-06	1e-06	10.5	2.0207	1.3152
66	10.693	1e-06	1e-06	-3.5	-10.104	1.3152
66	10.693	1e-06	1e-06	7	8.0829	1.3152
67	10.786	-4e-06	4e-06	8.5	-6.6395	1.3152
67	10.786	-4e-06	4e-06	10	-4.0415	1.3152
67	10.786	-4e-06	4e-06	-1.5	10.681	1.3152
67	10.786	-4e-06	4e-06	1.5	10.681	1.3152
67	10.786	-4e-06	4e-06	-10	-4.0415	1.3152
67	10.786	-4e-06	4e-06	-8.5	-6.6395	1.3152
68	10.97	-8e-06	8e-06	8	-7.5056	1.3152
68	10.97	-8e-06	8e-06	10.5	-3.1754	1.3152
68	10.97	-8e-06	8e-06	-2.5	10.681	1.3152
68	10.97	-8e-06	8e-06	-10.5	-3.1754	1.3152
68	10.97	-8e-06	8e-06	2.5	10.681	1.3152
68	10.97	-8e-06	8e-06	-8	-7.5056	1.3152
68	10.97	-4e-06	4e-06	-9.5	5.4848	1.3152
68	10.97	-4e-06	4e-06	-3.7024e-08	-10.97	1.3152
68	10.97	-4e-06	4e-06	9.5	5.4848	1.3152
69	11.015	-9e-06	9e-06	-9	6.3509	1.3152
69	11.015	-9e-06	9e-06	6	-9.2376	1.3152
69	11.015	-9e-06	9e-06	-10	4.6188	1.3152
69	11.015	-9e-06	9e-06	-5	9.815	1.3152
69	11.015	-9e-06	9e-06	1	-10.97	1.3152
69	11.015	-9e-06	9e-06	-11	-0.57735	1.3152
69	11.015	-9e-06	9e-06	11	-0.57735	1.3152
69	11.015	-9e-06	9e-06	-1	-10.97	1.3152
69	11.015	-9e-06	9e-06	-6	-9.2376	1.3152
69	11.015	-9e-06	9e-06	10	4.6188	1.3152
69	11.015	-9e-06	9e-06	5	9.815	1.3152
69	11.015	-9e-06	9e-06	9	6.3509	1.3152
70	11.06	2e-06	2e-06	-6.5	8.9489	1.3152
70	11.06	2e-06	2e-06	4.5	-10.104	1.3152
70	11.06	2e-06	2e-06	-11	1.1547	1.3152
70	11.06	2e-06	2e-06	11	1.1547	1.3152
70	11.06	2e-06	2e-06	-4.5	-10.104	1.3152
70	11.06	2e-06	2e-06	6.5	8.9489	1.3152
71	11.15	8e-06	8e-06	-8.5	7.2169	1.3152
71	11.15	8e-06	8e-06	-10.5	3.7528	1.3152
71	11.15	8e-06	8e-06	2	-10.97	1.3152
71	11.15	8e-06	8e-06	-2	-10.97	1.3152
71	11.15	8e-06	8e-06	10.5	3.7528	1.3152
71	11.15	8e-06	8e-06	8.5	7.2169	1.3152
72	11.24	-5e-06	5e-06	7.5	-8.3716	1.3152
72	11.24	-5e-06	5e-06	-3.5	10.681	1.3152
72	11.24	-5e-06	5e-06	11	-2.3094	1.3152
72	11.24	-5e-06	5e-06	-11	-2.3094	1.3152
72	11.24	-5e-06	5e-06	3.5	10.681	1.3152
72	11.24	-5e-06	5e-06	-7.5	-8.3716	1.3152
73	11.372	-3e-06	3e-06	-8	8.0829	1.3152
73	11.372	-3e-06	3e-06	-11	2.8868	1.3152
73	11.372	-3e-06	3e-06	3	-10.97	1.3152
73	11.372	-3e-06	3e-06	-3	-10.97	1.3152
73	11.372	-3e-06	3e-06	11	2.8868	1.3152
73	11.372	-3e-06	3e-06	8	8.0829	1.3152
74	11.504	7e-06	7e-06	5.5	-10.104	1.3152
74	11.504	7e-06	7e-06	-6	9.815	1.3152
74	11.504	7e-06	7e-06	-11.5	0.28868	1.3152
74	11.504	7e-06	7e-06	11.5	0.28868	1.3152
74	11.504	7e-06	7e-06	-5.5	-10.104	1.3152
74	11.504	7e-06	7e-06	6	9.815	1.3152
75	11.547	9e-06	9e-06	10	-5.7735	1.3152
75	11.547	9e-06	9e-06	4.3194e-08	11.547	1.3152
75	11.547	9e-06	9e-06	-10	-5.7735	1.3152
76	11.59	1.1e-05	1.1e-05	9.5	-6.6395	1.3152
76	11.59	1.1e-05	1.1e-05	10.5	-4.9075	1.3152
76	11.59	1.1e-05	1.1e-05	-1	11.547	1.3152
76	11.59	1.1e-05	1.1e-05	1	11.547	1.3152
76	11.59	1.1e-05	1.1e-05	-10.5	-4.9075	1.3152
76	11.59	1.1e-05	1.1e-05	-9.5	-6.6395	1.3152
76	11.59	4e-06	4e-06	7	-9.2376	1.3152
76	11.59	4e-06	4e-06	-4.5	10.681	1.3152
76	11.59	4e-06	4e-06	11.5	-1.4434	1.3152
76	11.59	4e-06	4e-06	-11.5	-1.4434	1.3152
76	11.59	4e-06	4e-06	-7	-9.2376	1.3152
76	11.59	4e-06	4e-06	4.5	10.681	1.3152
77	11.676	-1e-06	1e-06	-7.5	8.9489	1.3152
77	11.676	-1e-06	1e-06	4	-10.97	1.3152
77	11.676	-1e-06	1e-06	-11.5	2.0207	1.3152
77	11.676	-1e-06	1e-06	11.5	2.0207	1.3152
77	11.676	-1e-06	1e-06	-4	-10.97	1.3152
77	11.676	-1e-06	1e-06	7.5	8.9489	1.3152
78	11.719	-2e-06	2e-06	9	-7.5056	1.3152
78	11.719	-2e-06	2e-06	11	-4.0415	1.3152
78	11.719	-2e-06	2e-06	-2	11.547	1.3152
78	11.719	-2e-06	2e-06	-11	-4.0415	1.3152
78	11.719	-2e-06	2e-06	2	11.547	1.3152
78	11.719	-2e-06	2e-06	-9	-7.5056	1.3152
79	11.846	-1.7e-05	1.7e-05	-10	6.3509	1.3152
79	11.846	-1.7e-05	1.7e-05	-10.5	5.4848	1.3152
79	11.846	-1.7e-05	1.7e-05	0.5	-11.836	1.3152
79	11.846	-1.7e-05	1.7e-05	-0.5	-11.836	1.3152
79	11.846	-1.7e-05	1.7e-05	10.5	5.4848	1.3152
79	11.846	-1.7e-05	1.7e-05	10	6.3509	1.3152
80	11.93	-5e-06	5e-06	-9.5	7.2169	1.3152
80	11.93	-5e-06	5e-06	-11	4.6188	1.3152
80	11.93	-5e-06	5e-06	1.5	-11.836	1.3152
80	11.93	-5e-06	5e-06	-1.5	-11.836	1.3152
80	11.93	-5e-06	5e-06	11	4.6188	1.3152
80	11.93	-5e-06	5e-06	9.5	7.2169	1.3152
80	11.93	3e-06	3e-06	8.5	-8.3716	1.3152
80	11.93	3e-06	3e-06	11.5	-3.1754	1.3152
80	11.93	3e-06	3e-06	-3	11.547	1.3152
80	11.93	3e-06	3e-06	-11.5	-3.1754	1.3152
80	11.93	3e-06	3e-06	3	11.547	1.3152
80	11.93	3e-06	3e-06	-8.5	-8.3716	1.3152
81	12.014	-3e-06	3e-06	6.5	-10.104	1.3152
81	12.014	-3e-06	3e-06	-5.5	10.681	1.3152
81	12.014	-3e-06	3e-06	-12	-0.57735	1.3152
81	12.014	-3e-06	3e-06	12	-0.57735	1.3152
81	12.014	-3e-06	3e-06	-6.5	-10.104	1.3152
81	12.014	-3e-06	3e-06	5.5	10.681	1.3152
82	12.055	-3e-06	3e-06	-7	9.815	1.3152
82	12.055	-3e-06	3e-06	5	-10.97	1.3152
82	12.055	-3e-06	3e-06	-12	1.1547	1.3152
82	12.055	-3e-06	3e-06	12	1.1547	1.3152
82	12.055	-3e-06	3e-06	-5	-10.97	1.3152
82	12.055	-3e-06	3e-06	7	9.815	1.3152
83	12.097	1e-06	1e-06	-9	8.0829	1.3152
83	12.097	1e-06	1e-06	-11.5	3.7528	1.3152
83	12.097	1e-06	1e-06	2.5	-11.836	1.3152
83	12.097	1e-06	1e-06	-2.5	-11.836	1.3152
83	12.097	1e-06	1e-06	11.5	3.7528	1.3152
83	12.097	1e-06	1e-06	9	8.0829	1.3152
84	12.22	9e-06	9e-06	8	-9.2376	1.3152
84	12.22	9e-06	9e-06	-4	11.547	1.3152
84	12.22	9e-06	9e-06	12	-2.3094	1.3152
84	12.22	9e-06	9e-06	-12	-2.3094	1.3152
84	12.22	9e-06	9e-06	4	11.547	1.3152
84	12.22	9e-06	9e-06	-8	-9.2376	1.3152
85	12.342	2e-06	2e-06	-8.5	8.9489	1.3152
85	12.342	2e-06	2e-06	-12	2.8868	1.3152
85	12.342	2e-06	2e-06	3.5	-11.836	1.3152
85	12.342	2e-06	2e-06	-3.5	-11.836	1.3152
85	12.342	2e-06	2e-06	12	2.8868	1.3152
85	12.342	2e-06	2e-06	8.5	8.9489	1.3152
86	12.423	5e-06	5e-06	10.5	-6.6395	1.3152
86	12.423	5e-06	5e-06	11	-5.7735	1.3152
86	12.423	5e-06	5e-06	-0.5	12.413	1.3152
86	12.423	5e-06	5e-06	0.5	12.413	1.3152
86	12.423	5e-06	5e-06	-11	-5.7735	1.3152
86	12.423	5e-06	5e-06	-10.5	-6.6395	1.3152
87	12.503	8e-06	8e-06	6	-10.97	1.3152
87	12.503	8e-06	8e-06	-6.5	10.681	1.3152
87	12.503	8e-06	8e-06	-12.5	0.28868	1.3152
87	12.503	8e-06	8e-06	12.5	0.28868	1.3152
87	12.503	8e-06	8e-06	-6	-10.97	1.3152
87	12.503	8e-06	8e-06	6.5	10.681	1.3152
87	12.503	7e-06	7e-06	10	-7.5056	1.3152
87	12.503	7e-06	7e-06	11.5	-4.9075	1.3152
87	12.503	7e-06	7e-06	-1.5	12.413	1.3152
87	12.503	7e-06	7e-06	1.5	12.413	1.3152
87	12.503	7e-06	7e-06	-11.5	-4.9075	1.3152
87	12.503	7e-06	7e-06	-10	-7.5056	1.3152
88	12.583	2e-06	2e-06	7.5	-10.104	1.3152
88	12.583	2e-06	2e-06	-5	11.547	1.3152
88	12.583	2e-06	2e-06	12.5	-1.4434	1.3152
88	12.583	2e-06	2e-06	-12.5	-1.4434	1.3152
88	12.583	2e-06	2e-06	-7.5	-10.104	1.3152
88	12.583	2e-06	2e-06	5	11.547	1.3152
89	12.662	-4e-06	4e-06	9.5	-8.3716	1.3152
89	12.662	-4e-06	4e-06	12	-4.0415	1.3152
89	12.662	-4e-06	4e-06	-2.5	12.413	1.3152
89	12.662	-4e-06	4e-06	-12	-4.0415	1.3152
89	12.662	-4e-06	4e-06	2.5	12.413	1.3152
89	12.662	-4e-06	4e-06	-9.5	-8.3716	1.3152
89	12.662	1e-06	1e-06	-8	9.815	1.3152
89	12.662	1e-06	1e-06	4.5	-11.836	1.3152
89	12.662	1e-06	1e-06	-12.5	2.0207	1.3152
89	12.662	1e-06	1e-06	12.5	2.0207	1.3152
89	12.662	1e-06	1e-06	-4.5	-11.836	1.3152
89	12.662	1e-06	1e-06	8	9.815	1.3152
90	12.702	-5e-06	5e-06	-11	6.3509	1.3152
90	12.702	-5e-06	5e-06	-4.3194e-08	-12.702	1.3152
90	12.702	-5e-06	5e-06	11	6.3509	1.3152
91	12.741	-7e-06	7e-06	-10.5	7.2169	1.3152
91	12.741	-7e-06	7e-06	-11.5	5.4848	1.3152
91	12.741	-7e-06	7e-06	1	-12.702	1.3152
91	12.741	-7e-06	7e-06	-1	-12.702	1.3152
91	12.741	-7e-06	7e-06	11.5	5.4848	1.3152
91	12.741	-7e-06	7e-06	10.5	7.2169	1.3152
92	12.858	-3e-06	3e-06	-10	8.0829	1.3152
92	12.858	-3e-06	3e-06	-12	4.6188	1.3152
92	12.858	-3e-06	3e-06	2	-12.702	1.3152
92	12.858	-3e-06	3e-06	-2	-12.702	1.3152
92	12.858	-3e-06	3e-06	12	4.6188	1.3152
92	12.858	-3e-06	3e-06	10	8.0829	1.3152
93	12.897	-3e-06	3e-06	9	-9.2376	1.3152
93	12.897	-3e-06	3e-06	12.5	-3.1754	1.3152
93	12.897	-3e-06	3e-06	-3.5	12.413	1.3152
93	12.897	-3e-06	3e-06	-12.5	-3.1754	1.3152
93	12.897	-3e-06	3e-06	3.5	12.413	1.3152
93	12.897	-3e-06	3e-06	-9	-9.2376	1.3152
94	13.013	-5e-06	5e-06	7	-10.97	1.3152
94	13.013	-5e-06	5e-06	-6	11.547	1.3152
94	13.013	-5e-06	5e-06	-13	-0.57735	1.3152
94	13.013	-5e-06	5e-06	13	-0.57735	1.3152
94	13.013	-5e-06	5e-06	-7	-10.97	1.3152
94	13.013	-5e-06	5e-06	6	11.547	1.3152
95	13.051	9e-06	9e-06	-7.5	10.681	1.3152
95	13.051	9e-06	9e-06	5.5	-11.836	1.3152
95	13.051	9e-06	9e-06	-13	1.1547	1.3152
95	13.051	9e-06	9e-06	13	1.1547	1.3152
95	13.051	9e-06	9e-06	-5.5	-11.836	1.3152
95	13.051	9e-06	9e-06	7.5	10.681	1.3152
95	13.051	5e-06	5e-06	-9.5	8.9489	1.3152
95	13.051	5e-06	5e-06	-12.5	3.7528	1.3152
95	13.051	5e-06	5e-06	3	-12.702	1.3152
95	13.051	5e-06	5e-06	-3	-12.702	1.3152
95	13.051	5e-06	5e-06	12.5	3.7528	1.3152
95	13.051	5e-06	5e-06	9.5	8.9489	1.3152
96	13.204	-8e-06	8e-06	8.5	-10.104	1.3152
96	13.204	-8e-06	8e-06	-4.5	12.413	1.3152
96	13.204	-8e-06	8e-06	13	-2.3094	1.3152
96	13.204	-8e-06	8e-06	-13	-2.3094	1.3152
96	13.204	-8e-06	8e-06	4.5	12.413	1.3152
96	13.204	-8e-06	8e-06	-8.5	-10.104	1.3152
97	13.279	5e-06	5e-06	11.5	-6.6395	1.3152
97	13.279	5e-06	5e-06	4.9365e-08	13.279	1.3152
97	13.279	5e-06	5e-06	-11.5	-6.6395	1.3152
98	13.317	1e-05	1e-05	11	-7.5056	1.3152
98	13.317	1e-05	1e-05	12	-5.7735	1.3152
98	13.317	1e-05	1e-05	-1	13.279	1.3152
98	13.317	1e-05	1e-05	1	13.279	1.3152
98	13.317	1e-05	1e-05	-12	-5.7735	1.3152
98	13.317	1e-05	1e-05	-11	-7.5056	1.3152
98	13.317	7e-06	7e-06	-9	9.815	1.3152
98	13.317	7e-06	7e-06	4	-12.702	1.3152
98	13.317	7e-06	7e-06	-13	2.8868	1.3152
98	13.317	7e-06	7e-06	13	2.8868	1.3152
98	13.317	7e-06	7e-06	-4	-12.702	1.3152
98	13.317	7e-06	7e-06	9	9.815	1.3152
99	13.429	3e-06	3e-06	10.5	-8.3716	1.3152
99	13.429	3e-06	3e-06	12.5	-4.9075	1.3152
99	13.429	3e-06	3e-06	-2	13.279	1.3152
99	13.429	3e-06	3e-06	2	13.279	1.3152
99	13.429	3e-06	3e-06	-12.5	-4.9075	1.3152
99	13.429	3e-06	3e-06	-10.5	-8.3716	1.3152
100	13.503	3e-06	3e-06	6.5	-11.836	1.3152
100	13.503	3e-06	3e-06	-7	11.547	1.3152
100	13.503	3e-06	3e-06	-13.5	0.28868	1.3152
100	13.503	3e-06	3e-06	13.5	0.28868	1.3152
100	13.503	3e-06	3e-06	-6.5	-11.836	1.3152
100	13.503	3e-06	3e-06	7	11.547	1.3152
101	13.577	4e-06	4e-06	-11.5	7.2169	1.3152
101	13.577	4e-06	4e-06	-12	6.3509	1.3152
101	13.577	4e-06	4e-06	0.5	-13.568	1.3152
101	13.577	4e-06	4e-06	-0.5	-13.568	1.3152
101	13.577	4e-06	4e-06	12	6.3509	1.3152
101	13.577	4e-06	4e-06	11.5	7.2169	1.3152
101	13.577	0	0	8	-10.97	1.3152
101	13.577	0	0	-5.5	12.413	1.3152
101	13.577	0	0	13.5	-1.4434	1.3152
101	13.577	0	0	-13.5	-1.4434	1.3152
101	13.577	0	0	-8	-10.97	1.3152
101	13.577	0	0	5.5	12.413	1.3152
102	13.614	2e-06	2e-06	10	-9.2376	1.3152
102	13.614	2e-06	2e-06	13	-4.0415	1.3152
102	13.614	2e-06	2e-06	-3	13.279	1.3152
102	13.614	2e-06	2e-06	-13	-4.0415	1.3152
102	13.614	2e-06	2e-06	3	13.279	1.3152
102	13.614	2e-06	2e-06	-10	-9.2376	1.3152
103	13.65	5e-06	5e-06	-8.5	10.681	1.3152
103	13.65	5e-06	5e-06	5	-12.702	1.3152
103	13.65	5e-06	5e-06	-13.5	2.0207	1.3152
103	13.65	5e-06	5e-06	13.5	2.0207	1.3152
103	13.65	5e-06	5e-06	-5	-12.702	1.3152
103	13.65	5e-06	5e-06	8.5	10.681	1.3152
103	13.65	-2e-06	2e-06	-11	8.0829	1.3152
103	13.65	-2e-06	2e-06	-12.5	5.4848	1.3152
103	13.65	-2e-06	2e-06	1.5	-13.568	1.3152
103	13.65	-2e-06	2e-06	-1.5	-13.568	1.3152
103	13.65	-2e-06	2e-06	12.5	5.4848	1.3152
103	13.65	-2e-06	2e-06	11	8.0829	1.3152
104	13.796	-4e-06	4e-06	-10.5	8.9489	1.3152
104	13.796	-4e-06	4e-06	-13	4.6188	1.3152
104	13.796	-4e-06	4e-06	2.5	-13.568	1.3152
104	13.796	-4e-06	4e-06	-2.5	-13.568	1.3152
104	13.796	-4e-06	4e-06	13	4.6188	1.3152
104	13.796	-4e-06	4e-06	10.5	8.9489	1.3152
105	13.868	-5e-06	5e-06	9.5	-10.104	1.3152
105	13.868	-5e-06	5e-06	-4	13.279	1.3152
105	13.868	-5e-06	5e-06	13.5	-3.1754	1.3152
105	13.868	-5e-06	5e-06	-13.5	-3.1754	1.3152
105	13.868	-5e-06	5e-06	4	13.279	1.3152
105	13.868	-5e-06	5e-06	-9.5	-10.104	1.3152
106	14.012	3e-06	3e-06	-10	9.815	1.3152
106	14.012	3e-06	3e-06	-13.5	3.7528	1.3152
106	14.012	3e-06	3e-06	3.5	-13.568	1.3152
106	14.012	3e-06	3e-06	-3.5	-13.568	1.3152
106	14.012	3e-06	3e-06	13.5	3.7528	1.3152
106	14.012	3e-06	3e-06	10	9.815	1.3152
106	14.012	-1e-06	1e-06	7.5	-11.836	1.3152
106	14.012	-1e-06	1e-06	-6.5	12.413	1.3152
106	14.012	-1e-06	1e-06	-14	-0.57735	1.3152
106	14.012	-1e-06	1e-06	14	-0.57735	1.3152
106	14.012	-1e-06	1e-06	-7.5	-11.836	1.3152
106	14.012	-1e-06	1e-06	6.5	12.413	1.3152
107	14.048	-3e-06	3e-06	-8	11.547	1.3152
107	14.048	-3e-06	3e-06	6	-12.702	1.3152
107	14.048	-3e-06	3e-06	-14	1.1547	1.3152
107	14.048	-3e-06	3e-06	14	1.1547	1.3152
107	14.048	-3e-06	3e-06	-6	-12.702	1.3152
107	14.048	-3e-06	3e-06	8	11.547	1.3152
108	14.154	-4e-06	4e-06	12	-7.5056	1.3152
108	14.154	-4e-06	4e-06	12.5	-6.6395	1.3152
108	14.154	-4e-06	4e-06	-0.5	14.145	1.3152
108	14.154	-4e-06	4e-06	0.5	14.145	1.3152
108	14.154	-4e-06	4e-06	-12.5	-6.6395	1.3152
108	14.154	-4e-06	4e-06	-12	-7.5056	1.3152
109	14.189	-6e-06	6e-06	9	-10.97	1.3152
109	14.189	-6e-06	6e-06	-5	13.279	1.3152
109	14.189	-6e-06	6e-06	14	-2.3094	1.3152
109	14.189	-6e-06	6e-06	-14	-2.3094	1.3152
109	14.189	-6e-06	6e-06	5	13.279	1.3152
109	14.189	-6e-06	6e-06	-9	-10.97	1.3152
110	14.224	-3e-06	3e-06	11.5	-8.3716	1.3152
110	14.224	-3e-06	3e-06	13	-5.7735	1.3152
110	14.224	-3e-06	3e-06	-1.5	14.145	1.3152
110	14.224	-3e-06	3e-06	1.5	14.145	1.3152
110	14.224	-3e-06	3e-06	-13	-5.7735	1.3152
110	14.224	-3e-06	3e-06	-11.5	-8.3716	1.3152
111	14.295	1e-05	1e-05	-9.5	10.681	1.3152
111	14.295	1e-05	1e-05	4.5	-13.568	1.3152
111	14.295	1e-05	1e-05	-14	2.8868	1.3152
111	14.295	1e-05	1e-05	14	2.8868	1.3152
111	14.295	1e-05	1e-05	-4.5	-13.568	1.3152
111	14.295	1e-05	1e-05	9.5	10.681	1.3152
112	14.364	3e-06	3e-06	11	-9.2376	1.3152
112	14.364	3e-06	3e-06	13.5	-4.9075	1.3152
112	14.364	3e-06	3e-06	-2.5	14.145	1.3152
112	14.364	3e-06	3e-06	-13.5	-4.9075	1.3152
112	14.364	3e-06	3e-06	2.5	14.145	1.3152
112	14.364	3e-06	3e-06	-11	-9.2376	1.3152
113	14.434	0	0	-12.5	7.2169	1.3152
113	14.434	0	0	-4.9365e-08	-14.434	1.3152
113	14.434	0	0	12.5	7.2169	1.3152
114	14.468	1e-06	1e-06	-12	8.0829	1.3152
114	14.468	1e-06	1e-06	-13	6.3509	1.3152
114	14.468	1e-06	1e-06	1	-14.434	1.3152
114	14.468	1e-06	1e-06	-1	-14.434	1.3152
114	14.468	1e-06	1e-06	13	6.3509	1.3152
114	14.468	1e-06	1e-06	12	8.0829	1.3152
115	14.503	-5e-06	5e-06	7	-12.702	1.3152
115	14.503	-5e-06	5e-06	-7.5	12.413	1.3152
115	14.503	-5e-06	5e-06	-14.5	0.28868	1.3152
115	14.503	-5e-06	5e-06	14.5	0.28868	1.3152
115	14.503	-5e-06	5e-06	-7	-12.702	1.3152
115	14.503	-5e-06	5e-06	7.5	12.413	1.3152
116	14.572	-5e-06	5e-06	10.5	-10.104	1.3152
116	14.572	-5e-06	5e-06	14	-4.0415	1.3152
116	14.572	-5e-06	5e-06	-3.5	14.145	1.3152
116	14.572	-5e-06	5e-06	-14	-4.0415	1.3152
116	14.572	-5e-06	5e-06	3.5	14.145	1.3152
116	14.572	-5e-06	5e-06	-10.5	-10.104	1.3152
116	14.572	2e-06	2e-06	-11.5	8.9489	1.3152
116	14.572	2e-06	2e-06	-13.5	5.4848	1.3152
116	14.572	2e-06	2e-06	2	-14.434	1.3152
116	14.572	2e-06	2e-06	-2	-14.434	1.3152
116	14.572	2e-06	2e-06	13.5	5.4848	1.3152
116	14.572	2e-06	2e-06	11.5	8.9489	1.3152
116	14.572	1e-06	1e-06	8.5	-11.836	1.3152
116	14.572	1e-06	1e-06	-6	13.279	1.3152
116	14.572	1e-06	1e-06	14.5	-1.4434	1.3152
116	14.572	1e-06	1e-06	-14.5	-1.4434	1.3152
116	14.572	1e-06	1e-06	-8.5	-11.836	1.3152
116	14.572	1e-06	1e-06	6	13.279	1.3152
117	14.64	-1e-06	1e-06	-9	11.547	1.3152
117	14.64	-1e-06	1e-06	5.5	-13.568	1.3152
117	14.64	-1e-06	1e-06	-14.5	2.0207	1.3152
117	14.64	-1e-06	1e-06	14.5	2.0207	1.3152
117	14.64	-1e-06	1e-06	-5.5	-13.568	1.3152
117	14.64	-1e-06	1e-06	9	11.547	1.3152
118	14.742	0	0	-11	9.815	1.3152
118	14.742	0	0	-14	4.6188	1.3152
118	14.742	0	0	3	-14.434	1.3152
118	14.742	0	0	-3	-14.434	1.3152
118	14.742	0	0	14	4.6188	1.3152
118	14.742	0	0	11	9.815	1.3152
119	14.844	-7e-06	7e-06	10	-10.97	1.3152
119	14.844	-7e-06	7e-06	-4.5	14.145	1.3152
119	14.844	-7e-06	7e-06	14.5	-3.1754	1.3152
119	14.844	-7e-06	7e-06	-14.5	-3.1754	1.3152
119	14.844	-7e-06	7e-06	4.5	14.145	1.3152
119	14.844	-7e-06	7e-06	-10	-10.97	1.3152
120	14.978	-1e-06	1e-06	-10.5	10.681	1.3152
120	14.978	-1e-06	1e-06	-14.5	3.7528	1.3152
120	14.978	-1e-06	1e-06	4	-14.434	1.3152
120	14.978	-1e-06	1e-06	-4	-14.434	1.3152
120	14.978	-1e-06	1e-06	14.5	3.7528	1.3152
120	14.978	-1e-06	1e-06	10.5	10.681	1.3152
121	15.011	5e-06	5e-06	13	-7.5056	1.3152
121	15.011	5e-06	5e-06	5.5535e-08	15.011	1.3152
121	15.011	5e-06	5e-06	-13	-7.5056	1.3152
121	15.011	-2e-06	2e-06	8	-12.702	1.3152
121	15.011	-2e-06	2e-06	-7	13.279	1.3152
121	15.011	-2e-06	2e-06	-15	-0.57735	1.3152
121	15.011	-2e-06	2e-06	15	-0.57735	1.3152
121	15.011	-2e-06	2e-06	-8	-12.702	1.3152
121	15.011	-2e-06	2e-06	7	13.279	1.3152
122	15.044	-5e-06	5e-06	-8.5	12.413	1.3152
122	15.044	-5e-06	5e-06	6.5	-13.568	1.3152
122	15.044	-5e-06	5e-06	-15	1.1547	1.3152
122	15.044	-5e-06	5e-06	15	1.1547	1.3152
122	15.044	-5e-06	5e-06	-6.5	-13.568	1.3152
122	15.044	-5e-06	5e-06	8.5	12.413	1.3152
122	15.044	2e-06	2e-06	12.5	-8.3716	1.3152
122	15.044	2e-06	2e-06	13.5	-6.6395	1.3152
122	15.044	2e-06	2e-06	-1	15.011	1.3152
122	15.044	2e-06	2e-06	1	15.011	1.3152
122	15.044	2e-06	2e-06	-13.5	-6.6395	1.3152
122	15.044	2e-06	2e-06	-12.5	-8.3716	1.3152
123	15.144	-5e-06	5e-06	12	-9.2376	1.3152
123	15.144	-5e-06	5e-06	14	-5.7735	1.3152
123	15.144	-5e-06	5e-06	-2	15.011	1.3152
123	15.144	-5e-06	5e-06	2	15.011	1.3152
123	15.144	-5e-06	5e-06	-14	-5.7735	1.3152
123	15.144	-5e-06	5e-06	-12	-9.2376	1.3152
124	15.177	0	0	9.5	-11.836	1.3152
124	15.177	0	0	-5.5	14.145	1.3152
124	15.177	0	0	15	-2.3094	1.3152
124	15.177	0	0	-15	-2.3094	1.3152
124	15.177	0	0	5.5	14.145	1.3152
124	15.177	0	0	-9.5	-11.836	1.3152
125	15.275	-1e-06	1e-06	-10	11.547	1.3152
125	15.275	-1e-06	1e-06	5	-14.434	1.3152
125	15.275	-1e-06	1e-06	-15	2.8868	1.3152
125	15.275	-1e-06	1e-06	15	2.8868	1.3152
125	15.275	-1e-06	1e-06	-5	-14.434	1.3152
125	15.275	-1e-06	1e-06	10	11.547	1.3152
126	15.308	1e-06	1e-06	11.5	-10.104	1.3152
126	15.308	1e-06	1e-06	-13	8.0829	1.3152
126	15.308	1e-06	1e-06	-13.5	7.2169	1.3152
126	15.308	1e-06	1e-06	14.5	-4.9075	1.3152
126	15.308	1e-06	1e-06	-3	15.011	1.3152
126	15.308	1e-06	1e-06	0.5	-15.3	1.3152
126	15.308	1e-06	1e-06	-0.5	-15.3	1.3152
126	15.308	1e-06	1e-06	-14.5	-4.9075	1.3152
126	15.308	1e-06	1e-06	3	15.011	1.3152
126	15.308	1e-06	1e-06	-11.5	-10.104	1.3152
126	15.308	1e-06	1e-06	13.5	7.2169	1.3152
126	15.308	1e-06	1e-06	13	8.0829	1.3152
127	15.373	3e-06	3e-06	-12.5	8.9489	1.3152
127	15.373	3e-06	3e-06	-14	6.3509	1.3152
127	15.373	3e-06	3e-06	1.5	-15.3	1.3152
127	15.373	3e-06	3e-06	-1.5	-15.3	1.3152
127	15.373	3e-06	3e-06	14	6.3509	1.3152
127	15.373	3e-06	3e-06	12.5	8.9489	1.3152
128	15.503	-6e-06	6e-06	7.5	-13.568	1.3152
128	15.503	-6e-06	6e-06	-8	13.279	1.3152
128	15.503	-6e-06	6e-06	-15.5	0.28868	1.3152
128	15.503	-6e-06	6e-06	15.5	0.28868	1.3152
128	15.503	-6e-06	6e-06	-7.5	-13.568	1.3152
128	15.503	-6e-06	6e-06	8	13.279	1.3152
128	15.503	2e-06	2e-06	-12	9.815	1.3152
128	15.503	2e-06	2e-06	-14.5	5.4848	1.3152
128	15.503	2e-06	2e-06	2.5	-15.3	1.3152
128	15.503	2e-06	2e-06	-2.5	-15.3	1.3152
128	15.503	2e-06	2e-06	14.5	5.4848	1.3152
128	15.503	2e-06	2e-06	12	9.815	1.3152
129	15.535	0	0	11	-10.97	1.3152
129	15.535	0	0	15	-4.0415	1.3152
129	15.535	0	0	-4	15.011	1.3152
129	15.535	0	0	-15	-4.0415	1.3152
129	15.535	0	0	4	15.011	1.3152
129	15.535	0	0	-11	-10.97	1.3152
130	15.567	2e-06	2e-06	9	-12.702	1.3152
130	15.567	2e-06	2e-06	-6.5	14.145	1.3152
130	15.567	2e-06	2e-06	15.5	-1.4434	1.3152
130	15.567	2e-06	2e-06	-15.5	-1.4434	1.3152
130	15.567	2e-06	2e-06	-9	-12.702	1.3152
130	15.567	2e-06	2e-06	6.5	14.145	1.3152
131	15.631	-6e-06	6e-06	-9.5	12.413	1.3152
131	15.631	-6e-06	6e-06	6	-14.434	1.3152
131	15.631	-6e-06	6e-06	-15.5	2.0207	1.3152
131	15.631	-6e-06	6e-06	15.5	2.0207	1.3152
131	15.631	-6e-06	6e-06	-6	-14.434	1.3152
131	15.631	-6e-06	6e-06	9.5	12.413	1.3152
132	15.695	-1e-06	1e-06	-11.5	10.681	1.3152
132	15.695	-1e-06	1e-06	-15	4.6188	1.3152
132	15.695	-1e-06	1e-06	3.5	-15.3	1.3152
132	15.695	-1e-06	1e-06	-3.5	-15.3	1.3152
132	15.695	-1e-06	1e-06	15	4.6188	1.3152
132	15.695	-1e-06	1e-06	11.5	10.681	1.3152
133	15.822	-1e-06	1e-06	10.5	-11.836	1.3152
133	15.822	-1e-06	1e-06	-5	15.011	1.3152
133	15.822	-1e-06	1e-06	15.5	-3.1754	1.3152
133	15.822	-1e-06	1e-06	-15.5	-3.1754	1.3152
133	15.822	-1e-06	1e-06	5	15.011	1.3152
133	15.822	-1e-06	1e-06	-10.5	-11.836	1.3152
134	15.885	-2e-06	2e-06	13.5	-8.3716	1.3152
134	15.885	-2e-06	2e-06	14	-7.5056	1.3152
134	15.885	-2e-06	2e-06	-0.5	15.877	1.3152
134	15.885	-2e-06	2e-06	0.5	15.877	1.3152
134	15.885	-2e-06	2e-06	-14	-7.5056	1.3152
134	15.885	-2e-06	2e-06	-13.5	-8.3716	1.3152
135	15.948	-5e-06	5e-06	-11	11.547	1.3152
135	15.948	-5e-06	5e-06	-15.5	3.7528	1.3152
135	15.948	-5e-06	5e-06	4.5	-15.3	1.3152
135	15.948	-5e-06	5e-06	15.5	3.7528	1.3152
135	15.948	-5e-06	5e-06	-4.5	-15.3	1.3152
135	15.948	-5e-06	5e-06	11	11.547	1.3152
135	15.948	0	0	13	-9.2376	1.3152
135	15.948	0	0	14.5	-6.6395	1.3152
135	15.948	0	0	-1.5	15.877	1.3152
135	15.948	0	0	1.5	15.877	1.3152
135	15.948	0	0	-14.5	-6.6395	1.3152
135	15.948	0	0	-13	-9.2376	1.3152
136	16.01	3e-06	3e-06	8.5	-13.568	1.3152
136	16.01	3e-06	3e-06	-7.5	14.145	1.3152
136	16.01	3e-06	3e-06	-16	-0.57735	1.3152
136	16.01	3e-06	3e-06	16	-0.57735	1.3152
136	16.01	3e-06	3e-06	-8.5	-13.568	1.3152
136	16.01	3e-06	3e-06	7.5	14.145	1.3152
137	16.042	-5e-06	5e-06	-9	13.279	1.3152
137	16.042	-5e-06	5e-06	7	-14.434	1.3152
137	16.042	-5e-06	5e-06	-16	1.1547	1.3152
137	16.042	-5e-06	5e-06	16	1.1547	1.3152
137	16.042	-5e-06	5e-06	-7	-14.434	1.3152
137	16.042	-5e-06	5e-06	9	13.279	1.3152
138	16.073	-1e-06	1e-06	12.5	-10.104	1.3152
138	16.073	-1e-06	1e-06	15	-5.7735	1.3152
138	16.073	-1e-06	1e-06	-2.5	15.877	1.3152
138	16.073	-1e-06	1e-06	2.5	15.877	1.3152
138	16.073	-1e-06	1e-06	-15	-5.7735	1.3152
138	16.073	-1e-06	1e-06	-12.5	-10.104	1.3152
139	16.166	-1e-06	1e-06	10	-12.702	1.3152
139	16.166	-1e-06	1e-06	-14	8.0829	1.3152
139	16.166	-1e-06	1e-06	-6	15.011	1.3152
139	16.166	-1e-06	1e-06	16	-2.3094	1.3152
139	16.166	-1e-06	1e-06	-5.5535e-08	-16.166	1.3152
139	16.166	-1e-06	1e-06	-16	-2.3094	1.3152
139	16.166	-1e-06	1e-06	6	15.011	1.3152
139	16.166	-1e-06	1e-06	-10	-12.702	1.3152
139	16.166	-1e-06	1e-06	14	8.0829	1.3152
140	16.197	-1e-06	1e-06	-13.5	8.9489	1.3152
140	16.197	-1e-06	1e-06	-14.5	7.2169	1.3152
140	16.197	-1e-06	1e-06	1	-16.166	1.3152
140	16.197	-1e-06	1e-06	-1	-16.166	1.3152
140	16.197	-1e-06	1e-06	14.5	7.2169	1.3152
140	16.197	-1e-06	1e-06	13.5	8.9489	1.3152
141	16.258	-2e-06	2e-06	-10.5	12.413	1.3152
141	16.258	-2e-06	2e-06	5.5	-15.3	1.3152
141	16.258	-2e-06	2e-06	-16	2.8868	1.3152
141	16.258	-2e-06	2e-06	16	2.8868	1.3152
141	16.258	-2e-06	2e-06	-5.5	-15.3	1.3152
141	16.258	-2e-06	2e-06	10.5	12.413	1.3152
141	16.258	0	0	12	-10.97	1.3152
141	16.258	0	0	15.5	-4.9075	1.3152
141	16.258	0	0	-3.5	15.877	1.3152
141	16.258	0	0	-15.5	-4.9075	1.3152
141	16.258	0	0	3.5	15.877	1.3152
141	16.258	0	0	-12	-10.97	1.3152
142	16.289	1e-06	1e-06	-13	9.815	1.3152
142	16.289	1e-06	1e-06	-15	6.3509	1.3152
142	16.289	1e-06	1e-06	2	-16.166	1.3152
142	16.289	1e-06	1e-06	-2	-16.166	1.3152
142	16.289	1e-06	1e-06	15	6.3509	1.3152
142	16.289	1e-06	1e-06	13	9.815	1.3152
143	16.442	-4e-06	4e-06	-12.5	10.681	1.3152
143	16.442	-4e-06	4e-06	-15.5	5.4848	1.3152
143	16.442	-4e-06	4e-06	3	-16.166	1.3152
143	16.442	-4e-06	4e-06	-3	-16.166	1.3152
143	16.442	-4e-06	4e-06	15.5	5.4848	1.3152
143	16.442	-4e-06	4e-06	12.5	10.681	1.3152
144	16.503	-4e-06	4e-06	11.5	-11.836	1.3152
144	16.503	-4e-06	4e-06	16	-4.0415	1.3152
144	16.503	-4e-06	4e-06	-4.5	15.877	1.3152
144	16.503	-4e-06	4e-06	-16	-4.0415	1.3152
144	16.503	-4e-06	4e-06	4.5	15.877	1.3152
144	16.503	-4e-06	4e-06	-11.5	-11.836	1.3152
144	16.503	-2e-06	2e-06	8	-14.434	1.3152
144	16.503	-2e-06	2e-06	-8.5	14.145	1.3152
144	16.503	-2e-06	2e-06	-16.5	0.28868	1.3152
144	16.503	-2e-06	2e-06	16.5	0.28868	1.3152
144	16.503	-2e-06	2e-06	-8	-14.434	1.3152
144	16.503	-2e-06	2e-06	8.5	14.145	1.3152
145	16.563	-2e-06	2e-06	9.5	-13.568	1.3152
145	16.563	-2e-06	2e-06	-7	15.011	1.3152
145	16.563	-2e-06	2e-06	16.5	-1.4434	1.3152
145	16.563	-2e-06	2e-06	-16.5	-1.4434	1.3152
145	16.563	-2e-06	2e-06	-9.5	-13.568	1.3152
145	16.563	-2e-06	2e-06	7	15.011	1.3152
146	16.623	-3e-06	3e-06	-10	13.279	1.3152
146	16.623	-3e-06	3e-06	6.5	-15.3	1.3152
146	16.623	-3e-06	3e-06	-16.5	2.0207	1.3152
146	16.623	-3e-06	3e-06	16.5	2.0207	1.3152
146	16.623	-3e-06	3e-06	-6.5	-15.3	1.3152
146	16.623	-3e-06	3e-06	10	13.279	1.3152
147	16.653	6e-06	6e-06	-12	11.547	1.3152
147	16.653	6e-06	6e-06	-16	4.6188	1.3152
147	16.653	6e-06	6e-06	4	-16.166	1.3152
147	16.653	6e-06	6e-06	-4	-16.166	1.3152
147	16.653	6e-06	6e-06	16	4.6188	1.3152
147	16.653	6e-06	6e-06	12	11.547	1.3152
148	16.743	4e-06	4e-06	14.5	-8.3716	1.3152
148	16.743	4e-06	4e-06	6.1706e-08	16.743	1.3152
148	16.743	4e-06	4e-06	-14.5	-8.3716	1.3152
149	16.773	0	0	14	-9.2376	1.3152
149	16.773	0	0	15	-7.5056	1.3152
149	16.773	0	0	-1	16.743	1.3152
149	16.773	0	0	1	16.743	1.3152
149	16.773	0	0	-15	-7.5056	1.3152
149	16.773	0	0	-14	-9.2376	1.3152
150	16.803	2e-06	2e-06	11	-12.702	1.3152
150	16.803	2e-06	2e-06	-5.5	15.877	1.3152
150	16.803	2e-06	2e-06	16.5	-3.1754	1.3152
150	16.803	2e-06	2e-06	-16.5	-3.1754	1.3152
150	16.803	2e-06	2e-06	5.5	15.877	1.3152
150	16.803	2e-06	2e-06	-11	-12.702	1.3152
151	16.862	0	0	13.5	-10.104	1.3152
151	16.862	0	0	15.5	-6.6395	1.3152
151	16.862	0	0	-2	16.743	1.3152
151	16.862	0	0	2	16.743	1.3152
151	16.862	0	0	-15.5	-6.6395	1.3152
151	16.862	0	0	-13.5	-10.104	1.3152
152	16.921	2e-06	2e-06	-11.5	12.413	1.3152
152	16.921	2e-06	2e-06	5	-16.166	1.3152
152	16.921	2e-06	2e-06	-16.5	3.7528	1.3152
152	16.921	2e-06	2e-06	16.5	3.7528	1.3152
152	16.921	2e-06	2e-06	-5	-16.166	1.3152
152	16.921	2e-06	2e-06	11.5	12.413	1.3152
153	17.01	-3e-06	3e-06	9	-14.434	1.3152
153	17.01	-3e-06	3e-06	-8	15.011	1.3152
153	17.01	-3e-06	3e-06	-17	-0.57735	1.3152
153	17.01	-3e-06	3e-06	17	-0.57735	1.3152
153	17.01	-3e-06	3e-06	-9	-14.434	1.3152
153	17.01	-3e-06	3e-06	8	15.011	1.3152
153	17.01	1e-06	1e-06	13	-10.97	1.3152
153	17.01	1e-06	1e-06	16	-5.7735	1.3152
153	17.01	1e-06	1e-06	-3	16.743	1.3152
153	17.01	1e-06	1e-06	3	16.743	1.3152
153	17.01	1e-06	1e-06	-16	-5.7735	1.3152
153	17.01	1e-06	1e-06	-13	-10.97	1.3152
154	17.039	-2e-06	2e-06	-14.5	8.9489	1.3152
154	17.039	-2e-06	2e-06	-15	8.0829	1.3152
154	17.039	-2e-06	2e-06	0.5	-17.032	1.3152
154	17.039	-2e-06	2e-06	-0.5	-17.032	1.3152
154	17.039	-2e-06	2e-06	15	8.0829	1.3152
154	17.039	-2e-06	2e-06	14.5	8.9489	1.3152
154	17.039	1e-06	1e-06	-9.5	14.145	1.3152
154	17.039	1e-06	1e-06	7.5	-15.3	1.3152
154	17.039	1e-06	1e-06	-17	1.1547	1.3152
154	17.039	1e-06	1e-06	17	1.1547	1.3152
154	17.039	1e-06	1e-06	-7.5	-15.3	1.3152
154	17.039	1e-06	1e-06	9.5	14.145	1.3152
155	17.098	-1e-06	1e-06	-14	9.815	1.3152
155	17.098	-1e-06	1e-06	-15.5	7.2169	1.3152
155	17.098	-1e-06	1e-06	1.5	-17.032	1.3152
155	17.098	-1e-06	1e-06	-1.5	-17.032	1.3152
155	17.098	-1e-06	1e-06	15.5	7.2169	1.3152
155	17.098	-1e-06	1e-06	14	9.815	1.3152
156	17.156	2e-06	2e-06	10.5	-13.568	1.3152
156	17.156	2e-06	2e-06	-6.5	15.877	1.3152
156	17.156	2e-06	2e-06	17	-2.3094	1.3152
156	17.156	2e-06	2e-06	-17	-2.3094	1.3152
156	17.156	2e-06	2e-06	6.5	15.877	1.3152
156	17.156	2e-06	2e-06	-10.5	-13.568	1.3152
157	17.214	-6e-06	6e-06	12.5	-11.836	1.3152
157	17.214	-6e-06	6e-06	16.5	-4.9075	1.3152
157	17.214	-6e-06	6e-06	-4	16.743	1.3152
157	17.214	-6e-06	6e-06	-16.5	-4.9075	1.3152
157	17.214	-6e-06	6e-06	4	16.743	1.3152
157	17.214	-6e-06	6e-06	-12.5	-11.836	1.3152
157	17.214	0	0	-13.5	10.681	1.3152
157	17.214	0	0	-16	6.3509	1.3152
157	17.214	0	0	2.5	-17.032	1.3152
157	17.214	0	0	-2.5	-17.032	1.3152
157	17.214	0	0	16	6.3509	1.3152
157	17.214	0	0	13.5	10.681	1.3152
158	17.243	-7e-06	7e-06	-11	13.279	1.3152
158	17.243	-7e-06	7e-06	6	-16.166	1.3152
158	17.243	-7e-06	7e-06	-17	2.8868	1.3152
158	17.243	-7e-06	7e-06	17	2.8868	1.3152
158	17.243	-7e-06	7e-06	-6	-16.166	1.3152
158	17.243	-7e-06	7e-06	11	13.279	1.3152
159	17.388	-3e-06	3e-06	-13	11.547	1.3152
159	17.388	-3e-06	3e-06	-16.5	5.4848	1.3152
159	17.388	-3e-06	3e-06	3.5	-17.032	1.3152
159	17.388	-3e-06	3e-06	-3.5	-17.032	1.3152
159	17.388	-3e-06	3e-06	16.5	5.4848	1.3152
159	17.388	-3e-06	3e-06	13	11.547	1.3152
160	17.474	-5e-06	5e-06	12	-12.702	1.3152
160	17.474	-5e-06	5e-06	17	-4.0415	1.3152
160	17.474	-5e-06	5e-06	-5	16.743	1.3152
160	17.474	-5e-06	5e-06	-17	-4.0415	1.3152
160	17.474	-5e-06	5e-06	5	16.743	1.3152
160	17.474	-5e-06	5e-06	-12	-12.702	1.3152
161	17.502	0	0	8.5	-15.3	1.3152
161	17.502	0	0	-9	15.011	1.3152
161	17.502	0	0	-17.5	0.28868	1.3152
161	17.502	0	0	17.5	0.28868	1.3152
161	17.502	0	0	-8.5	-15.3	1.3152
161	17.502	0	0	9	15.011	1.3152
162	17.559	-1e-06	1e-06	10	-14.434	1.3152
162	17.559	-1e-06	1e-06	-7.5	15.877	1.3152
162	17.559	-1e-06	1e-06	17.5	-1.4434	1.3152
162	17.559	-1e-06	1e-06	-17.5	-1.4434	1.3152
162	17.559	-1e-06	1e-06	-10	-14.434	1.3152
162	17.559	-1e-06	1e-06	7.5	15.877	1.3152
163	17.616	5e-06	5e-06	-12.5	12.413	1.3152
163	17.616	5e-06	5e-06	-10.5	14.145	1.3152
163	17.616	5e-06	5e-06	7	-16.166	1.3152
163	17.616	5e-06	5e-06	-17	4.6188	1.3152
163	17.616	5e-06	5e-06	4.5	-17.032	1.3152
163	17.616	5e-06	5e-06	-17.5	2.0207	1.3152
163	17.616	5e-06	5e-06	17.5	2.0207	1.3152
163	17.616	5e-06	5e-06	-4.5	-17.032	1.3152
163	17.616	5e-06	5e-06	17	4.6188	1.3152
163	17.616	5e-06	5e-06	-7	-16.166	1.3152
163	17.616	5e-06	5e-06	10.5	14.145	1.3152
163	17.616	5e-06	5e-06	12.5	12.413	1.3152
163	17.616	0	0	15	-9.2376	1.3152
163	17.616	0	0	15.5	-8.3716	1.3152
163	17.616	0	0	-0.5	17.609	1.3152
163	17.616	0	0	0.5	17.609	1.3152
163	17.616	0	0	-15.5	-8.3716	1.3152
163	17.616	0	0	-15	-9.2376	1.3152
164	17.673	-4e-06	4e-06	14.5	-10.104	1.3152
164	17.673	-4e-06	4e-06	16	-7.5056	1.3152
164	17.673	-4e-06	4e-06	-1.5	17.609	1.3152
164	17.673	-4e-06	4e-06	1.5	17.609	1.3152
164	17.673	-4e-06	4e-06	-16	-7.5056	1.3152
164	17.673	-4e-06	4e-06	-14.5	-10.104	1.3152
165	17.786	-1e-06	1e-06	11.5	-13.568	1.3152
165	17.786	-1e-06	1e-06	-6	16.743	1.3152
165	17.786	-1e-06	1e-06	17.5	-3.1754	1.3152
165	17.786	-1e-06	1e-06	-17.5	-3.1754	1.3152
165	17.786	-1e-06	1e-06	6	16.743	1.3152
165	17.786	-1e-06	1e-06	-11.5	-13.568	1.3152
165	17.786	0	0	14	-10.97	1.3152
165	17.786	0	0	16.5	-6.6395	1.3152
165	17.786	0	0	-2.5	17.609	1.3152
165	17.786	0	0	2.5	17.609	1.3152
165	17.786	0	0	-16.5	-6.6395	1.3152
165	17.786	0	0	-14	-10.97	1.3152
166	17.898	7e-06	7e-06	-12	13.279	1.3152
166	17.898	7e-06	7e-06	5.5	-17.032	1.3152
166	17.898	7e-06	7e-06	-17.5	3.7528	1.3152
166	17.898	7e-06	7e-06	17.5	3.7528	1.3152
166	17.898	7e-06	7e-06	-5.5	-17.032	1.3152
166	17.898	7e-06	7e-06	12	13.279	1.3152
166	17.898	-1e-06	1e-06	-15.5	8.9489	1.3152
166	17.898	-1e-06	1e-06	-6.1706e-08	-17.898	1.3152
166	17.898	-1e-06	1e-06	15.5	8.9489	1.3152
167	17.926	2e-06	2e-06	-15	9.815	1.3152
167	17.926	2e-06	2e-06	-16	8.0829	1.3152
167	17.926	2e-06	2e-06	1	-17.898	1.3152
167	17.926	2e-06	2e-06	-1	-17.898	1.3152
167	17.926	2e-06	2e-06	16	8.0829	1.3152
167	17.926	2e-06	2e-06	15	9.815	1.3152
168	17.954	3e-06	3e-06	13.5	-11.836	1.3152
168	17.954	3e-06	3e-06	17	-5.7735	1.3152
168	17.954	3e-06	3e-06	-3.5	17.609	1.3152
168	17.954	3e-06	3e-06	-17	-5.7735	1.3152
168	17.954	3e-06	3e-06	3.5	17.609	1.3152
168	17.954	3e-06	3e-06	-13.5	-11.836	1.3152
169	18.009	5e-06	5e-06	-14.5	10.681	1.3152
169	18.009	5e-06	5e-06	-16.5	7.2169	1.3152
169	18.009	5e-06	5e-06	2	-17.898	1.3152
169	18.009	5e-06	5e-06	-2	-17.898	1.3152
169	18.009	5e-06	5e-06	16.5	7.2169	1.3152
169	18.009	5e-06	5e-06	14.5	10.681	1.3152
169	18.009	2e-06	2e-06	9.5	-15.3	1.3152
169	18.009	2e-06	2e-06	-8.5	15.877	1.3152
169	18.009	2e-06	2e-06	-18	-0.57735	1.3152
169	18.009	2e-06	2e-06	18	-0.57735	1.3152
169	18.009	2e-06	2e-06	-9.5	-15.3	1.3152
169	18.009	2e-06	2e-06	8.5	15.877	1.3152
170	18.037	3e-06	3e-06	-10	15.011	1.3152
170	18.037	3e-06	3e-06	8	-16.166	1.3152
170	18.037	3e-06	3e-06	-18	1.1547	1.3152
170	18.037	3e-06	3e-06	18	1.1547	1.3152
170	18.037	3e-06	3e-06	-8	-16.166	1.3152
170	18.037	3e-06	3e-06	10	15.011	1.3152
171	18.148	-9e-06	9e-06	-14	11.547	1.3152
171	18.148	-9e-06	9e-06	-17	6.3509	1.3152
171	18.148	-9e-06	9e-06	3	-17.898	1.3152
171	18.148	-9e-06	9e-06	-3	-17.898	1.3152
171	18.148	-9e-06	9e-06	17	6.3509	1.3152
171	18.148	-9e-06	9e-06	14	11.547	1.3152
171	18.148	1e-06	1e-06	11	-14.434	1.3152
171	18.148	1e-06	1e-06	-7	16.743	1.3152
171	18.148	1e-06	1e-06	18	-2.3094	1.3152
171	18.148	1e-06	1e-06	-18	-2.3094	1.3152
171	18.148	1e-06	1e-06	7	16.743	1.3152
171	18.148	1e-06	1e-06	-11	-14.434	1.3152
172	18.175	-7e-06	7e-06	13	-12.702	1.3152
172	18.175	-7e-06	7e-06	17.5	-4.9075	1.3152
172	18.175	-7e-06	7e-06	-4.5	17.609	1.3152
172	18.175	-7e-06	7e-06	-17.5	-4.9075	1.3152
172	18.175	-7e-06	7e-06	4.5	17.609	1.3152
172	18.175	-7e-06	7e-06	-13	-12.702	1.3152
173	18.23	0	0	-11.5	14.145	1.3152
173	18.23	0	0	6.5	-17.032	1.3152
173	18.23	0	0	-18	2.8868	1.3152
173	18.23	0	0	18	2.8868	1.3152
173	18.23	0	0	-6.5	-17.032	1.3152
173	18.23	0	0	11.5	14.145	1.3152
174	18.339	3e-06	3e-06	-13.5	12.413	1.3152
174	18.339	3e-06	3e-06	-17.5	5.4848	1.3152
174	18.339	3e-06	3e-06	4	-17.898	1.3152
174	18.339	3e-06	3e-06	-4	-17.898	1.3152
174	18.339	3e-06	3e-06	17.5	5.4848	1.3152
174	18.339	3e-06	3e-06	13.5	12.413	1.3152
175	18.448	-1e-06	1e-06	12.5	-13.568	1.3152
175	18.448	-1e-06	1e-06	-5.5	17.609	1.3152
175	18.448	-1e-06	1e-06	18	-4.0415	1.3152
175	18.448	-1e-06	1e-06	-18	-4.0415	1.3152
175	18.448	-1e-06	1e-06	5.5	17.609	1.3152
175	18.448	-1e-06	1e-06	-12.5	-13.568	1.3152
176	18.475	-6e-06	6e-06	16	-9.2376	1.3152
176	18.475	-6e-06	6e-06	6.7877e-08	18.475	1.3152
176	18.475	-6e-06	6e-06	-16	-9.2376	1.3152
177	18.502	-1e-06	1e-06	15.5	-10.104	1.3152
177	18.502	1e-06	1e-06	9	-16.166	1.3152
177	18.502	1e-06	1e-06	-9.5	15.877	1.3152
177	18.502	-1e-06	1e-06	16.5	-8.3716	1.3152
177	18.502	1e-06	1e-06	-18.5	0.28868	1.3152
177	18.502	-1e-06	1e-06	-1	18.475	1.3152
177	18.502	1e-06	1e-06	18.5	0.28868	1.3152
177	18.502	-1e-06	1e-06	1	18.475	1.3152
177	18.502	-1e-06	1e-06	-16.5	-8.3716	1.3152
177	18.502	-1e-06	1e-06	-15.5	-10.104	1.3152
177	18.502	1e-06	1e-06	-9	-16.166	1.3152
177	18.502	1e-06	1e-06	9.5	15.877	1.3152
178	18.556	0	0	10.5	-15.3	1.3152
178	18.556	0	0	-8	16.743	1.3152
178	18.556	0	0	18.5	-1.4434	1.3152
178	18.556	0	0	-18.5	-1.4434	1.3152
178	18.556	0	0	-10.5	-15.3	1.3152
178	18.556	0	0	8	16.743	1.3152
179	18.583	-3e-06	3e-06	15	-10.97	1.3152
179	18.583	-3e-06	3e-06	17	-7.5056	1.3152
179	18.583	-3e-06	3e-06	-2	18.475	1.3152
179	18.583	-3e-06	3e-06	2	18.475	1.3152
179	18.583	-3e-06	3e-06	-17	-7.5056	1.3152
179	18.583	-3e-06	3e-06	-15	-10.97	1.3152
179	18.583	0	0	-13	13.279	1.3152
179	18.583	0	0	-18	4.6188	1.3152
179	18.583	0	0	5	-17.898	1.3152
179	18.583	0	0	18	4.6188	1.3152
179	18.583	0	0	-5	-17.898	1.3152
179	18.583	0	0	13	13.279	1.3152
180	18.61	-5e-06	5e-06	-11	15.011	1.3152
180	18.61	-5e-06	5e-06	7.5	-17.032	1.3152
180	18.61	-5e-06	5e-06	-18.5	2.0207	1.3152
180	18.61	-5e-06	5e-06	18.5	2.0207	1.3152
180	18.61	-5e-06	5e-06	-7.5	-17.032	1.3152
180	18.61	-5e-06	5e-06	11	15.011	1.3152
181	18.717	5e-06	5e-06	14.5	-11.836	1.3152
181	18.717	5e-06	5e-06	17.5	-6.6395	1.3152
181	18.717	5e-06	5e-06	-3	18.475	1.3152
181	18.717	5e-06	5e-06	3	18.475	1.3152
181	18.717	5e-06	5e-06	-17.5	-6.6395	1.3152
181	18.717	5e-06	5e-06	-14.5	-11.836	1.3152
182	18.771	8e-06	8e-06	12	-14.434	1.3152
182	18.771	8e-06	8e-06	-6.5	17.609	1.3152
182	18.771	8e-06	8e-06	18.5	-3.1754	1.3152
182	18.771	8e-06	8e-06	-18.5	-3.1754	1.3152
182	18.771	8e-06	8e-06	6.5	17.609	1.3152
182	18.771	8e-06	8e-06	-12	-14.434	1.3152
182	18.771	3e-06	3e-06	-16	9.815	1.3152
182	18.771	3e-06	3e-06	-16.5	8.9489	1.3152
182	18.771	3e-06	3e-06	0.5	-18.764	1.3152
182	18.771	3e-06	3e-06	-0.5	-18.764	1.3152
182	18.771	3e-06	3e-06	16.5	8.9489	1.3152
182	18.771	3e-06	3e-06	16	9.815	1.3152
183	18.824	0	0	-15.5	10.681	1.3152
183	18.824	0	0	-17	8.0829	1.3152
183	18.824	0	0	1.5	-18.764	1.3152
183	18.824	0	0	-1.5	-18.764	1.3152
183	18.824	0	0	17	8.0829	1.3152
183	18.824	0	0	15.5	10.681	1.3152
184	18.877	-3e-06	3e-06	-12.5	14.145	1.3152
184	18.877	-3e-06	3e-06	6	-17.898	1.3152
184	18.877	-3e-06	3e-06	-18.5	3.7528	1.3152
184	18.877	-3e-06	3e-06	18.5	3.7528	1.3152
184	18.877	-3e-06	3e-06	-6	-17.898	1.3152
184	18.877	-3e-06	3e-06	12.5	14.145	1.3152
185	18.903	-4e-06	4e-06	14	-12.702	1.3152
185	18.903	-4e-06	4e-06	18	-5.7735	1.3152
185	18.903	-4e-06	4e-06	-4	18.475	1.3152
185	18.903	-4e-06	4e-06	-18	-5.7735	1.3152
185	18.903	-4e-06	4e-06	4	18.475	1.3152
185	18.903	-4e-06	4e-06	-14	-12.702	1.3152
186	18.93	-3e-06	3e-06	-15	11.547	1.3152
186	18.93	-3e-06	3e-06	-17.5	7.2169	1.3152
186	18.93	-3e-06	3e-06	2.5	-18.764	1.3152
186	18.93	-3e-06	3e-06	-2.5	-18.764	1.3152
186	18.93	-3e-06	3e-06	17.5	7.2169	1.3152
186	18.93	-3e-06	3e-06	15	11.547	1.3152
187	19.009	3e-06	3e-06	10	-16.166	1.3152
187	19.009	3e-06	3e-06	-9	16.743	1.3152
187	19.009	3e-06	3e-06	-19	-0.57735	1.3152
187	19.009	3e-06	3e-06	19	-0.57735	1.3152
187	19.009	3e-06	3e-06	-10	-16.166	1.3152
187	19.009	3e-06	3e-06	9	16.743	1.3152
188	19.035	6e-06	6e-06	-10.5	15.877	1.3152
188	19.035	6e-06	6e-06	8.5	-17.032	1.3152
188	19.035	6e-06	6e-06	-19	1.1547	1.3152
188	19.035	6e-06	6e-06	19	1.1547	1.3152
188	19.035	6e-06	6e-06	-8.5	-17.032	1.3152
188	19.035	6e-06	6e-06	10.5	15.877	1.3152
189	19.088	-1e-06	1e-06	-14.5	12.413	1.3152
189	19.088	-1e-06	1e-06	-18	6.3509	1.3152
189	19.088	-1e-06	1e-06	3.5	-18.764	1.3152
189	19.088	-1e-06	1e-06	-3.5	-18.764	1.3152
189	19.088	-1e-06	1e-06	18	6.3509	1.3152
189	19.088	-1e-06	1e-06	14.5	12.413	1.3152
190	19.14	-4e-06	4e-06	13.5	-13.568	1.3152
190	19.14	4e-06	4e-06	11.5	-15.3	1.3152
190	19.14	4e-06	4e-06	-7.5	17.609	1.3152
190	19.14	-4e-06	4e-06	18.5	-4.9075	1.3152
190	19.14	-4e-06	4e-06	-5	18.475	1.3152
190	19.14	4e-06	4e-06	19	-2.3094	1.3152
190	19.14	4e-06	4e-06	-19	-2.3094	1.3152
190	19.14	-4e-06	4e-06	-18.5	-4.9075	1.3152
190	19.14	-4e-06	4e-06	5	18.475	1.3152
190	19.14	4e-06	4e-06	7.5	17.609	1.3152
190	19.14	4e-06	4e-06	-11.5	-15.3	1.3152
190	19.14	-4e-06	4e-06	-13.5	-13.568	1.3152
191	19.218	-4e-06	4e-06	-12	15.011	1.3152
191	19.218	-4e-06	4e-06	7	-17.898	1.3152
191	19.218	-4e-06	4e-06	-19	2.8868	1.3152
191	19.218	-4e-06	4e-06	19	2.8868	1.3152
191	19.218	-4e-06	4e-06	-7	-17.898	1.3152
191	19.218	-4e-06	4e-06	12	15.011	1.3152
192	19.296	5e-06	5e-06	-14	13.279	1.3152
192	19.296	5e-06	5e-06	-18.5	5.4848	1.3152
192	19.296	5e-06	5e-06	4.5	-18.764	1.3152
192	19.296	5e-06	5e-06	-4.5	-18.764	1.3152
192	19.296	5e-06	5e-06	18.5	5.4848	1.3152
192	19.296	5e-06	5e-06	14	13.279	1.3152
193	19.348	-5e-06	5e-06	16.5	-10.104	1.3152
193	19.348	-5e-06	5e-06	17	-9.2376	1.3152
193	19.348	-5e-06	5e-06	-0.5	19.341	1.3152
193	19.348	-5e-06	5e-06	0.5	19.341	1.3152
193	19.348	-5e-06	5e-06	-17	-9.2376	1.3152
193	19.348	-5e-06	5e-06	-16.5	-10.104	1.3152
194	19.399	0	0	16	-10.97	1.3152
194	19.399	0	0	17.5	-8.3716	1.3152
194	19.399	0	0	-1.5	19.341	1.3152
194	19.399	0	0	1.5	19.341	1.3152
194	19.399	0	0	-17.5	-8.3716	1.3152
194	19.399	0	0	-16	-10.97	1.3152
195	19.425	2e-06	2e-06	13	-14.434	1.3152
195	19.425	2e-06	2e-06	-6	18.475	1.3152
195	19.425	2e-06	2e-06	19	-4.0415	1.3152
195	19.425	2e-06	2e-06	-19	-4.0415	1.3152
195	19.425	2e-06	2e-06	6	18.475	1.3152
195	19.425	2e-06	2e-06	-13	-14.434	1.3152
196	19.502	-2e-06	2e-06	15.5	-11.836	1.3152
196	19.502	-2e-06	2e-06	18	-7.5056	1.3152
196	19.502	-2e-06	2e-06	-2.5	19.341	1.3152
196	19.502	-2e-06	2e-06	2.5	19.341	1.3152
196	19.502	-2e-06	2e-06	-18	-7.5056	1.3152
196	19.502	-2e-06	2e-06	-15.5	-11.836	1.3152
196	19.502	-1e-06	1e-06	9.5	-17.032	1.3152
196	19.502	-1e-06	1e-06	-10	16.743	1.3152
196	19.502	-1e-06	1e-06	-19.5	0.28868	1.3152
196	19.502	-1e-06	1e-06	19.5	0.28868	1.3152
196	19.502	-1e-06	1e-06	-9.5	-17.032	1.3152
196	19.502	-1e-06	1e-06	10	16.743	1.3152
197	19.553	-5e-06	5e-06	11	-16.166	1.3152
197	19.553	-5e-06	5e-06	-8.5	17.609	1.3152
197	19.553	-5e-06	5e-06	19.5	-1.4434	1.3152
197	19.553	-5e-06	5e-06	-19.5	-1.4434	1.3152
197	19.553	-5e-06	5e-06	-11	-16.166	1.3152
197	19.553	-5e-06	5e-06	8.5	17.609	1.3152
197	19.553	-1e-06	1e-06	-13.5	14.145	1.3152
197	19.553	-1e-06	1e-06	-19	4.6188	1.3152
197	19.553	-1e-06	1e-06	5.5	-18.764	1.3152
197	19.553	-1e-06	1e-06	19	4.6188	1.3152
197	19.553	-1e-06	1e-06	-5.5	-18.764	1.3152
197	19.553	-1e-06	1e-06	13.5	14.145	1.3152
198	19.604	-1e-06	1e-06	-11.5	15.877	1.3152
198	19.604	-1e-06	1e-06	8	-17.898	1.3152
198	19.604	-1e-06	1e-06	-19.5	2.0207	1.3152
198	19.604	-1e-06	1e-06	19.5	2.0207	1.3152
198	19.604	-1e-06	1e-06	-8	-17.898	1.3152
198	19.604	-1e-06	1e-06	11.5	15.877	1.3152
199	19.63	5e-06	5e-06	-17	9.815	1.3152
199	19.63	5e-06	5e-06	-6.7877e-08	-19.63	1.3152
199	19.63	5e-06	5e-06	17	9.815	1.3152
200	19.655	2e-06	2e-06	15	-12.702	1.3152
200	19.655	2e-06	2e-06	18.5	-6.6395	1.3152
200	19.655	2e-06	2e-06	-3.5	19.341	1.3152
200	19.655	2e-06	2e-06	3.5	19.341	1.3152
200	19.655	2e-06	2e-06	-18.5	-6.6395	1.3152
200	19.655	2e-06	2e-06	-15	-12.702	1.3152
200	19.655	0	0	-16.5	10.681	1.3152
200	19.655	0	0	-17.5	8.9489	1.3152
200	19.655	0	0	1	-19.63	1.3152
200	19.655	0	0	-1	-19.63	1.3152
200	19.655	0	0	17.5	8.9489	1.3152
200	19.655	0	0	16.5	10.681	1.3152
201	19.732	2e-06	2e-06	-16	11.547	1.3152
201	19.732	2e-06	2e-06	-18	8.0829	1.3152
201	19.732	2e-06	2e-06	2	-19.63	1.3152
201	19.732	2e-06	2e-06	-2	-19.63	1.3152
201	19.732	2e-06	2e-06	18	8.0829	1.3152
201	19.732	2e-06	2e-06	16	11.547	1.3152
202	19.757	5e-06	5e-06	12.5	-15.3	1.3152
202	19.757	5e-06	5e-06	-7	18.475	1.3152
202	19.757	5e-06	5e-06	19.5	-3.1754	1.3152
202	19.757	5e-06	5e-06	-19.5	-3.1754	1.3152
202	19.757	5e-06	5e-06	7	18.475	1.3152
202	19.757	5e-06	5e-06	-12.5	-15.3	1.3152
203	19.858	-4e-06	4e-06	-15.5	12.413	1.3152
203	19.858	-4e-06	4e-06	-18.5	7.2169	1.3152
203	19.858	-4e-06	4e-06	3	-19.63	1.3152
203	19.858	-4e-06	4e-06	-3	-19.63	1.3152
203	19.858	-4e-06	4e-06	18.5	7.2169	1.3152
203	19.858	-4e-06	4e-06	15.5	12.413	1.3152
203	19.858	-2e-06	2e-06	-13	15.011	1.3152
203	19.858	-2e-06	2e-06	6.5	-18.764	1.3152
203	19.858	-2e-06	2e-06	-19.5	3.7528	1.3152
203	19.858	-2e-06	2e-06	19.5	3.7528	1.3152
203	19.858	-2e-06	2e-06	-6.5	-18.764	1.3152
203	19.858	-2e-06	2e-06	13	15.011	1.3152
203	19.858	0	0	14.5	-13.568	1.3152
203	19.858	0	0	19	-5.7735	1.3152
203	19.858	0	0	-4.5	19.341	1.3152
203	19.858	0	0	-19	-5.7735	1.3152
203	19.858	0	0	4.5	19.341	1.3152
203	19.858	0	0	-14.5	-13.568	1.3152
204	20.008	0	0	10.5	-17.032	1.3152
204	20.008	0	0	-9.5	17.609	1.3152
204	20.008	0	0	-20	-0.57735	1.3152
204	20.008	0	0	20	-0.57735	1.3152
204	20.008	0	0	-10.5	-17.032	1.3152
204	20.008	0	0	9.5	17.609	1.3152
205	20.033	6e-06	6e-06	-11	16.743	1.3152
205	20.033	6e-06	6e-06	9	-17.898	1.3152
205	20.033	6e-06	6e-06	-20	1.1547	1.3152
205	20.033	6e-06	6e-06	20	1.1547	1.3152
205	20.033	6e-06	6e-06	-9	-17.898	1.3152
205	20.033	6e-06	6e-06	11	16.743	1.3152
205	20.033	-4e-06	4e-06	-15	13.279	1.3152
205	20.033	-4e-06	4e-06	-19	6.3509	1.3152
205	20.033	-4e-06	4e-06	4	-19.63	1.3152
205	20.033	-4e-06	4e-06	-4	-19.63	1.3152
205	20.033	-4e-06	4e-06	19	6.3509	1.3152
205	20.033	-4e-06	4e-06	15	13.279	1.3152
206	20.108	3e-06	3e-06	14	-14.434	1.3152
206	20.108	3e-06	3e-06	19.5	-4.9075	1.3152
206	20.108	3e-06	3e-06	-5.5	19.341	1.3152
206	20.108	3e-06	3e-06	-19.5	-4.9075	1.3152
206	20.108	3e-06	3e-06	5.5	19.341	1.3152
206	20.108	3e-06	3e-06	-14	-14.434	1.3152
207	20.133	3e-06	3e-06	12	-16.166	1.3152
207	20.133	3e-06	3e-06	-8	18.475	1.3152
207	20.133	3e-06	3e-06	20	-2.3094	1.3152
207	20.133	3e-06	3e-06	-20	-2.3094	1.3152
207	20.133	3e-06	3e-06	8	18.475	1.3152
207	20.133	3e-06	3e-06	-12	-16.166	1.3152
208	20.207	-3e-06	3e-06	-12.5	15.877	1.3152
208	20.207	3e-06	3e-06	17.5	-10.104	1.3152
208	20.207	-3e-06	3e-06	7.5	-18.764	1.3152
208	20.207	-3e-06	3e-06	-20	2.8868	1.3152
208	20.207	3e-06	3e-06	7.4047e-08	20.207	1.3152
208	20.207	-3e-06	3e-06	20	2.8868	1.3152
208	20.207	-3e-06	3e-06	-7.5	-18.764	1.3152
208	20.207	3e-06	3e-06	-17.5	-10.104	1.3152
208	20.207	-3e-06	3e-06	12.5	15.877	1.3152
209	20.232	3e-06	3e-06	17	-10.97	1.3152
209	20.232	3e-06	3e-06	18	-9.2376	1.3152
209	20.232	3e-06	3e-06	-1	20.207	1.3152
209	20.232	3e-06	3e-06	1	20.207	1.3152
209	20.232	3e-06	3e-06	-18	-9.2376	1.3152
209	20.232	3e-06	3e-06	-17	-10.97	1.3152
210	20.257	1e-06	1e-06	-14.5	14.145	1.3152
210	20.257	1e-06	1e-06	-19.5	5.4848	1.3152
210	20.257	1e-06	1e-06	5	-19.63	1.3152
210	20.257	1e-06	1e-06	-5	-19.63	1.3152
210	20.257	1e-06	1e-06	19.5	5.4848	1.3152
210	20.257	1e-06	1e-06	14.5	14.145	1.3152
211	20.306	-3e-06	3e-06	16.5	-11.836	1.3152
211	20.306	-3e-06	3e-06	18.5	-8.3716	1.3152
211	20.306	-3e-06	3e-06	-2	20.207	1.3152
211	20.306	-3e-06	3e-06	2	20.207	1.3152
211	20.306	-3e-06	3e-06	-18.5	-8.3716	1.3152
211	20.306	-3e-06	3e-06	-16.5	-11.836	1.3152
212	20.404	5e-06	5e-06	13.5	-15.3	1.3152
212	20.404	5e-06	5e-06	-6.5	19.341	1.3152
212	20.404	5e-06	5e-06	20	-4.0415	1.3152
212	20.404	5e-06	5e-06	-20	-4.0415	1.3152
212	20.404	5e-06	5e-06	6.5	19.341	1.3152
212	20.404	5e-06	5e-06	-13.5	-15.3	1.3152
213	20.429	4e-06	4e-06	16	-12.702	1.3152
213	20.429	4e-06	4e-06	19	-7.5056	1.3152
213	20.429	4e-06	4e-06	-3	20.207	1.3152
213	20.429	4e-06	4e-06	3	20.207	1.3152
213	20.429	4e-06	4e-06	-19	-7.5056	1.3152
213	20.429	4e-06	4e-06	-16	-12.702	1.3152
214	20.502	-7e-06	7e-06	-17.5	10.681	1.3152
214	20.502	-7e-06	7e-06	-18	9.815	1.3152
214	20.502	-7e-06	7e-06	0.5	-20.496	1.3152
214	20.502	-7e-06	7e-06	-0.5	-20.496	1.3152
214	20.502	-7e-06	7e-06	18	9.815	1.3152
214	20.502	-7e-06	7e-06	17.5	10.681	1.3152
214	20.502	0	0	10	-17.898	1.3152
214	20.502	0	0	-10.5	17.609	1.3152
214	20.502	0	0	-20.5	0.28868	1.3152
214	20.502	0	0	20.5	0.28868	1.3152
214	20.502	0	0	-10	-17.898	1.3152
214	20.502	0	0	10.5	17.609	1.3152
215	20.526	-9e-06	9e-06	-14	15.011	1.3152
215	20.526	-9e-06	9e-06	-20	4.6188	1.3152
215	20.526	-9e-06	9e-06	6	-19.63	1.3152
215	20.526	-9e-06	9e-06	20	4.6188	1.3152
215	20.526	-9e-06	9e-06	-6	-19.63	1.3152
215	20.526	-9e-06	9e-06	14	15.011	1.3152
216	20.551	-5e-06	5e-06	11.5	-17.032	1.3152
216	20.551	-5e-06	5e-06	20.5	-1.4434	1.3152
216	20.551	-5e-06	5e-06	-20.5	-1.4434	1.3152
216	20.551	-5e-06	5e-06	-11.5	-17.032	1.3152
216	20.551	-5e-06	5e-06	9	18.475	1.3152
216	20.551	-2e-06	2e-06	-17	11.547	1.3152
216	20.551	-2e-06	2e-06	-18.5	8.9489	1.3152
216	20.551	-2e-06	2e-06	1.5	-20.496	1.3152
216	20.551	-2e-06	2e-06	-1.5	-20.496	1.3152
216	20.551	-2e-06	2e-06	18.5	8.9489	1.3152
216	20.551	-2e-06	2e-06	17	11.547	1.3152
217	20.599	-2e-06	2e-06	-12	16.743	1.3152
217	20.599	-2e-06	2e-06	8.5	-18.764	1.3152
217	20.599	-2e-06	2e-06	-20.5	2.0207	1.3152
217	20.599	-2e-06	2e-06	20.5	2.0207	1.3152
217	20.599	-2e-06	2e-06	-8.5	-18.764	1.3152
217	20.599	0	0	15.5	-13.568	1.3152
217	20.599	0	0	19.5	-6.6395	1.3152
217	20.599	0	0	-4	20.207	1.3152
217	20.599	0	0	-19.5	-6.6395	1.3152
217	20.599	0	0	4	20.207	1.3152
217	20.599	0	0	-15.5	-13.568	1.3152
218	20.648	4e-06	4e-06	-16.5	12.413	1.3152
218	20.648	4e-06	4e-06	-19	8.0829	1.3152
218	20.648	4e-06	4e-06	2.5	-20.496	1.3152
218	20.648	4e-06	4e-06	-2.5	-20.496	1.3152
218	20.648	4e-06	4e-06	19	8.0829	1.3152
218	20.648	4e-06	4e-06	16.5	12.413	1.3152
219	20.744	3e-06	3e-06	13	-16.166	1.3152
219	20.744	3e-06	3e-06	20.5	-3.1754	1.3152
219	20.744	3e-06	3e-06	-20.5	-3.1754	1.3152
219	20.744	3e-06	3e-06	7.5	19.341	1.3152
219	20.744	3e-06	3e-06	-13	-16.166	1.3152
220	20.793	1e-06	1e-06	-16	13.279	1.3152
220	20.793	1e-06	1e-06	-19.5	7.2169	1.3152
220	20.793	1e-06	1e-06	3.5	-20.496	1.3152
220	20.793	1e-06	1e-06	-3.5	-20.496	1.3152
220	20.793	1e-06	1e-06	19.5	7.2169	1.3152
220	20.793	1e-06	1e-06	16	13.279	1.3152
221	20.817	-5e-06	5e-06	15	-14.434	1.3152
221	20.817	-5e-06	5e-06	20	-5.7735	1.3152
221	20.817	-5e-06	5e-06	-5	20.207	1.3152
221	20.817	-5e-06	5e-06	-20	-5.7735	1.3152
221	20.817	-5e-06	5e-06	5	20.207	1.3152
221	20.817	-5e-06	5e-06	-15	-14.434	1.3152
222	20.841	-5e-06	5e-06	-13.5	15.877	1.3152
222	20.841	-5e-06	5e-06	7	-19.63	1.3152
222	20.841	-5e-06	5e-06	-20.5	3.7528	1.3152
222	20.841	-5e-06	5e-06	20.5	3.7528	1.3152
222	20.841	-5e-06	5e-06	-7	-19.63	1.3152
223	20.984	2e-06	2e-06	-15.5	14.145	1.3152
223	20.984	2e-06	2e-06	-20	6.3509	1.3152
223	20.984	2e-06	2e-06	4.5	-20.496	1.3152
223	20.984	2e-06	2e-06	-4.5	-20.496	1.3152
223	20.984	2e-06	2e-06	20	6.3509	1.3152
223	20.984	2e-06	2e-06	15.5	14.145	1.3152
224	21.008	-4e-06	4e-06	11	-17.898	1.3152
224	21.008	-4e-06	4e-06	-21	-0.57735	1.3152
224	21.008	-4e-06	4e-06	21	-0.57735	1.3152
224	21.008	-4e-06	4e-06	-11	-17.898	1.3152
225	21.032	1e-05	1e-05	9.5	-18.764	1.3152
225	21.032	1e-05	1e-05	-21	1.1547	1.3152
225	21.032	1e-05	1e-05	-9.5	-18.764	1.3152
226	21.079	7e-06	7e-06	18	-10.97	1.3152
226	21.079	7e-06	7e-06	18.5	-10.104	1.3152
226	21.079	7e-06	7e-06	-0.5	21.073	1.3152
226	21.079	7e-06	7e-06	0.5	21.073	1.3152
226	21.079	7e-06	7e-06	-18.5	-10.104	1.3152
226	21.079	7e-06	7e-06	-18	-10.97	1.3152
226	21.079	6e-06	6e-06	14.5	-15.3	1.3152
226	21.079	6e-06	6e-06	20.5	-4.9075	1.3152
226	21.079	6e-06	6e-06	-20.5	-4.9075	1.3152
226	21.079	6e-06	6e-06	6	20.207	1.3152
226	21.079	6e-06	6e-06	-14.5	-15.3	1.3152
227	21.127	3e-06	3e-06	12.5	-17.032	1.3152
227	21.127	3e-06	3e-06	17.5	-11.836	1.3152
227	21.127	3e-06	3e-06	19	-9.2376	1.3152
227	21.127	3e-06	3e-06	21	-2.3094	1.3152
227	21.127	3e-06	3e-06	-1.5	21.073	1.3152
227	21.127	3e-06	3e-06	1.5	21.073	1.3152
227	21.127	3e-06	3e-06	-19	-9.2376	1.3152
227	21.127	3e-06	3e-06	-17.5	-11.836	1.3152
227	21.127	3e-06	3e-06	-12.5	-17.032	1.3152
228	21.197	-6e-06	6e-06	8	-19.63	1.3152
228	21.197	-6e-06	6e-06	-21	2.8868	1.3152
228	21.197	-6e-06	6e-06	-8	-19.63	1.3152
229	21.221	-6e-06	6e-06	17	-12.702	1.3152
229	21.221	-6e-06	6e-06	19.5	-8.3716	1.3152
229	21.221	-6e-06	6e-06	-2.5	21.073	1.3152
229	21.221	-6e-06	6e-06	2.5	21.073	1.3152
229	21.221	-6e-06	6e-06	-19.5	-8.3716	1.3152
229	21.221	-6e-06	6e-06	-17	-12.702	1.3152
229	21.221	2e-06	2e-06	-15	15.011	1.3152
229	21.221	2e-06	2e-06	-20.5	5.4848	1.3152
229	21.221	2e-06	2e-06	5.5	-20.496	1.3152
229	21.221	2e-06	2e-06	-5.5	-20.496	1.3152
229	21.221	2e-06	2e-06	20.5	5.4848	1.3152
230	21.362	-8e-06	8e-06	-18.5	10.681	1.3152
230	21.362	-8e-06	8e-06	-7.4047e-08	-21.362	1.3152
230	21.362	-8e-06	8e-06	18.5	10.681	1.3152
230	21.362	-3e-06	3e-06	16.5	-13.568	1.3152
230	21.362	-3e-06	3e-06	20	-7.5056	1.3152
230	21.362	-3e-06	3e-06	-3.5	21.073	1.3152
230	21.362	-3e-06	3e-06	3.5	21.073	1.3152
230	21.362	-3e-06	3e-06	-20	-7.5056	1.3152
230	21.362	-3e-06	3e-06	-16.5	-13.568	1.3152
231	21.385	-4e-06	4e-06	-18	11.547	1.3152
231	21.385	-4e-06	4e-06	-19	9.815	1.3152
231	21.385	-4e-06	4e-06	1	-21.362	1.3152
231	21.385	-4e-06	4e-06	-1	-21.362	1.3152
231	21.385	-4e-06	4e-06	19	9.815	1.3152
231	21.385	-4e-06	4e-06	18	11.547	1.3152
231	21.385	3e-06	3e-06	14	-16.166	1.3152
231	21.385	3e-06	3e-06	21	-4.0415	1.3152
231	21.385	3e-06	3e-06	-14	-16.166	1.3152
232	21.455	0	0	-17.5	12.413	1.3152
232	21.455	0	0	-19.5	8.9489	1.3152
232	21.455	0	0	2	-21.362	1.3152
232	21.455	0	0	-2	-21.362	1.3152
232	21.455	0	0	19.5	8.9489	1.3152
232	21.455	0	0	17.5	12.413	1.3152
233	21.502	-5e-06	5e-06	6.5	-20.496	1.3152
233	21.502	-5e-06	5e-06	-21	4.6188	1.3152
233	21.502	-5e-06	5e-06	-6.5	-20.496	1.3152
233	21.502	0	0	10.5	-18.764	1.3152
233	21.502	0	0	-10.5	-18.764	1.3152
234	21.548	-5e-06	5e-06	16	-14.434	1.3152
234	21.548	-5e-06	5e-06	12	-17.898	1.3152
234	21.548	-5e-06	5e-06	20.5	-6.6395	1.3152
234	21.548	-5e-06	5e-06	-20.5	-6.6395	1.3152
234	21.548	-5e-06	5e-06	4.5	21.073	1.3152
234	21.548	-5e-06	5e-06	-16	-14.434	1.3152
235	21.572	2e-06	2e-06	-17	13.279	1.3152
235	21.572	2e-06	2e-06	-20	8.0829	1.3152
235	21.572	2e-06	2e-06	3	-21.362	1.3152
235	21.572	2e-06	2e-06	-3	-21.362	1.3152
235	21.572	2e-06	2e-06	20	8.0829	1.3152
235	21.572	2e-06	2e-06	17	13.279	1.3152
236	21.595	-2e-06	2e-06	-9	-19.63	1.3152
237	21.733	5e-06	5e-06	-16.5	14.145	1.3152
237	21.733	5e-06	5e-06	-20.5	7.2169	1.3152
237	21.733	5e-06	5e-06	4	-21.362	1.3152
237	21.733	5e-06	5e-06	-4	-21.362	1.3152
237	21.733	5e-06	5e-06	20.5	7.2169	1.3152
237	21.733	3e-06	3e-06	13.5	-17.032	1.3152
238	21.779	-7e-06	7e-06	15.5	-15.3	1.3152
238	21.779	-7e-06	7e-06	21	-5.7735	1.3152
238	21.779	-7e-06	7e-06	-15.5	-15.3	1.3152
239	21.825	-5e-06	5e-06	-7.5	-20.496	1.3152
240	21.939	9e-06	9e-06	-21	6.3509	1.3152
240	21.939	9e-06	9e-06	5	-21.362	1.3152
240	21.939	9e-06	9e-06	-5	-21.362	1.3152
240	21.939	6e-06	6e-06	19	-10.97	1.3152
240	21.939	6e-06	6e-06	8.0218e-08	21.939	1.3152
240	21.939	6e-06	6e-06	-19	-10.97	1.3152
241	21.962	3e-06	3e-06	18.5	-11.836	1.3152
241	21.962	3e-06	3e-06	19.5	-10.104	1.3152
241	21.962	3e-06	3e-06	-1	21.939	1.3152
241	21.962	3e-06	3e-06	1	21.939	1.3152
241	21.962	3e-06	3e-06	-19.5	-10.104	1.3152
241	21.962	3e-06	3e-06	-18.5	-11.836	1.3152
242	22.03	2e-06	2e-06	18	-12.702	1.3152
242	22.03	2e-06	2e-06	20	-9.2376	1.3152
242	22.03	2e-06	2e-06	-2	21.939	1.3152
242	22.03	2e-06	2e-06	2	21.939	1.3152
242	22.03	2e-06	2e-06	-20	-9.2376	1.3152
242	22.03	2e-06	2e-06	-18	-12.702	1.3152
243	22.053	6e-06	6e-06	15	-16.166	1.3152
244	22.143	0	0	17.5	-13.568	1.3152
244	22.143	0	0	20.5	-8.3716	1.3152
244	22.143	0	0	3	21.939	1.3152
244	22.143	0	0	-20.5	-8.3716	1.3152
244	22.143	0	0	-17.5	-13.568	1.3152
245	22.189	2e-06	2e-06	-6	-21.362	1.3152
246	22.234	-4e-06	4e-06	-19	11.547	1.3152
246	22.234	-4e-06	4e-06	-19.5	10.681	1.3152
246	22.234	-4e-06	4e-06	0.5	-22.228	1.3152
246	22.234	-4e-06	4e-06	-0.5	-22.228	1.3152
246	22.234	-4e-06	4e-06	19.5	10.681	1.3152
246	22.234	-4e-06	4e-06	19	11.547	1.3152
247	22.279	-2e-06	2e-06	-18.5	12.413	1.3152
247	22.279	-2e-06	2e-06	-20	9.815	1.3152
247	22.279	-2e-06	2e-06	1.5	-22.228	1.3152
247	22.279	-2e-06	2e-06	-1.5	-22.228	1.3152
247	22.279	-2e-06	2e-06	20	9.815	1.3152
247	22.279	-2e-06	2e-06	18.5	12.413	1.3152
248	22.301	-5e-06	5e-06	17	-14.434	1.3152
248	22.301	-5e-06	5e-06	21	-7.5056	1.3152
248	22.301	-5e-06	5e-06	-17	-14.434	1.3152
249	22.368	2e-06	2e-06	-18	13.279	1.3152
249	22.368	2e-06	2e-06	-20.5	8.9489	1.3152
249	22.368	2e-06	2e-06	2.5	-22.228	1.3152
249	22.368	2e-06	2e-06	-2.5	-22.228	1.3152
249	22.368	2e-06	2e-06	20.5	8.9489	1.3152
250	22.502	-5e-06	5e-06	16.5	-15.3	1.3152
250	22.502	1e-06	1e-06	-21	8.0829	1.3152
250	22.502	1e-06	1e-06	3.5	-22.228	1.3152
250	22.502	1e-06	1e-06	-3.5	-22.228	1.3152
251	22.679	5e-06	5e-06	-4.5	-22.228	1.3152
252	22.811	0	0	19.5	-11.836	1.3152
252	22.811	0	0	20	-10.97	1.3152
252	22.811	0	0	-0.5	22.805	1.3152
252	22.811	0	0	0.5	22.805	1.3152
252	22.811	0	0	-20	-10.97	1.3152
252	22.811	0	0	-19.5	-11.836	1.3152
253	22.855	-3e-06	3e-06	19	-12.702	1.3152
253	22.855	-3e-06	3e-06	20.5	-10.104	1.3152
253	22.855	-3e-06	3e-06	1.5	22.805	1.3152
253	22.855	-3e-06	3e-06	-20.5	-10.104	1.3152
253	22.855	-3e-06	3e-06	-19	-12.702	1.3152
254	22.942	-2e-06	2e-06	18.5	-13.568	1.3152
254	22.942	-2e-06	2e-06	21	-9.2376	1.3152
254	22.942	-2e-06	2e-06	-18.5	-13.568	1.3152
255	23.072	0	0	18	-14.434	1.3152
256	23.094	-4e-06	4e-06	-20	11.547	1.3152
256	23.094	-4e-06	4e-06	-8.0218e-08	-23.094	1.3152
256	23.094	-4e-06	4e-06	20	11.547	1.3152
257	23.116	1e-06	1e-06	-19.5	12.413	1.3152
257	23.116	1e-06	1e-06	-20.5	10.681	1.3152
257	23.116	1e-06	1e-06	1	-23.094	1.3152
257	23.116	1e-06	1e-06	-1	-23.094	1.3152
257	23.116	1e-06	1e-06	20.5	10.681	1.3152
258	23.18	4e-06	4e-06	-21	9.815	1.3152
258	23.18	4e-06	4e-06	2	-23.094	1.3152
258	23.18	4e-06	4e-06	-2	-23.094	1.3152
259	23.288	2e-06	2e-06	-3	-23.094	1.3152
260	23.671	8e-06	8e-06	20.5	-11.836	1.3152
260	23.671	8e-06	8e-06	-20.5	-11.836	1.3152
261	23.692	0	0	20	-12.702	1.3152
261	23.692	0	0	21	-10.97	1.3152
261	23.692	0	0	-20	-12.702	1.3152
262	23.756	-3e-06	3e-06	19.5	-13.568	1.3152
263	23.965	3e-06	3e-06	-21	11.547	1.3152
263	23.965	3e-06	3e-06	0.5	-23.96	1.3152
263	23.965	3e-06	3e-06	-0.5	-23.96	1.3152
264	24.007	1e-06	1e-06	-1.5	-23.96	1.3152
