  0.00000000E+00 -0.20340140E+02
  0.14630364E-01 -0.20339654E+02
  0.29260727E-01 -0.20338186E+02
  0.43891091E-01 -0.20335707E+02
  0.58521454E-01 -0.20332197E+02
  0.73151818E-01 -0.20327656E+02
  0.87782182E-01 -0.20322114E+02
  0.10241255E+00 -0.20315611E+02
  0.11704291E+00 -0.20308178E+02
  0.13167327E+00 -0.20299816E+02
  0.14630364E+00 -0.20290492E+02
  0.16093400E+00 -0.20280161E+02
  0.17556436E+00 -0.20268785E+02
  0.19019473E+00 -0.20256356E+02
  0.20482509E+00 -0.20242900E+02
  0.21945545E+00 -0.20228463E+02
  0.23408582E+00 -0.20213088E+02
  0.24871618E+00 -0.20196796E+02
  0.26334654E+00 -0.20179584E+02
  0.27797691E+00 -0.20161427E+02
  0.29260727E+00 -0.20142298E+02
  0.30723764E+00 -0.20122180E+02
  0.32186800E+00 -0.20101072E+02
  0.33649836E+00 -0.20078984E+02
  0.35112873E+00 -0.20055938E+02
  0.36575909E+00 -0.20031954E+02
  0.38038945E+00 -0.20007049E+02
  0.39501982E+00 -0.19981236E+02
  0.40965018E+00 -0.19954517E+02
  0.42428054E+00 -0.19926891E+02
  0.43891091E+00 -0.19898349E+02
  0.45354127E+00 -0.19868883E+02
  0.46817163E+00 -0.19838492E+02
  0.48280200E+00 -0.19807188E+02
  0.49743236E+00 -0.19774994E+02
  0.51206273E+00 -0.19741939E+02
  0.52669309E+00 -0.19708043E+02
  0.54132345E+00 -0.19673315E+02
  0.55595382E+00 -0.19637747E+02
  0.57058418E+00 -0.19601330E+02
  0.58521454E+00 -0.19564059E+02
  0.59984491E+00 -0.19525950E+02
  0.61447527E+00 -0.19487028E+02
  0.62910563E+00 -0.19447327E+02
  0.64373600E+00 -0.19406871E+02
  0.65836636E+00 -0.19365672E+02
  0.67299673E+00 -0.19323733E+02
  0.68762709E+00 -0.19281057E+02
  0.70225745E+00 -0.19237653E+02
  0.71688782E+00 -0.19193544E+02
  0.73151818E+00 -0.19148756E+02
  0.74614854E+00 -0.19103315E+02
  0.76077891E+00 -0.19057237E+02
  0.77540927E+00 -0.19010539E+02
  0.79003963E+00 -0.18963243E+02
  0.80467000E+00 -0.18915383E+02
  0.81930036E+00 -0.18867006E+02
  0.83393072E+00 -0.18818154E+02
  0.84856109E+00 -0.18768857E+02
  0.86319145E+00 -0.18719123E+02
  0.87782182E+00 -0.18668953E+02
  0.89245218E+00 -0.18618356E+02
  0.90708254E+00 -0.18567369E+02
  0.92171291E+00 -0.18516059E+02
  0.93634327E+00 -0.18464512E+02
  0.95097363E+00 -0.18412809E+02
  0.96560400E+00 -0.18361007E+02
  0.98023436E+00 -0.18309135E+02
  0.99486472E+00 -0.18257208E+02
  0.10094951E+01 -0.18205253E+02
  0.10241255E+01 -0.18153327E+02
  0.10387558E+01 -0.18101514E+02
  0.10533862E+01 -0.18049918E+02
  0.10680165E+01 -0.17998635E+02
  0.10826469E+01 -0.17947746E+02
  0.10972773E+01 -0.17897317E+02
  0.11119076E+01 -0.17847414E+02
  0.11265380E+01 -0.17798121E+02
  0.11411684E+01 -0.17749548E+02
  0.11557987E+01 -0.17701817E+02
  0.11704291E+01 -0.17655052E+02
  0.11850595E+01 -0.17609369E+02
  0.11996898E+01 -0.17564872E+02
  0.12143202E+01 -0.17521669E+02
  0.12289505E+01 -0.17479882E+02
  0.12435809E+01 -0.17439656E+02
  0.12582113E+01 -0.17401149E+02
  0.12728416E+01 -0.17364519E+02
  0.12874720E+01 -0.17329910E+02
  0.13021024E+01 -0.17297448E+02
  0.13167327E+01 -0.17267252E+02
  0.13313631E+01 -0.17239444E+02
  0.13459935E+01 -0.17214153E+02
  0.13606238E+01 -0.17191509E+02
  0.13752542E+01 -0.17171636E+02
  0.13898845E+01 -0.17154641E+02
  0.14045149E+01 -0.17140609E+02
  0.14191453E+01 -0.17129608E+02
  0.14337756E+01 -0.17121698E+02
  0.14484060E+01 -0.17116929E+02
  0.14629695E+01 -0.17115335E+02
  0.14775330E+01 -0.17114991E+02
  0.14920966E+01 -0.17113959E+02
  0.15066601E+01 -0.17112242E+02
  0.15212236E+01 -0.17109841E+02
  0.15357871E+01 -0.17106762E+02
  0.15503507E+01 -0.17103008E+02
  0.15649142E+01 -0.17098584E+02
  0.15794777E+01 -0.17093496E+02
  0.15940412E+01 -0.17087749E+02
  0.16086048E+01 -0.17081355E+02
  0.16231683E+01 -0.17074323E+02
  0.16377318E+01 -0.17066665E+02
  0.16522953E+01 -0.17058393E+02
  0.16668589E+01 -0.17049515E+02
  0.16814224E+01 -0.17040039E+02
  0.16959859E+01 -0.17029971E+02
  0.17105494E+01 -0.17019319E+02
  0.17251130E+01 -0.17008097E+02
  0.17396765E+01 -0.16996324E+02
  0.17542400E+01 -0.16984028E+02
  0.17688035E+01 -0.16971239E+02
  0.17833671E+01 -0.16957985E+02
  0.17979306E+01 -0.16944291E+02
  0.18124941E+01 -0.16930175E+02
  0.18270576E+01 -0.16915652E+02
  0.18416212E+01 -0.16900741E+02
  0.18561847E+01 -0.16885463E+02
  0.18707482E+01 -0.16869851E+02
  0.18853117E+01 -0.16853943E+02
  0.18998753E+01 -0.16837780E+02
  0.19144388E+01 -0.16821398E+02
  0.19290023E+01 -0.16804828E+02
  0.19435658E+01 -0.16788100E+02
  0.19581294E+01 -0.16771247E+02
  0.19726929E+01 -0.16754311E+02
  0.19872564E+01 -0.16737350E+02
  0.20018199E+01 -0.16720432E+02
  0.20163835E+01 -0.16703629E+02
  0.20309470E+01 -0.16687012E+02
  0.20455105E+01 -0.16670636E+02
  0.20600740E+01 -0.16654547E+02
  0.20746376E+01 -0.16638784E+02
  0.20892011E+01 -0.16623389E+02
  0.21037646E+01 -0.16608410E+02
  0.21183281E+01 -0.16593913E+02
  0.21328917E+01 -0.16579972E+02
  0.21474552E+01 -0.16566668E+02
  0.21620187E+01 -0.16554085E+02
  0.21765822E+01 -0.16542307E+02
  0.21911458E+01 -0.16531416E+02
  0.22057093E+01 -0.16521504E+02
  0.22202728E+01 -0.16512661E+02
  0.22348363E+01 -0.16504980E+02
  0.22493999E+01 -0.16498550E+02
  0.22639634E+01 -0.16493445E+02
  0.22785269E+01 -0.16489729E+02
  0.22930904E+01 -0.16487459E+02
  0.23077806E+01 -0.16486690E+02
  0.23224708E+01 -0.16487515E+02
  0.23371609E+01 -0.16490041E+02
  0.23518511E+01 -0.16494337E+02
  0.23665412E+01 -0.16500460E+02
  0.23812314E+01 -0.16508458E+02
  0.23959216E+01 -0.16518368E+02
  0.24106117E+01 -0.16530221E+02
  0.24253019E+01 -0.16544044E+02
  0.24399921E+01 -0.16559863E+02
  0.24546822E+01 -0.16577698E+02
  0.24693724E+01 -0.16597564E+02
  0.24840626E+01 -0.16619462E+02
  0.24987527E+01 -0.16643380E+02
  0.25134429E+01 -0.16669293E+02
  0.25281331E+01 -0.16697171E+02
  0.25428232E+01 -0.16726975E+02
  0.25575134E+01 -0.16758664E+02
  0.25722035E+01 -0.16792183E+02
  0.25868937E+01 -0.16827463E+02
  0.26015839E+01 -0.16864421E+02
  0.26162740E+01 -0.16902967E+02
  0.26309642E+01 -0.16943016E+02
  0.26456544E+01 -0.16984498E+02
  0.26603445E+01 -0.17027359E+02
  0.26750347E+01 -0.17071556E+02
  0.26897249E+01 -0.17117036E+02
  0.27044150E+01 -0.17163727E+02
  0.27191052E+01 -0.17211525E+02
  0.27337954E+01 -0.17260311E+02
  0.27484855E+01 -0.17309966E+02
  0.27631757E+01 -0.17360393E+02
  0.27778658E+01 -0.17411523E+02
  0.27925560E+01 -0.17463318E+02
  0.28072462E+01 -0.17515745E+02
  0.28219363E+01 -0.17568757E+02
  0.28366265E+01 -0.17622278E+02
  0.28513167E+01 -0.17676205E+02
  0.28660068E+01 -0.17730429E+02
  0.28806970E+01 -0.17784854E+02
  0.28953872E+01 -0.17839417E+02
  0.29100773E+01 -0.17894089E+02
  0.29247675E+01 -0.17948856E+02
  0.29394576E+01 -0.18003703E+02
  0.29541478E+01 -0.18058588E+02
  0.29688380E+01 -0.18113443E+02
  0.29835281E+01 -0.18168184E+02
  0.29982183E+01 -0.18222733E+02
  0.30129085E+01 -0.18277035E+02
  0.30275986E+01 -0.18331063E+02
  0.30422888E+01 -0.18384812E+02
  0.30569790E+01 -0.18438276E+02
  0.30716691E+01 -0.18491431E+02
  0.30863593E+01 -0.18544232E+02
  0.31010495E+01 -0.18596616E+02
  0.31157396E+01 -0.18648527E+02
  0.31304298E+01 -0.18699923E+02
  0.31451199E+01 -0.18750793E+02
  0.31598101E+01 -0.18801141E+02
  0.31745003E+01 -0.18850973E+02
  0.31891904E+01 -0.18900279E+02
  0.32038806E+01 -0.18949022E+02
  0.32185708E+01 -0.18997150E+02
  0.32332609E+01 -0.19044608E+02
  0.32479511E+01 -0.19091359E+02
  0.32626413E+01 -0.19137391E+02
  0.32773314E+01 -0.19182714E+02
  0.32920216E+01 -0.19227344E+02
  0.33067118E+01 -0.19271286E+02
  0.33214019E+01 -0.19314522E+02
  0.33360921E+01 -0.19357016E+02
  0.33507822E+01 -0.19398724E+02
  0.33654724E+01 -0.19439611E+02
  0.33801626E+01 -0.19479663E+02
  0.33948527E+01 -0.19518887E+02
  0.34095429E+01 -0.19557300E+02
  0.34242331E+01 -0.19594912E+02
  0.34389232E+01 -0.19631719E+02
  0.34536134E+01 -0.19667695E+02
  0.34683036E+01 -0.19702809E+02
  0.34829937E+01 -0.19737031E+02
  0.34976839E+01 -0.19770344E+02
  0.35123740E+01 -0.19802750E+02
  0.35270642E+01 -0.19834260E+02
  0.35417544E+01 -0.19864886E+02
  0.35564445E+01 -0.19894625E+02
  0.35711347E+01 -0.19923466E+02
  0.35858249E+01 -0.19951385E+02
  0.36005150E+01 -0.19978362E+02
  0.36152052E+01 -0.20004385E+02
  0.36298954E+01 -0.20029455E+02
  0.36445855E+01 -0.20053581E+02
  0.36592757E+01 -0.20076771E+02
  0.36739659E+01 -0.20099023E+02
  0.36886560E+01 -0.20120327E+02
  0.37033462E+01 -0.20140665E+02
  0.37180363E+01 -0.20160022E+02
  0.37327265E+01 -0.20178388E+02
  0.37474167E+01 -0.20195765E+02
  0.37621068E+01 -0.20212163E+02
  0.37767970E+01 -0.20227588E+02
  0.37914872E+01 -0.20242046E+02
  0.38061773E+01 -0.20255531E+02
  0.38208675E+01 -0.20268032E+02
  0.38355577E+01 -0.20279538E+02
  0.38502478E+01 -0.20290041E+02
  0.38649380E+01 -0.20299540E+02
  0.38796281E+01 -0.20308041E+02
  0.38943183E+01 -0.20315548E+02
  0.39090085E+01 -0.20322062E+02
  0.39236986E+01 -0.20327583E+02
  0.39383888E+01 -0.20332104E+02
  0.39530790E+01 -0.20335621E+02
  0.39677691E+01 -0.20338133E+02
  0.39824593E+01 -0.20339638E+02
  0.39970897E+01 -0.20340140E+02
  
  0.00000000E+00 -0.20161625E+02
  0.14630364E-01 -0.20161138E+02
  0.29260727E-01 -0.20159675E+02
  0.43891091E-01 -0.20157231E+02
  0.58521454E-01 -0.20153803E+02
  0.73151818E-01 -0.20149393E+02
  0.87782182E-01 -0.20144009E+02
  0.10241255E+00 -0.20137662E+02
  0.11704291E+00 -0.20130358E+02
  0.13167327E+00 -0.20122097E+02
  0.14630364E+00 -0.20112869E+02
  0.16093400E+00 -0.20102665E+02
  0.17556436E+00 -0.20091478E+02
  0.19019473E+00 -0.20079313E+02
  0.20482509E+00 -0.20066182E+02
  0.21945545E+00 -0.20052099E+02
  0.23408582E+00 -0.20037071E+02
  0.24871618E+00 -0.20021095E+02
  0.26334654E+00 -0.20004163E+02
  0.27797691E+00 -0.19986269E+02
  0.29260727E+00 -0.19967415E+02
  0.30723764E+00 -0.19947622E+02
  0.32186800E+00 -0.19926911E+02
  0.33649836E+00 -0.19905302E+02
  0.35112873E+00 -0.19882793E+02
  0.36575909E+00 -0.19859368E+02
  0.38038945E+00 -0.19834999E+02
  0.39501982E+00 -0.19809669E+02
  0.40965018E+00 -0.19783382E+02
  0.42428054E+00 -0.19756169E+02
  0.43891091E+00 -0.19728073E+02
  0.45354127E+00 -0.19699132E+02
  0.46817163E+00 -0.19669365E+02
  0.48280200E+00 -0.19638763E+02
  0.49743236E+00 -0.19607305E+02
  0.51206273E+00 -0.19574972E+02
  0.52669309E+00 -0.19541757E+02
  0.54132345E+00 -0.19507673E+02
  0.55595382E+00 -0.19472745E+02
  0.57058418E+00 -0.19436998E+02
  0.58521454E+00 -0.19400451E+02
  0.59984491E+00 -0.19363116E+02
  0.61447527E+00 -0.19325003E+02
  0.62910563E+00 -0.19286127E+02
  0.64373600E+00 -0.19246507E+02
  0.65836636E+00 -0.19206160E+02
  0.67299673E+00 -0.19165098E+02
  0.68762709E+00 -0.19123324E+02
  0.70225745E+00 -0.19080845E+02
  0.71688782E+00 -0.19037672E+02
  0.73151818E+00 -0.18993834E+02
  0.74614854E+00 -0.18949363E+02
  0.76077891E+00 -0.18904293E+02
  0.77540927E+00 -0.18858645E+02
  0.79003963E+00 -0.18812427E+02
  0.80467000E+00 -0.18765645E+02
  0.81930036E+00 -0.18718314E+02
  0.83393072E+00 -0.18670470E+02
  0.84856109E+00 -0.18622163E+02
  0.86319145E+00 -0.18573451E+02
  0.87782182E+00 -0.18524376E+02
  0.89245218E+00 -0.18474964E+02
  0.90708254E+00 -0.18425232E+02
  0.92171291E+00 -0.18375202E+02
  0.93634327E+00 -0.18324920E+02
  0.95097363E+00 -0.18274455E+02
  0.96560400E+00 -0.18223882E+02
  0.98023436E+00 -0.18173262E+02
  0.99486472E+00 -0.18122632E+02
  0.10094951E+01 -0.18072009E+02
  0.10241255E+01 -0.18021415E+02
  0.10387558E+01 -0.17970906E+02
  0.10533862E+01 -0.17920584E+02
  0.10680165E+01 -0.17870581E+02
  0.10826469E+01 -0.17821033E+02
  0.10972773E+01 -0.17772041E+02
  0.11119076E+01 -0.17723666E+02
  0.11265380E+01 -0.17675935E+02
  0.11411684E+01 -0.17628879E+02
  0.11557987E+01 -0.17582568E+02
  0.11704291E+01 -0.17537119E+02
  0.11850595E+01 -0.17492691E+02
  0.11996898E+01 -0.17449450E+02
  0.12143202E+01 -0.17407543E+02
  0.12289505E+01 -0.17367092E+02
  0.12435809E+01 -0.17328200E+02
  0.12582113E+01 -0.17290977E+02
  0.12728416E+01 -0.17255556E+02
  0.12874720E+01 -0.17222088E+02
  0.13021024E+01 -0.17190725E+02
  0.13167327E+01 -0.17161602E+02
  0.13313631E+01 -0.17134825E+02
  0.13459935E+01 -0.17110481E+02
  0.13606238E+01 -0.17088657E+02
  0.13752542E+01 -0.17069458E+02
  0.13898845E+01 -0.17053007E+02
  0.14045149E+01 -0.17039425E+02
  0.14191453E+01 -0.17028810E+02
  0.14337756E+01 -0.17021217E+02
  0.14484060E+01 -0.17016665E+02
  0.14629695E+01 -0.17015148E+02
  0.14775330E+01 -0.17014825E+02
  0.14920966E+01 -0.17013847E+02
  0.15066601E+01 -0.17012199E+02
  0.15212236E+01 -0.17009864E+02
  0.15357871E+01 -0.17006835E+02
  0.15503507E+01 -0.17003118E+02
  0.15649142E+01 -0.16998736E+02
  0.15794777E+01 -0.16993714E+02
  0.15940412E+01 -0.16988073E+02
  0.16086048E+01 -0.16981821E+02
  0.16231683E+01 -0.16974958E+02
  0.16377318E+01 -0.16967475E+02
  0.16522953E+01 -0.16959369E+02
  0.16668589E+01 -0.16950648E+02
  0.16814224E+01 -0.16941330E+02
  0.16959859E+01 -0.16931440E+02
  0.17105494E+01 -0.16921001E+02
  0.17251130E+01 -0.16910030E+02
  0.17396765E+01 -0.16898534E+02
  0.17542400E+01 -0.16886517E+02
  0.17688035E+01 -0.16873989E+02
  0.17833671E+01 -0.16860966E+02
  0.17979306E+01 -0.16847480E+02
  0.18124941E+01 -0.16833569E+02
  0.18270576E+01 -0.16819274E+02
  0.18416212E+01 -0.16804629E+02
  0.18561847E+01 -0.16789660E+02
  0.18707482E+01 -0.16774386E+02
  0.18853117E+01 -0.16758825E+02
  0.18998753E+01 -0.16743000E+02
  0.19144388E+01 -0.16726941E+02
  0.19290023E+01 -0.16710688E+02
  0.19435658E+01 -0.16694287E+02
  0.19581294E+01 -0.16677785E+02
  0.19726929E+01 -0.16661229E+02
  0.19872564E+01 -0.16644668E+02
  0.20018199E+01 -0.16628151E+02
  0.20163835E+01 -0.16611731E+02
  0.20309470E+01 -0.16595465E+02
  0.20455105E+01 -0.16579412E+02
  0.20600740E+01 -0.16563631E+02
  0.20746376E+01 -0.16548177E+02
  0.20892011E+01 -0.16533105E+02
  0.21037646E+01 -0.16518471E+02
  0.21183281E+01 -0.16504332E+02
  0.21328917E+01 -0.16490751E+02
  0.21474552E+01 -0.16477799E+02
  0.21620187E+01 -0.16465550E+02
  0.21765822E+01 -0.16454083E+02
  0.21911458E+01 -0.16443481E+02
  0.22057093E+01 -0.16433832E+02
  0.22202728E+01 -0.16425224E+02
  0.22348363E+01 -0.16417748E+02
  0.22493999E+01 -0.16411487E+02
  0.22639634E+01 -0.16406518E+02
  0.22785269E+01 -0.16402906E+02
  0.22930904E+01 -0.16400702E+02
  0.23077806E+01 -0.16399957E+02
  0.23224708E+01 -0.16400760E+02
  0.23371609E+01 -0.16403206E+02
  0.23518511E+01 -0.16407350E+02
  0.23665412E+01 -0.16413250E+02
  0.23812314E+01 -0.16420967E+02
  0.23959216E+01 -0.16430556E+02
  0.24106117E+01 -0.16442061E+02
  0.24253019E+01 -0.16455505E+02
  0.24399921E+01 -0.16470892E+02
  0.24546822E+01 -0.16488218E+02
  0.24693724E+01 -0.16507477E+02
  0.24840626E+01 -0.16528672E+02
  0.24987527E+01 -0.16551809E+02
  0.25134429E+01 -0.16576890E+02
  0.25281331E+01 -0.16603902E+02
  0.25428232E+01 -0.16632803E+02
  0.25575134E+01 -0.16663531E+02
  0.25722035E+01 -0.16696006E+02
  0.25868937E+01 -0.16730148E+02
  0.26015839E+01 -0.16765891E+02
  0.26162740E+01 -0.16803182E+02
  0.26309642E+01 -0.16841978E+02
  0.26456544E+01 -0.16882234E+02
  0.26603445E+01 -0.16923888E+02
  0.26750347E+01 -0.16966863E+02
  0.26897249E+01 -0.17011067E+02
  0.27044150E+01 -0.17056404E+02
  0.27191052E+01 -0.17102785E+02
  0.27337954E+01 -0.17150133E+02
  0.27484855E+01 -0.17198377E+02
  0.27631757E+01 -0.17247444E+02
  0.27778658E+01 -0.17297258E+02
  0.27925560E+01 -0.17347735E+02
  0.28072462E+01 -0.17398789E+02
  0.28219363E+01 -0.17450348E+02
  0.28366265E+01 -0.17502351E+02
  0.28513167E+01 -0.17554753E+02
  0.28660068E+01 -0.17607512E+02
  0.28806970E+01 -0.17660580E+02
  0.28953872E+01 -0.17713894E+02
  0.29100773E+01 -0.17767375E+02
  0.29247675E+01 -0.17820940E+02
  0.29394576E+01 -0.17874515E+02
  0.29541478E+01 -0.17928045E+02
  0.29688380E+01 -0.17981496E+02
  0.29835281E+01 -0.18034850E+02
  0.29982183E+01 -0.18088084E+02
  0.30129085E+01 -0.18141163E+02
  0.30275986E+01 -0.18194038E+02
  0.30422888E+01 -0.18246645E+02
  0.30569790E+01 -0.18298925E+02
  0.30716691E+01 -0.18350834E+02
  0.30863593E+01 -0.18402347E+02
  0.31010495E+01 -0.18453456E+02
  0.31157396E+01 -0.18504156E+02
  0.31304298E+01 -0.18554432E+02
  0.31451199E+01 -0.18604253E+02
  0.31598101E+01 -0.18653577E+02
  0.31745003E+01 -0.18702358E+02
  0.31891904E+01 -0.18750560E+02
  0.32038806E+01 -0.18798163E+02
  0.32185708E+01 -0.18845159E+02
  0.32332609E+01 -0.18891547E+02
  0.32479511E+01 -0.18937317E+02
  0.32626413E+01 -0.18982448E+02
  0.32773314E+01 -0.19026910E+02
  0.32920216E+01 -0.19070668E+02
  0.33067118E+01 -0.19113695E+02
  0.33214019E+01 -0.19155981E+02
  0.33360921E+01 -0.19197525E+02
  0.33507822E+01 -0.19238332E+02
  0.33654724E+01 -0.19278398E+02
  0.33801626E+01 -0.19317710E+02
  0.33948527E+01 -0.19356242E+02
  0.34095429E+01 -0.19393962E+02
  0.34242331E+01 -0.19430848E+02
  0.34389232E+01 -0.19466887E+02
  0.34536134E+01 -0.19502081E+02
  0.34683036E+01 -0.19536438E+02
  0.34829937E+01 -0.19569962E+02
  0.34976839E+01 -0.19602648E+02
  0.35123740E+01 -0.19634477E+02
  0.35270642E+01 -0.19665426E+02
  0.35417544E+01 -0.19695476E+02
  0.35564445E+01 -0.19724615E+02
  0.35711347E+01 -0.19752844E+02
  0.35858249E+01 -0.19780172E+02
  0.36005150E+01 -0.19806605E+02
  0.36152052E+01 -0.19832143E+02
  0.36298954E+01 -0.19856778E+02
  0.36445855E+01 -0.19880491E+02
  0.36592757E+01 -0.19903264E+02
  0.36739659E+01 -0.19925087E+02
  0.36886560E+01 -0.19945954E+02
  0.37033462E+01 -0.19965868E+02
  0.37180363E+01 -0.19984835E+02
  0.37327265E+01 -0.20002857E+02
  0.37474167E+01 -0.20019931E+02
  0.37621068E+01 -0.20036049E+02
  0.37767970E+01 -0.20051203E+02
  0.37914872E+01 -0.20065389E+02
  0.38061773E+01 -0.20078605E+02
  0.38208675E+01 -0.20090851E+02
  0.38355577E+01 -0.20102129E+02
  0.38502478E+01 -0.20112438E+02
  0.38649380E+01 -0.20121774E+02
  0.38796281E+01 -0.20130131E+02
  0.38943183E+01 -0.20137505E+02
  0.39090085E+01 -0.20143894E+02
  0.39236986E+01 -0.20149302E+02
  0.39383888E+01 -0.20153729E+02
  0.39530790E+01 -0.20157178E+02
  0.39677691E+01 -0.20159646E+02
  0.39824593E+01 -0.20161130E+02
  0.39970897E+01 -0.20161625E+02
  
  0.00000000E+00 -0.85926763E+01
  0.14630364E-01 -0.85920384E+01
  0.29260727E-01 -0.85901153E+01
  0.43891091E-01 -0.85868788E+01
  0.58521454E-01 -0.85822847E+01
  0.73151818E-01 -0.85762815E+01
  0.87782182E-01 -0.85688265E+01
  0.10241255E+00 -0.85599044E+01
  0.11704291E+00 -0.85495382E+01
  0.13167327E+00 -0.85377857E+01
  0.14630364E+00 -0.85247177E+01
  0.16093400E+00 -0.85103899E+01
  0.17556436E+00 -0.84948197E+01
  0.19019473E+00 -0.84779806E+01
  0.20482509E+00 -0.84598181E+01
  0.21945545E+00 -0.84402763E+01
  0.23408582E+00 -0.84193227E+01
  0.24871618E+00 -0.83969599E+01
  0.26334654E+00 -0.83732190E+01
  0.27797691E+00 -0.83481431E+01
  0.29260727E+00 -0.83217699E+01
  0.30723764E+00 -0.82941212E+01
  0.32186800E+00 -0.82651997E+01
  0.33649836E+00 -0.82349907E+01
  0.35112873E+00 -0.82034650E+01
  0.36575909E+00 -0.81705823E+01
  0.38038945E+00 -0.81363007E+01
  0.39501982E+00 -0.81005931E+01
  0.40965018E+00 -0.80634668E+01
  0.42428054E+00 -0.80249766E+01
  0.43891091E+00 -0.79852197E+01
  0.45354127E+00 -0.79443084E+01
  0.46817163E+00 -0.79023308E+01
  0.48280200E+00 -0.78593172E+01
  0.49743236E+00 -0.78152317E+01
  0.51206273E+00 -0.77699963E+01
  0.52669309E+00 -0.77235380E+01
  0.54132345E+00 -0.76758359E+01
  0.55595382E+00 -0.76269459E+01
  0.57058418E+00 -0.75769965E+01
  0.58521454E+00 -0.75261684E+01
  0.59984491E+00 -0.74746967E+01
  0.61447527E+00 -0.74229591E+01
  0.62910563E+00 -0.73718144E+01
  0.64373600E+00 -0.73239041E+01
  0.65836636E+00 -0.72902385E+01
  0.67299673E+00 -0.73105981E+01
  0.68762709E+00 -0.73930892E+01
  0.70225745E+00 -0.74953057E+01
  0.71688782E+00 -0.76029461E+01
  0.73151818E+00 -0.77125506E+01
  0.74614854E+00 -0.78229446E+01
  0.76077891E+00 -0.79336461E+01
  0.77540927E+00 -0.80444757E+01
  0.79003963E+00 -0.81554016E+01
  0.80467000E+00 -0.82664365E+01
  0.81930036E+00 -0.83775562E+01
  0.83393072E+00 -0.84886510E+01
  0.84856109E+00 -0.85995190E+01
  0.86319145E+00 -0.87098986E+01
  0.87782182E+00 -0.88195241E+01
  0.89245218E+00 -0.89281813E+01
  0.90708254E+00 -0.90357452E+01
  0.92171291E+00 -0.91421885E+01
  0.93634327E+00 -0.92475640E+01
  0.95097363E+00 -0.93519661E+01
  0.96560400E+00 -0.94554839E+01
  0.98023436E+00 -0.95581565E+01
  0.99486472E+00 -0.96599398E+01
  0.10094951E+01 -0.97606952E+01
  0.10241255E+01 -0.98602058E+01
  0.10387558E+01 -0.99582183E+01
  0.10533862E+01 -0.10054498E+02
  0.10680165E+01 -0.10148880E+02
  0.10826469E+01 -0.10241290E+02
  0.10972773E+01 -0.10331727E+02
  0.11119076E+01 -0.10420217E+02
  0.11265380E+01 -0.10506743E+02
  0.11411684E+01 -0.10591201E+02
  0.11557987E+01 -0.10673393E+02
  0.11704291E+01 -0.10753053E+02
  0.11850595E+01 -0.10829922E+02
  0.11996898E+01 -0.10903802E+02
  0.12143202E+01 -0.10974592E+02
  0.12289505E+01 -0.11042285E+02
  0.12435809E+01 -0.11106918E+02
  0.12582113E+01 -0.11168512E+02
  0.12728416E+01 -0.11227017E+02
  0.12874720E+01 -0.11282290E+02
  0.13021024E+01 -0.11334105E+02
  0.13167327E+01 -0.11382188E+02
  0.13313631E+01 -0.11426261E+02
  0.13459935E+01 -0.11466091E+02
  0.13606238E+01 -0.11501504E+02
  0.13752542E+01 -0.11532389E+02
  0.13898845E+01 -0.11558677E+02
  0.14045149E+01 -0.11580318E+02
  0.14191453E+01 -0.11597257E+02
  0.14337756E+01 -0.11609430E+02
  0.14484060E+01 -0.11616769E+02
  0.14629695E+01 -0.11619222E+02
  0.14775330E+01 -0.11618861E+02
  0.14920966E+01 -0.11617753E+02
  0.15066601E+01 -0.11615843E+02
  0.15212236E+01 -0.11613071E+02
  0.15357871E+01 -0.11609412E+02
  0.15503507E+01 -0.11604900E+02
  0.15649142E+01 -0.11599614E+02
  0.15794777E+01 -0.11593660E+02
  0.15940412E+01 -0.11587125E+02
  0.16086048E+01 -0.11580047E+02
  0.16231683E+01 -0.11572407E+02
  0.16377318E+01 -0.11564141E+02
  0.16522953E+01 -0.11555165E+02
  0.16668589E+01 -0.11545413E+02
  0.16814224E+01 -0.11534852E+02
  0.16959859E+01 -0.11523481E+02
  0.17105494E+01 -0.11511324E+02
  0.17251130E+01 -0.11498411E+02
  0.17396765E+01 -0.11484769E+02
  0.17542400E+01 -0.11470425E+02
  0.17688035E+01 -0.11455412E+02
  0.17833671E+01 -0.11439777E+02
  0.17979306E+01 -0.11423579E+02
  0.18124941E+01 -0.11406871E+02
  0.18270576E+01 -0.11389688E+02
  0.18416212E+01 -0.11372024E+02
  0.18561847E+01 -0.11353837E+02
  0.18707482E+01 -0.11335065E+02
  0.18853117E+01 -0.11315650E+02
  0.18998753E+01 -0.11295574E+02
  0.19144388E+01 -0.11274861E+02
  0.19290023E+01 -0.11253579E+02
  0.19435658E+01 -0.11231811E+02
  0.19581294E+01 -0.11209630E+02
  0.19726929E+01 -0.11187078E+02
  0.19872564E+01 -0.11164172E+02
  0.20018199E+01 -0.11140914E+02
  0.20163835E+01 -0.11117327E+02
  0.20309470E+01 -0.11093471E+02
  0.20455105E+01 -0.11069448E+02
  0.20600740E+01 -0.11045387E+02
  0.20746376E+01 -0.11021418E+02
  0.20892011E+01 -0.10997648E+02
  0.21037646E+01 -0.10974152E+02
  0.21183281E+01 -0.10950987E+02
  0.21328917E+01 -0.10928224E+02
  0.21474552E+01 -0.10905988E+02
  0.21620187E+01 -0.10884481E+02
  0.21765822E+01 -0.10863983E+02
  0.21911458E+01 -0.10844831E+02
  0.22057093E+01 -0.10827375E+02
  0.22202728E+01 -0.10811933E+02
  0.22348363E+01 -0.10798755E+02
  0.22493999E+01 -0.10788004E+02
  0.22639634E+01 -0.10779758E+02
  0.22785269E+01 -0.10774016E+02
  0.22930904E+01 -0.10770698E+02
  0.23077806E+01 -0.10769645E+02
  0.23224708E+01 -0.10770631E+02
  0.23371609E+01 -0.10773330E+02
  0.23518511E+01 -0.10777287E+02
  0.23665412E+01 -0.10781998E+02
  0.23812314E+01 -0.10786956E+02
  0.23959216E+01 -0.10791682E+02
  0.24106117E+01 -0.10795726E+02
  0.24253019E+01 -0.10798659E+02
  0.24399921E+01 -0.10800066E+02
  0.24546822E+01 -0.10799567E+02
  0.24693724E+01 -0.10796854E+02
  0.24840626E+01 -0.10791741E+02
  0.24987527E+01 -0.10784181E+02
  0.25134429E+01 -0.10774226E+02
  0.25281331E+01 -0.10761958E+02
  0.25428232E+01 -0.10747394E+02
  0.25575134E+01 -0.10730420E+02
  0.25722035E+01 -0.10710801E+02
  0.25868937E+01 -0.10688246E+02
  0.26015839E+01 -0.10662521E+02
  0.26162740E+01 -0.10633546E+02
  0.26309642E+01 -0.10601428E+02
  0.26456544E+01 -0.10566415E+02
  0.26603445E+01 -0.10528799E+02
  0.26750347E+01 -0.10488793E+02
  0.26897249E+01 -0.10446472E+02
  0.27044150E+01 -0.10401772E+02
  0.27191052E+01 -0.10354570E+02
  0.27337954E+01 -0.10304783E+02
  0.27484855E+01 -0.10252445E+02
  0.27631757E+01 -0.10197715E+02
  0.27778658E+01 -0.10140828E+02
  0.27925560E+01 -0.10081998E+02
  0.28072462E+01 -0.10021340E+02
  0.28219363E+01 -0.99588397E+01
  0.28366265E+01 -0.98943966E+01
  0.28513167E+01 -0.98278983E+01
  0.28660068E+01 -0.97593041E+01
  0.28806970E+01 -0.96886849E+01
  0.28953872E+01 -0.96162060E+01
  0.29100773E+01 -0.95420649E+01
  0.29247675E+01 -0.94664191E+01
  0.29394576E+01 -0.93893416E+01
  0.29541478E+01 -0.93108268E+01
  0.29688380E+01 -0.92308390E+01
  0.29835281E+01 -0.91493748E+01
  0.29982183E+01 -0.90665046E+01
  0.30129085E+01 -0.89823703E+01
  0.30275986E+01 -0.88971413E+01
  0.30422888E+01 -0.88109524E+01
  0.30569790E+01 -0.87238587E+01
  0.30716691E+01 -0.86358303E+01
  0.30863593E+01 -0.85467921E+01
  0.31010495E+01 -0.84566884E+01
  0.31157396E+01 -0.83655402E+01
  0.31304298E+01 -0.82734689E+01
  0.31451199E+01 -0.81806741E+01
  0.31598101E+01 -0.80873791E+01
  0.31745003E+01 -0.79937709E+01
  0.31891904E+01 -0.78999619E+01
  0.32038806E+01 -0.78059946E+01
  0.32185708E+01 -0.77118862E+01
  0.32332609E+01 -0.76177066E+01
  0.32479511E+01 -0.75236884E+01
  0.32626413E+01 -0.74304303E+01
  0.32773314E+01 -0.73395040E+01
  0.32920216E+01 -0.72560843E+01
  0.33067118E+01 -0.72011694E+01
  0.33214019E+01 -0.72084068E+01
  0.33360921E+01 -0.72508200E+01
  0.33507822E+01 -0.73021624E+01
  0.33654724E+01 -0.73557840E+01
  0.33801626E+01 -0.74097443E+01
  0.33948527E+01 -0.74632429E+01
  0.34095429E+01 -0.75158698E+01
  0.34242331E+01 -0.75674182E+01
  0.34389232E+01 -0.76178195E+01
  0.34536134E+01 -0.76670960E+01
  0.34683036E+01 -0.77153073E+01
  0.34829937E+01 -0.77624979E+01
  0.34976839E+01 -0.78086627E+01
  0.35123740E+01 -0.78537384E+01
  0.35270642E+01 -0.78976239E+01
  0.35417544E+01 -0.79402135E+01
  0.35564445E+01 -0.79814297E+01
  0.35711347E+01 -0.80212406E+01
  0.35858249E+01 -0.80596568E+01
  0.36005150E+01 -0.80967130E+01
  0.36152052E+01 -0.81324455E+01
  0.36298954E+01 -0.81668771E+01
  0.36445855E+01 -0.82000126E+01
  0.36592757E+01 -0.82318463E+01
  0.36739659E+01 -0.82623720E+01
  0.36886560E+01 -0.82915890E+01
  0.37033462E+01 -0.83195005E+01
  0.37180363E+01 -0.83461059E+01
  0.37327265E+01 -0.83713923E+01
  0.37474167E+01 -0.83953332E+01
  0.37621068E+01 -0.84178949E+01
  0.37767970E+01 -0.84390499E+01
  0.37914872E+01 -0.84587901E+01
  0.38061773E+01 -0.84771331E+01
  0.38208675E+01 -0.84941174E+01
  0.38355577E+01 -0.85097873E+01
  0.38502478E+01 -0.85241739E+01
  0.38649380E+01 -0.85372810E+01
  0.38796281E+01 -0.85490800E+01
  0.38943183E+01 -0.85595194E+01
  0.39090085E+01 -0.85685424E+01
  0.39236986E+01 -0.85761077E+01
  0.39383888E+01 -0.85822046E+01
  0.39530790E+01 -0.85868574E+01
  0.39677691E+01 -0.85901165E+01
  0.39824593E+01 -0.85920407E+01
  0.39970897E+01 -0.85926763E+01
  
  0.00000000E+00 -0.74168981E+01
  0.14630364E-01 -0.74163057E+01
  0.29260727E-01 -0.74145158E+01
  0.43891091E-01 -0.74114889E+01
  0.58521454E-01 -0.74071610E+01
  0.73151818E-01 -0.74014548E+01
  0.87782182E-01 -0.73943022E+01
  0.10241255E+00 -0.73856740E+01
  0.11704291E+00 -0.73756003E+01
  0.13167327E+00 -0.73641700E+01
  0.14630364E+00 -0.73515010E+01
  0.16093400E+00 -0.73376928E+01
  0.17556436E+00 -0.73227827E+01
  0.19019473E+00 -0.73067290E+01
  0.20482509E+00 -0.72894326E+01
  0.21945545E+00 -0.72707883E+01
  0.23408582E+00 -0.72507408E+01
  0.24871618E+00 -0.72293168E+01
  0.26334654E+00 -0.72066149E+01
  0.27797691E+00 -0.71827572E+01
  0.29260727E+00 -0.71578284E+01
  0.30723764E+00 -0.71318312E+01
  0.32186800E+00 -0.71046844E+01
  0.33649836E+00 -0.70762621E+01
  0.35112873E+00 -0.70464567E+01
  0.36575909E+00 -0.70152328E+01
  0.38038945E+00 -0.69826458E+01
  0.39501982E+00 -0.69488187E+01
  0.40965018E+00 -0.69138874E+01
  0.42428054E+00 -0.68779462E+01
  0.43891091E+00 -0.68410174E+01
  0.45354127E+00 -0.68030627E+01
  0.46817163E+00 -0.67640281E+01
  0.48280200E+00 -0.67239049E+01
  0.49743236E+00 -0.66827856E+01
  0.51206273E+00 -0.66409139E+01
  0.52669309E+00 -0.65987780E+01
  0.54132345E+00 -0.65574635E+01
  0.55595382E+00 -0.65203232E+01
  0.57058418E+00 -0.65025222E+01
  0.58521454E+00 -0.65850986E+01
  0.59984491E+00 -0.66924857E+01
  0.61447527E+00 -0.67997084E+01
  0.62910563E+00 -0.69057569E+01
  0.64373600E+00 -0.70078617E+01
  0.65836636E+00 -0.70949451E+01
  0.67299673E+00 -0.71685430E+01
  0.68762709E+00 -0.72791287E+01
  0.70225745E+00 -0.73899536E+01
  0.71688782E+00 -0.75007923E+01
  0.73151818E+00 -0.76115332E+01
  0.74614854E+00 -0.77221626E+01
  0.76077891E+00 -0.78327136E+01
  0.77540927E+00 -0.79432046E+01
  0.79003963E+00 -0.80535987E+01
  0.80467000E+00 -0.81638014E+01
  0.81930036E+00 -0.82736909E+01
  0.83393072E+00 -0.83831571E+01
  0.84856109E+00 -0.84921233E+01
  0.86319145E+00 -0.86005405E+01
  0.87782182E+00 -0.87083622E+01
  0.89245218E+00 -0.88155203E+01
  0.90708254E+00 -0.89219205E+01
  0.92171291E+00 -0.90274588E+01
  0.93634327E+00 -0.91320465E+01
  0.95097363E+00 -0.92356232E+01
  0.96560400E+00 -0.93381456E+01
  0.98023436E+00 -0.94395585E+01
  0.99486472E+00 -0.95397667E+01
  0.10094951E+01 -0.96386298E+01
  0.10241255E+01 -0.97359879E+01
  0.10387558E+01 -0.98317079E+01
  0.10533862E+01 -0.99257230E+01
  0.10680165E+01 -0.10018041E+02
  0.10826469E+01 -0.10108709E+02
  0.10972773E+01 -0.10197748E+02
  0.11119076E+01 -0.10285090E+02
  0.11265380E+01 -0.10370545E+02
  0.11411684E+01 -0.10453817E+02
  0.11557987E+01 -0.10534576E+02
  0.11704291E+01 -0.10612530E+02
  0.11850595E+01 -0.10687497E+02
  0.11996898E+01 -0.10759423E+02
  0.12143202E+01 -0.10828350E+02
  0.12289505E+01 -0.10894353E+02
  0.12435809E+01 -0.10957467E+02
  0.12582113E+01 -0.11017639E+02
  0.12728416E+01 -0.11074720E+02
  0.12874720E+01 -0.11128485E+02
  0.13021024E+01 -0.11178682E+02
  0.13167327E+01 -0.11225074E+02
  0.13313631E+01 -0.11267474E+02
  0.13459935E+01 -0.11305741E+02
  0.13606238E+01 -0.11339780E+02
  0.13752542E+01 -0.11369514E+02
  0.13898845E+01 -0.11394867E+02
  0.14045149E+01 -0.11415765E+02
  0.14191453E+01 -0.11432125E+02
  0.14337756E+01 -0.11443874E+02
  0.14484060E+01 -0.11450950E+02
  0.14629695E+01 -0.11453313E+02
  0.14775330E+01 -0.11452941E+02
  0.14920966E+01 -0.11451826E+02
  0.15066601E+01 -0.11449970E+02
  0.15212236E+01 -0.11447383E+02
  0.15357871E+01 -0.11444084E+02
  0.15503507E+01 -0.11440105E+02
  0.15649142E+01 -0.11435481E+02
  0.15794777E+01 -0.11430247E+02
  0.15940412E+01 -0.11424427E+02
  0.16086048E+01 -0.11418028E+02
  0.16231683E+01 -0.11411045E+02
  0.16377318E+01 -0.11403463E+02
  0.16522953E+01 -0.11395256E+02
  0.16668589E+01 -0.11386389E+02
  0.16814224E+01 -0.11376818E+02
  0.16959859E+01 -0.11366488E+02
  0.17105494E+01 -0.11355344E+02
  0.17251130E+01 -0.11343347E+02
  0.17396765E+01 -0.11330495E+02
  0.17542400E+01 -0.11316839E+02
  0.17688035E+01 -0.11302477E+02
  0.17833671E+01 -0.11287544E+02
  0.17979306E+01 -0.11272167E+02
  0.18124941E+01 -0.11256430E+02
  0.18270576E+01 -0.11240347E+02
  0.18416212E+01 -0.11223862E+02
  0.18561847E+01 -0.11206870E+02
  0.18707482E+01 -0.11189265E+02
  0.18853117E+01 -0.11170982E+02
  0.18998753E+01 -0.11152017E+02
  0.19144388E+01 -0.11132430E+02
  0.19290023E+01 -0.11112312E+02
  0.19435658E+01 -0.11091749E+02
  0.19581294E+01 -0.11070798E+02
  0.19726929E+01 -0.11049483E+02
  0.19872564E+01 -0.11027813E+02
  0.20018199E+01 -0.11005820E+02
  0.20163835E+01 -0.10983580E+02
  0.20309470E+01 -0.10961216E+02
  0.20455105E+01 -0.10938869E+02
  0.20600740E+01 -0.10916665E+02
  0.20746376E+01 -0.10894682E+02
  0.20892011E+01 -0.10872948E+02
  0.21037646E+01 -0.10851469E+02
  0.21183281E+01 -0.10830282E+02
  0.21328917E+01 -0.10809501E+02
  0.21474552E+01 -0.10789343E+02
  0.21620187E+01 -0.10770103E+02
  0.21765822E+01 -0.10752110E+02
  0.21911458E+01 -0.10735659E+02
  0.22057093E+01 -0.10720970E+02
  0.22202728E+01 -0.10708180E+02
  0.22348363E+01 -0.10697368E+02
  0.22493999E+01 -0.10688585E+02
  0.22639634E+01 -0.10681869E+02
  0.22785269E+01 -0.10677228E+02
  0.22930904E+01 -0.10674593E+02
  0.23077806E+01 -0.10673778E+02
  0.23224708E+01 -0.10674510E+02
  0.23371609E+01 -0.10676425E+02
  0.23518511E+01 -0.10679086E+02
  0.23665412E+01 -0.10682104E+02
  0.23812314E+01 -0.10685167E+02
  0.23959216E+01 -0.10688026E+02
  0.24106117E+01 -0.10690443E+02
  0.24253019E+01 -0.10692127E+02
  0.24399921E+01 -0.10692711E+02
  0.24546822E+01 -0.10691770E+02
  0.24693724E+01 -0.10688874E+02
  0.24840626E+01 -0.10683661E+02
  0.24987527E+01 -0.10675881E+02
  0.25134429E+01 -0.10665418E+02
  0.25281331E+01 -0.10652260E+02
  0.25428232E+01 -0.10636450E+02
  0.25575134E+01 -0.10618038E+02
  0.25722035E+01 -0.10597038E+02
  0.25868937E+01 -0.10573417E+02
  0.26015839E+01 -0.10547112E+02
  0.26162740E+01 -0.10518057E+02
  0.26309642E+01 -0.10486215E+02
  0.26456544E+01 -0.10451603E+02
  0.26603445E+01 -0.10414292E+02
  0.26750347E+01 -0.10374402E+02
  0.26897249E+01 -0.10332071E+02
  0.27044150E+01 -0.10287423E+02
  0.27191052E+01 -0.10240542E+02
  0.27337954E+01 -0.10191451E+02
  0.27484855E+01 -0.10140123E+02
  0.27631757E+01 -0.10086507E+02
  0.27778658E+01 -0.10030569E+02
  0.27925560E+01 -0.99723285E+01
  0.28072462E+01 -0.99118818E+01
  0.28219363E+01 -0.98493858E+01
  0.28366265E+01 -0.97850175E+01
  0.28513167E+01 -0.97189185E+01
  0.28660068E+01 -0.96511508E+01
  0.28806970E+01 -0.95816866E+01
  0.28953872E+01 -0.95104424E+01
  0.29100773E+01 -0.94373449E+01
  0.29247675E+01 -0.93624020E+01
  0.29394576E+01 -0.92857417E+01
  0.29541478E+01 -0.92075989E+01
  0.29688380E+01 -0.91282478E+01
  0.29835281E+01 -0.90479077E+01
  0.29982183E+01 -0.89666633E+01
  0.30129085E+01 -0.88844388E+01
  0.30275986E+01 -0.88010406E+01
  0.30422888E+01 -0.87162531E+01
  0.30569790E+01 -0.86299475E+01
  0.30716691E+01 -0.85421525E+01
  0.30863593E+01 -0.84530574E+01
  0.31010495E+01 -0.83629449E+01
  0.31157396E+01 -0.82720865E+01
  0.31304298E+01 -0.81806509E+01
  0.31451199E+01 -0.80886673E+01
  0.31598101E+01 -0.79960594E+01
  0.31745003E+01 -0.79027312E+01
  0.31891904E+01 -0.78086582E+01
  0.32038806E+01 -0.77139379E+01
  0.32185708E+01 -0.76187740E+01
  0.32332609E+01 -0.75234013E+01
  0.32479511E+01 -0.74279924E+01
  0.32626413E+01 -0.73325950E+01
  0.32773314E+01 -0.72371334E+01
  0.32920216E+01 -0.71414772E+01
  0.33067118E+01 -0.70455460E+01
  0.33214019E+01 -0.69891688E+01
  0.33360921E+01 -0.69080192E+01
  0.33507822E+01 -0.68168078E+01
  0.33654724E+01 -0.67222042E+01
  0.33801626E+01 -0.66261479E+01
  0.33948527E+01 -0.65294494E+01
  0.34095429E+01 -0.64499190E+01
  0.34242331E+01 -0.64661148E+01
  0.34389232E+01 -0.65042132E+01
  0.34536134E+01 -0.65470945E+01
  0.34683036E+01 -0.65908131E+01
  0.34829937E+01 -0.66341670E+01
  0.34976839E+01 -0.66767153E+01
  0.35123740E+01 -0.67183076E+01
  0.35270642E+01 -0.67589146E+01
  0.35417544E+01 -0.67985409E+01
  0.35564445E+01 -0.68371749E+01
  0.35711347E+01 -0.68747690E+01
  0.35858249E+01 -0.69112439E+01
  0.36005150E+01 -0.69465112E+01
  0.36152052E+01 -0.69804971E+01
  0.36298954E+01 -0.70131596E+01
  0.36445855E+01 -0.70444905E+01
  0.36592757E+01 -0.70745047E+01
  0.36739659E+01 -0.71032235E+01
  0.36886560E+01 -0.71306609E+01
  0.37033462E+01 -0.71568188E+01
  0.37180363E+01 -0.71816925E+01
  0.37327265E+01 -0.72052823E+01
  0.37474167E+01 -0.72276035E+01
  0.37621068E+01 -0.72486903E+01
  0.37767970E+01 -0.72685892E+01
  0.37914872E+01 -0.72873457E+01
  0.38061773E+01 -0.73049884E+01
  0.38208675E+01 -0.73215163E+01
  0.38355577E+01 -0.73368948E+01
  0.38502478E+01 -0.73510612E+01
  0.38649380E+01 -0.73639372E+01
  0.38796281E+01 -0.73754460E+01
  0.38943183E+01 -0.73855277E+01
  0.39090085E+01 -0.73941512E+01
  0.39236986E+01 -0.74013178E+01
  0.39383888E+01 -0.74070594E+01
  0.39530790E+01 -0.74114294E+01
  0.39677691E+01 -0.74144903E+01
  0.39824593E+01 -0.74162997E+01
  0.39970897E+01 -0.74168981E+01
  
  0.00000000E+00 -0.38834794E+01
  0.14630364E-01 -0.38857940E+01
  0.29260727E-01 -0.38926736E+01
  0.43891091E-01 -0.39039513E+01
  0.58521454E-01 -0.39194221E+01
  0.73151818E-01 -0.39389147E+01
  0.87782182E-01 -0.39623374E+01
  0.10241255E+00 -0.39896813E+01
  0.11704291E+00 -0.40209857E+01
  0.13167327E+00 -0.40562909E+01
  0.14630364E+00 -0.40956016E+01
  0.16093400E+00 -0.41388775E+01
  0.17556436E+00 -0.41860444E+01
  0.19019473E+00 -0.42370120E+01
  0.20482509E+00 -0.42916814E+01
  0.21945545E+00 -0.43499380E+01
  0.23408582E+00 -0.44116386E+01
  0.24871618E+00 -0.44766042E+01
  0.26334654E+00 -0.45446309E+01
  0.27797691E+00 -0.46155152E+01
  0.29260727E+00 -0.46890815E+01
  0.30723764E+00 -0.47651977E+01
  0.32186800E+00 -0.48437727E+01
  0.33649836E+00 -0.49247380E+01
  0.35112873E+00 -0.50080289E+01
  0.36575909E+00 -0.50935755E+01
  0.38038945E+00 -0.51813076E+01
  0.39501982E+00 -0.52711665E+01
  0.40965018E+00 -0.53631085E+01
  0.42428054E+00 -0.54570934E+01
  0.43891091E+00 -0.55530573E+01
  0.45354127E+00 -0.56508851E+01
  0.46817163E+00 -0.57503985E+01
  0.48280200E+00 -0.58513714E+01
  0.49743236E+00 -0.59535683E+01
  0.51206273E+00 -0.60567903E+01
  0.52669309E+00 -0.61609050E+01
  0.54132345E+00 -0.62658455E+01
  0.55595382E+00 -0.63715762E+01
  0.57058418E+00 -0.64780392E+01
  0.58521454E+00 -0.65456935E+01
  0.59984491E+00 -0.66347790E+01
  0.61447527E+00 -0.67361635E+01
  0.62910563E+00 -0.68417124E+01
  0.64373600E+00 -0.69494164E+01
  0.65836636E+00 -0.70585133E+01
  0.67299673E+00 -0.71272142E+01
  0.68762709E+00 -0.70965600E+01
  0.70225745E+00 -0.70453471E+01
  0.71688782E+00 -0.69877773E+01
  0.73151818E+00 -0.69271799E+01
  0.74614854E+00 -0.68646298E+01
  0.76077891E+00 -0.68005929E+01
  0.77540927E+00 -0.67353296E+01
  0.79003963E+00 -0.66690036E+01
  0.80467000E+00 -0.66017054E+01
  0.81930036E+00 -0.65334584E+01
  0.83393072E+00 -0.64642402E+01
  0.84856109E+00 -0.63940219E+01
  0.86319145E+00 -0.63228115E+01
  0.87782182E+00 -0.62506765E+01
  0.89245218E+00 -0.61777336E+01
  0.90708254E+00 -0.61041093E+01
  0.92171291E+00 -0.60973218E+01
  0.93634327E+00 -0.61322125E+01
  0.95097363E+00 -0.61663942E+01
  0.96560400E+00 -0.61999711E+01
  0.98023436E+00 -0.62329920E+01
  0.99486472E+00 -0.62654478E+01
  0.10094951E+01 -0.62972847E+01
  0.10241255E+01 -0.63284192E+01
  0.10387558E+01 -0.63587506E+01
  0.10533862E+01 -0.63881716E+01
  0.10680165E+01 -0.64165821E+01
  0.10826469E+01 -0.64439079E+01
  0.10972773E+01 -0.64701207E+01
  0.11119076E+01 -0.64952455E+01
  0.11265380E+01 -0.65193486E+01
  0.11411684E+01 -0.65425079E+01
  0.11557987E+01 -0.65647760E+01
  0.11704291E+01 -0.65861566E+01
  0.11850595E+01 -0.66066044E+01
  0.11996898E+01 -0.66260492E+01
  0.12143202E+01 -0.66444310E+01
  0.12289505E+01 -0.66617268E+01
  0.12435809E+01 -0.66779568E+01
  0.12582113E+01 -0.66931695E+01
  0.12728416E+01 -0.67074161E+01
  0.12874720E+01 -0.67207294E+01
  0.13021024E+01 -0.67331164E+01
  0.13167327E+01 -0.67445624E+01
  0.13313631E+01 -0.67550419E+01
  0.13459935E+01 -0.67645253E+01
  0.13606238E+01 -0.67729801E+01
  0.13752542E+01 -0.67803692E+01
  0.13898845E+01 -0.67866534E+01
  0.14045149E+01 -0.67917982E+01
  0.14191453E+01 -0.67957840E+01
  0.14337756E+01 -0.67986109E+01
  0.14484060E+01 -0.68002944E+01
  0.14629695E+01 -0.68008529E+01
  0.14775330E+01 -0.68026973E+01
  0.14920966E+01 -0.68082241E+01
  0.15066601E+01 -0.68174262E+01
  0.15212236E+01 -0.68303224E+01
  0.15357871E+01 -0.68469781E+01
  0.15503507E+01 -0.68674987E+01
  0.15649142E+01 -0.68919879E+01
  0.15794777E+01 -0.69204862E+01
  0.15940412E+01 -0.69529153E+01
  0.16086048E+01 -0.69890595E+01
  0.16231683E+01 -0.70285983E+01
  0.16377318E+01 -0.70711805E+01
  0.16522953E+01 -0.71165121E+01
  0.16668589E+01 -0.71644193E+01
  0.16814224E+01 -0.72148603E+01
  0.16959859E+01 -0.72678812E+01
  0.17105494E+01 -0.73235386E+01
  0.17251130E+01 -0.73818215E+01
  0.17396765E+01 -0.74426086E+01
  0.17542400E+01 -0.75056744E+01
  0.17688035E+01 -0.75707373E+01
  0.17833671E+01 -0.76375233E+01
  0.17979306E+01 -0.77058151E+01
  0.18124941E+01 -0.77754682E+01
  0.18270576E+01 -0.78463912E+01
  0.18416212E+01 -0.79185084E+01
  0.18561847E+01 -0.79917237E+01
  0.18707482E+01 -0.80659047E+01
  0.18853117E+01 -0.81408870E+01
  0.18998753E+01 -0.82164901E+01
  0.19144388E+01 -0.82925299E+01
  0.19290023E+01 -0.83688192E+01
  0.19435658E+01 -0.84451584E+01
  0.19581294E+01 -0.85213273E+01
  0.19726929E+01 -0.85970906E+01
  0.19872564E+01 -0.86722207E+01
  0.20018199E+01 -0.87465288E+01
  0.20163835E+01 -0.88198864E+01
  0.20309470E+01 -0.88922197E+01
  0.20455105E+01 -0.89634725E+01
  0.20600740E+01 -0.90335489E+01
  0.20746376E+01 -0.91022605E+01
  0.20892011E+01 -0.91693047E+01
  0.21037646E+01 -0.92342852E+01
  0.21183281E+01 -0.92967685E+01
  0.21328917E+01 -0.93563497E+01
  0.21474552E+01 -0.94126984E+01
  0.21620187E+01 -0.94655625E+01
  0.21765822E+01 -0.95147313E+01
  0.21911458E+01 -0.95599787E+01
  0.22057093E+01 -0.96010169E+01
  0.22202728E+01 -0.96374855E+01
  0.22348363E+01 -0.96689814E+01
  0.22493999E+01 -0.96951170E+01
  0.22639634E+01 -0.97155813E+01
  0.22785269E+01 -0.97301843E+01
  0.22930904E+01 -0.97388738E+01
  0.23077806E+01 -0.97417323E+01
  0.23224708E+01 -0.97389263E+01
  0.23371609E+01 -0.97307236E+01
  0.23518511E+01 -0.97174887E+01
  0.23665412E+01 -0.96996227E+01
  0.23812314E+01 -0.96775341E+01
  0.23959216E+01 -0.96516104E+01
  0.24106117E+01 -0.96221991E+01
  0.24253019E+01 -0.95896036E+01
  0.24399921E+01 -0.95540954E+01
  0.24546822E+01 -0.95159353E+01
  0.24693724E+01 -0.94753923E+01
  0.24840626E+01 -0.94327477E+01
  0.24987527E+01 -0.93882804E+01
  0.25134429E+01 -0.93422374E+01
  0.25281331E+01 -0.92948024E+01
  0.25428232E+01 -0.92460802E+01
  0.25575134E+01 -0.91961052E+01
  0.25722035E+01 -0.91448746E+01
  0.25868937E+01 -0.90923921E+01
  0.26015839E+01 -0.90387012E+01
  0.26162740E+01 -0.89838926E+01
  0.26309642E+01 -0.89280819E+01
  0.26456544E+01 -0.88713691E+01
  0.26603445E+01 -0.88138034E+01
  0.26750347E+01 -0.87553746E+01
  0.26897249E+01 -0.86960388E+01
  0.27044150E+01 -0.86357679E+01
  0.27191052E+01 -0.85745972E+01
  0.27337954E+01 -0.85126428E+01
  0.27484855E+01 -0.84500744E+01
  0.27631757E+01 -0.83870515E+01
  0.27778658E+01 -0.83236528E+01
  0.27925560E+01 -0.82598364E+01
  0.28072462E+01 -0.81954548E+01
  0.28219363E+01 -0.81303253E+01
  0.28366265E+01 -0.80643260E+01
  0.28513167E+01 -0.79974709E+01
  0.28660068E+01 -0.79299265E+01
  0.28806970E+01 -0.78619563E+01
  0.28953872E+01 -0.77938155E+01
  0.29100773E+01 -0.77256449E+01
  0.29247675E+01 -0.76574162E+01
  0.29394576E+01 -0.75889555E+01
  0.29541478E+01 -0.75200370E+01
  0.29688380E+01 -0.74505025E+01
  0.29835281E+01 -0.73803474E+01
  0.29982183E+01 -0.73097314E+01
  0.30129085E+01 -0.72389084E+01
  0.30275986E+01 -0.71681098E+01
  0.30422888E+01 -0.70974421E+01
  0.30569790E+01 -0.70268504E+01
  0.30716691E+01 -0.69561704E+01
  0.30863593E+01 -0.68852447E+01
  0.31010495E+01 -0.68140534E+01
  0.31157396E+01 -0.67428113E+01
  0.31304298E+01 -0.66720598E+01
  0.31451199E+01 -0.66030793E+01
  0.31598101E+01 -0.65417183E+01
  0.31745003E+01 -0.65334311E+01
  0.31891904E+01 -0.65891711E+01
  0.32038806E+01 -0.66540010E+01
  0.32185708E+01 -0.67195711E+01
  0.32332609E+01 -0.67844451E+01
  0.32479511E+01 -0.68479401E+01
  0.32626413E+01 -0.69092607E+01
  0.32773314E+01 -0.69667667E+01
  0.32920216E+01 -0.70153039E+01
  0.33067118E+01 -0.70339530E+01
  0.33214019E+01 -0.69494054E+01
  0.33360921E+01 -0.68533229E+01
  0.33507822E+01 -0.67578001E+01
  0.33654724E+01 -0.66637016E+01
  0.33801626E+01 -0.65729617E+01
  0.33948527E+01 -0.64924016E+01
  0.34095429E+01 -0.64325734E+01
  0.34242331E+01 -0.63358449E+01
  0.34389232E+01 -0.62395085E+01
  0.34536134E+01 -0.61437452E+01
  0.34683036E+01 -0.60486791E+01
  0.34829937E+01 -0.59543859E+01
  0.34976839E+01 -0.58609036E+01
  0.35123740E+01 -0.57682480E+01
  0.35270642E+01 -0.56764304E+01
  0.35417544E+01 -0.55854774E+01
  0.35564445E+01 -0.54954469E+01
  0.35711347E+01 -0.54064387E+01
  0.35858249E+01 -0.53185924E+01
  0.36005150E+01 -0.52320759E+01
  0.36152052E+01 -0.51470651E+01
  0.36298954E+01 -0.50637246E+01
  0.36445855E+01 -0.49821957E+01
  0.36592757E+01 -0.49025958E+01
  0.36739659E+01 -0.48250287E+01
  0.36886560E+01 -0.47495967E+01
  0.37033462E+01 -0.46764109E+01
  0.37180363E+01 -0.46055910E+01
  0.37327265E+01 -0.45372595E+01
  0.37474167E+01 -0.44715338E+01
  0.37621068E+01 -0.44085257E+01
  0.37767970E+01 -0.43483514E+01
  0.37914872E+01 -0.42911489E+01
  0.38061773E+01 -0.42370926E+01
  0.38208675E+01 -0.41863946E+01
  0.38355577E+01 -0.41392851E+01
  0.38502478E+01 -0.40959755E+01
  0.38649380E+01 -0.40566185E+01
  0.38796281E+01 -0.40212824E+01
  0.38943183E+01 -0.39899544E+01
  0.39090085E+01 -0.39625767E+01
  0.39236986E+01 -0.39391021E+01
  0.39383888E+01 -0.39195474E+01
  0.39530790E+01 -0.39040196E+01
  0.39677691E+01 -0.38927014E+01
  0.39824593E+01 -0.38858002E+01
  0.39970897E+01 -0.38834794E+01
  
  0.00000000E+00 -0.38834791E+01
  0.14630364E-01 -0.38844309E+01
  0.29260727E-01 -0.38873281E+01
  0.43891091E-01 -0.38922739E+01
  0.58521454E-01 -0.38993757E+01
  0.73151818E-01 -0.39141203E+01
  0.87782182E-01 -0.39372698E+01
  0.10241255E+00 -0.39638173E+01
  0.11704291E+00 -0.39940660E+01
  0.13167327E+00 -0.40282198E+01
  0.14630364E+00 -0.40662679E+01
  0.16093400E+00 -0.41080305E+01
  0.17556436E+00 -0.41533110E+01
  0.19019473E+00 -0.42020393E+01
  0.20482509E+00 -0.42543062E+01
  0.21945545E+00 -0.43102661E+01
  0.23408582E+00 -0.43699742E+01
  0.24871618E+00 -0.44332692E+01
  0.26334654E+00 -0.44997792E+01
  0.27797691E+00 -0.45690516E+01
  0.29260727E+00 -0.46407319E+01
  0.30723764E+00 -0.47146843E+01
  0.32186800E+00 -0.47909887E+01
  0.33649836E+00 -0.48698208E+01
  0.35112873E+00 -0.49512907E+01
  0.36575909E+00 -0.50353333E+01
  0.38038945E+00 -0.51217070E+01
  0.39501982E+00 -0.52100891E+01
  0.40965018E+00 -0.53002047E+01
  0.42428054E+00 -0.53919143E+01
  0.43891091E+00 -0.54852159E+01
  0.45354127E+00 -0.55801716E+01
  0.46817163E+00 -0.56768069E+01
  0.48280200E+00 -0.57750323E+01
  0.49743236E+00 -0.58746106E+01
  0.51206273E+00 -0.59751458E+01
  0.52669309E+00 -0.60760151E+01
  0.54132345E+00 -0.61760133E+01
  0.55595382E+00 -0.62716648E+01
  0.57058418E+00 -0.63476700E+01
  0.58521454E+00 -0.63622688E+01
  0.59984491E+00 -0.63304391E+01
  0.61447527E+00 -0.62857968E+01
  0.62910563E+00 -0.62365555E+01
  0.64373600E+00 -0.61848340E+01
  0.65836636E+00 -0.61314576E+01
  0.67299673E+00 -0.60768395E+01
  0.68762709E+00 -0.60211852E+01
  0.70225745E+00 -0.59645622E+01
  0.71688782E+00 -0.59069541E+01
  0.73151818E+00 -0.58483200E+01
  0.74614854E+00 -0.57886471E+01
  0.76077891E+00 -0.57279791E+01
  0.77540927E+00 -0.57035444E+01
  0.79003963E+00 -0.57454860E+01
  0.80467000E+00 -0.57869929E+01
  0.81930036E+00 -0.58281050E+01
  0.83393072E+00 -0.58688036E+01
  0.84856109E+00 -0.59089921E+01
  0.86319145E+00 -0.59485116E+01
  0.87782182E+00 -0.59871887E+01
  0.89245218E+00 -0.60248948E+01
  0.90708254E+00 -0.60615884E+01
  0.92171291E+00 -0.60638944E+01
  0.93634327E+00 -0.60992853E+01
  0.95097363E+00 -0.61340745E+01
  0.96560400E+00 -0.61681518E+01
  0.98023436E+00 -0.62013650E+01
  0.99486472E+00 -0.62335854E+01
  0.10094951E+01 -0.62647625E+01
  0.10241255E+01 -0.62949426E+01
  0.10387558E+01 -0.63242419E+01
  0.10533862E+01 -0.63527879E+01
  0.10680165E+01 -0.63806566E+01
  0.10826469E+01 -0.64078364E+01
  0.10972773E+01 -0.64342359E+01
  0.11119076E+01 -0.64597277E+01
  0.11265380E+01 -0.64842066E+01
  0.11411684E+01 -0.65076295E+01
  0.11557987E+01 -0.65300188E+01
  0.11704291E+01 -0.65514306E+01
  0.11850595E+01 -0.65719065E+01
  0.11996898E+01 -0.65914393E+01
  0.12143202E+01 -0.66099679E+01
  0.12289505E+01 -0.66274061E+01
  0.12435809E+01 -0.66436858E+01
  0.12582113E+01 -0.66587914E+01
  0.12728416E+01 -0.66727664E+01
  0.12874720E+01 -0.66856920E+01
  0.13021024E+01 -0.66976489E+01
  0.13167327E+01 -0.67086842E+01
  0.13313631E+01 -0.67187988E+01
  0.13459935E+01 -0.67279584E+01
  0.13606238E+01 -0.67361176E+01
  0.13752542E+01 -0.67432413E+01
  0.13898845E+01 -0.67493126E+01
  0.14045149E+01 -0.67543257E+01
  0.14191453E+01 -0.67582712E+01
  0.14337756E+01 -0.67611270E+01
  0.14484060E+01 -0.67628605E+01
  0.14629695E+01 -0.67634423E+01
  0.14775330E+01 -0.67650793E+01
  0.14920966E+01 -0.67700848E+01
  0.15066601E+01 -0.67787006E+01
  0.15212236E+01 -0.67912085E+01
  0.15357871E+01 -0.68078054E+01
  0.15503507E+01 -0.68285133E+01
  0.15649142E+01 -0.68531622E+01
  0.15794777E+01 -0.68814487E+01
  0.15940412E+01 -0.69130425E+01
  0.16086048E+01 -0.69476894E+01
  0.16231683E+01 -0.69852686E+01
  0.16377318E+01 -0.70257817E+01
  0.16522953E+01 -0.70692844E+01
  0.16668589E+01 -0.71157973E+01
  0.16814224E+01 -0.71652377E+01
  0.16959859E+01 -0.72174031E+01
  0.17105494E+01 -0.72720102E+01
  0.17251130E+01 -0.73287666E+01
  0.17396765E+01 -0.73874405E+01
  0.17542400E+01 -0.74478963E+01
  0.17688035E+01 -0.75100833E+01
  0.17833671E+01 -0.75739863E+01
  0.17979306E+01 -0.76395653E+01
  0.18124941E+01 -0.77067129E+01
  0.18270576E+01 -0.77752456E+01
  0.18416212E+01 -0.78449302E+01
  0.18561847E+01 -0.79155273E+01
  0.18707482E+01 -0.79868293E+01
  0.18853117E+01 -0.80586765E+01
  0.18998753E+01 -0.81309473E+01
  0.19144388E+01 -0.82035322E+01
  0.19290023E+01 -0.82763076E+01
  0.19435658E+01 -0.83491228E+01
  0.19581294E+01 -0.84218052E+01
  0.19726929E+01 -0.84941763E+01
  0.19872564E+01 -0.85660669E+01
  0.20018199E+01 -0.86373222E+01
  0.20163835E+01 -0.87077925E+01
  0.20309470E+01 -0.87773164E+01
  0.20455105E+01 -0.88457048E+01
  0.20600740E+01 -0.89127346E+01
  0.20746376E+01 -0.89781528E+01
  0.20892011E+01 -0.90416873E+01
  0.21037646E+01 -0.91030560E+01
  0.21183281E+01 -0.91619695E+01
  0.21328917E+01 -0.92181293E+01
  0.21474552E+01 -0.92712261E+01
  0.21620187E+01 -0.93209454E+01
  0.21765822E+01 -0.93669821E+01
  0.21911458E+01 -0.94090557E+01
  0.22057093E+01 -0.94469183E+01
  0.22202728E+01 -0.94803470E+01
  0.22348363E+01 -0.95091261E+01
  0.22493999E+01 -0.95330305E+01
  0.22639634E+01 -0.95518309E+01
  0.22785269E+01 -0.95653269E+01
  0.22930904E+01 -0.95734004E+01
  0.23077806E+01 -0.95760643E+01
  0.23224708E+01 -0.95734392E+01
  0.23371609E+01 -0.95657830E+01
  0.23518511E+01 -0.95534725E+01
  0.23665412E+01 -0.95369072E+01
  0.23812314E+01 -0.95164709E+01
  0.23959216E+01 -0.94925175E+01
  0.24106117E+01 -0.94653719E+01
  0.24253019E+01 -0.94353328E+01
  0.24399921E+01 -0.94026666E+01
  0.24546822E+01 -0.93675955E+01
  0.24693724E+01 -0.93302881E+01
  0.24840626E+01 -0.92908625E+01
  0.24987527E+01 -0.92494055E+01
  0.25134429E+01 -0.92060008E+01
  0.25281331E+01 -0.91607561E+01
  0.25428232E+01 -0.91138164E+01
  0.25575134E+01 -0.90653592E+01
  0.25722035E+01 -0.90155740E+01
  0.25868937E+01 -0.89646347E+01
  0.26015839E+01 -0.89126757E+01
  0.26162740E+01 -0.88597788E+01
  0.26309642E+01 -0.88059752E+01
  0.26456544E+01 -0.87512584E+01
  0.26603445E+01 -0.86956062E+01
  0.26750347E+01 -0.86390039E+01
  0.26897249E+01 -0.85814625E+01
  0.27044150E+01 -0.85230272E+01
  0.27191052E+01 -0.84637728E+01
  0.27337954E+01 -0.84037865E+01
  0.27484855E+01 -0.83431430E+01
  0.27631757E+01 -0.82818832E+01
  0.27778658E+01 -0.82200062E+01
  0.27925560E+01 -0.81574805E+01
  0.28072462E+01 -0.80942729E+01
  0.28219363E+01 -0.80303819E+01
  0.28366265E+01 -0.79658596E+01
  0.28513167E+01 -0.79008083E+01
  0.28660068E+01 -0.78353493E+01
  0.28806970E+01 -0.77695763E+01
  0.28953872E+01 -0.77035164E+01
  0.29100773E+01 -0.76371204E+01
  0.29247675E+01 -0.75702902E+01
  0.29394576E+01 -0.75029345E+01
  0.29541478E+01 -0.74350238E+01
  0.29688380E+01 -0.73666174E+01
  0.29835281E+01 -0.72978444E+01
  0.29982183E+01 -0.72288453E+01
  0.30129085E+01 -0.71597047E+01
  0.30275986E+01 -0.70904120E+01
  0.30422888E+01 -0.70208741E+01
  0.30569790E+01 -0.69509800E+01
  0.30716691E+01 -0.68806851E+01
  0.30863593E+01 -0.68100704E+01
  0.31010495E+01 -0.67393404E+01
  0.31157396E+01 -0.66687536E+01
  0.31304298E+01 -0.65985165E+01
  0.31451199E+01 -0.65286943E+01
  0.31598101E+01 -0.64591876E+01
  0.31745003E+01 -0.64304738E+01
  0.31891904E+01 -0.63733963E+01
  0.32038806E+01 -0.63061787E+01
  0.32185708E+01 -0.62369272E+01
  0.32332609E+01 -0.61669000E+01
  0.32479511E+01 -0.60966162E+01
  0.32626413E+01 -0.60264864E+01
  0.32773314E+01 -0.59568341E+01
  0.32920216E+01 -0.59602030E+01
  0.33067118E+01 -0.60132589E+01
  0.33214019E+01 -0.60677183E+01
  0.33360921E+01 -0.61213686E+01
  0.33507822E+01 -0.61735367E+01
  0.33654724E+01 -0.62235257E+01
  0.33801626E+01 -0.62695891E+01
  0.33948527E+01 -0.63049864E+01
  0.34095429E+01 -0.63017739E+01
  0.34242331E+01 -0.62392358E+01
  0.34389232E+01 -0.61540591E+01
  0.34536134E+01 -0.60633779E+01
  0.34683036E+01 -0.59712752E+01
  0.34829937E+01 -0.58791666E+01
  0.34976839E+01 -0.57876951E+01
  0.35123740E+01 -0.56971213E+01
  0.35270642E+01 -0.56074594E+01
  0.35417544E+01 -0.55185987E+01
  0.35564445E+01 -0.54304376E+01
  0.35711347E+01 -0.53429950E+01
  0.35858249E+01 -0.52564594E+01
  0.36005150E+01 -0.51711575E+01
  0.36152052E+01 -0.50874629E+01
  0.36298954E+01 -0.50056891E+01
  0.36445855E+01 -0.49260198E+01
  0.36592757E+01 -0.48485026E+01
  0.36739659E+01 -0.47731044E+01
  0.36886560E+01 -0.46997929E+01
  0.37033462E+01 -0.46286029E+01
  0.37180363E+01 -0.45596532E+01
  0.37327265E+01 -0.44931164E+01
  0.37474167E+01 -0.44291658E+01
  0.37621068E+01 -0.43679369E+01
  0.37767970E+01 -0.43095302E+01
  0.37914872E+01 -0.42540537E+01
  0.38061773E+01 -0.42016769E+01
  0.38208675E+01 -0.41526545E+01
  0.38355577E+01 -0.41072901E+01
  0.38502478E+01 -0.40658465E+01
  0.38649380E+01 -0.40284396E+01
  0.38796281E+01 -0.39949750E+01
  0.38943183E+01 -0.39651702E+01
  0.39090085E+01 -0.39386720E+01
  0.39236986E+01 -0.39152323E+01
  0.39383888E+01 -0.38996744E+01
  0.39530790E+01 -0.38923563E+01
  0.39677691E+01 -0.38873327E+01
  0.39824593E+01 -0.38844268E+01
  0.39970897E+01 -0.38834791E+01
  
  0.00000000E+00 -0.38541855E+01
  0.14630364E-01 -0.38569458E+01
  0.29260727E-01 -0.38649749E+01
  0.43891091E-01 -0.38776349E+01
  0.58521454E-01 -0.38941916E+01
  0.73151818E-01 -0.39086839E+01
  0.87782182E-01 -0.39201570E+01
  0.10241255E+00 -0.39336722E+01
  0.11704291E+00 -0.39490746E+01
  0.13167327E+00 -0.39662397E+01
  0.14630364E+00 -0.39851192E+01
  0.16093400E+00 -0.40057447E+01
  0.17556436E+00 -0.40281912E+01
  0.19019473E+00 -0.40525183E+01
  0.20482509E+00 -0.40787200E+01
  0.21945545E+00 -0.41067055E+01
  0.23408582E+00 -0.41363185E+01
  0.24871618E+00 -0.41673818E+01
  0.26334654E+00 -0.41997429E+01
  0.27797691E+00 -0.42332991E+01
  0.29260727E+00 -0.42679941E+01
  0.30723764E+00 -0.43037947E+01
  0.32186800E+00 -0.43406633E+01
  0.33649836E+00 -0.43785442E+01
  0.35112873E+00 -0.44173667E+01
  0.36575909E+00 -0.44570613E+01
  0.38038945E+00 -0.44975742E+01
  0.39501982E+00 -0.45388713E+01
  0.40965018E+00 -0.45809295E+01
  0.42428054E+00 -0.46237205E+01
  0.43891091E+00 -0.46671973E+01
  0.45354127E+00 -0.47112901E+01
  0.46817163E+00 -0.47559109E+01
  0.48280200E+00 -0.48009641E+01
  0.49743236E+00 -0.48463555E+01
  0.51206273E+00 -0.48919982E+01
  0.52669309E+00 -0.49378167E+01
  0.54132345E+00 -0.49837497E+01
  0.55595382E+00 -0.50297522E+01
  0.57058418E+00 -0.50757951E+01
  0.58521454E+00 -0.51218589E+01
  0.59984491E+00 -0.51679232E+01
  0.61447527E+00 -0.52139548E+01
  0.62910563E+00 -0.52599035E+01
  0.64373600E+00 -0.53057062E+01
  0.65836636E+00 -0.53513003E+01
  0.67299673E+00 -0.53966349E+01
  0.68762709E+00 -0.54416742E+01
  0.70225745E+00 -0.54863889E+01
  0.71688782E+00 -0.55307425E+01
  0.73151818E+00 -0.55746841E+01
  0.74614854E+00 -0.56181554E+01
  0.76077891E+00 -0.56611119E+01
  0.77540927E+00 -0.56708257E+01
  0.79003963E+00 -0.57126891E+01
  0.80467000E+00 -0.57542969E+01
  0.81930036E+00 -0.57955757E+01
  0.83393072E+00 -0.58363540E+01
  0.84856109E+00 -0.58764281E+01
  0.86319145E+00 -0.59156369E+01
  0.87782182E+00 -0.59539156E+01
  0.89245218E+00 -0.59913066E+01
  0.90708254E+00 -0.60279247E+01
  0.92171291E+00 -0.60298971E+01
  0.93634327E+00 -0.59551377E+01
  0.95097363E+00 -0.58798346E+01
  0.96560400E+00 -0.58039963E+01
  0.98023436E+00 -0.57276780E+01
  0.99486472E+00 -0.56509946E+01
  0.10094951E+01 -0.55740959E+01
  0.10241255E+01 -0.54971170E+01
  0.10387558E+01 -0.54201388E+01
  0.10533862E+01 -0.53431819E+01
  0.10680165E+01 -0.52662438E+01
  0.10826469E+01 -0.51893567E+01
  0.10972773E+01 -0.51126311E+01
  0.11119076E+01 -0.50362578E+01
  0.11265380E+01 -0.49604645E+01
  0.11411684E+01 -0.48854549E+01
  0.11557987E+01 -0.48113682E+01
  0.11704291E+01 -0.47382860E+01
  0.11850595E+01 -0.46662863E+01
  0.11996898E+01 -0.45955110E+01
  0.12143202E+01 -0.45262071E+01
  0.12289505E+01 -0.44587128E+01
  0.12435809E+01 -0.43933956E+01
  0.12582113E+01 -0.43305790E+01
  0.12728416E+01 -0.42705007E+01
  0.12874720E+01 -0.42133277E+01
  0.13021024E+01 -0.41592166E+01
  0.13167327E+01 -0.41083815E+01
  0.13313631E+01 -0.40611254E+01
  0.13459935E+01 -0.40178155E+01
  0.13606238E+01 -0.39788197E+01
  0.13752542E+01 -0.39444441E+01
  0.13898845E+01 -0.39149093E+01
  0.14045149E+01 -0.38903760E+01
  0.14191453E+01 -0.38709949E+01
  0.14337756E+01 -0.38569415E+01
  0.14484060E+01 -0.38484055E+01
  0.14629695E+01 -0.38455403E+01
  0.14775330E+01 -0.38449012E+01
  0.14920966E+01 -0.38430396E+01
  0.15066601E+01 -0.38400965E+01
  0.15212236E+01 -0.38362319E+01
  0.15357871E+01 -0.38315528E+01
  0.15503507E+01 -0.38260694E+01
  0.15649142E+01 -0.38197025E+01
  0.15794777E+01 -0.38123342E+01
  0.15940412E+01 -0.38038770E+01
  0.16086048E+01 -0.37943237E+01
  0.16231683E+01 -0.37837530E+01
  0.16377318E+01 -0.37722891E+01
  0.16522953E+01 -0.37600357E+01
  0.16668589E+01 -0.37470190E+01
  0.16814224E+01 -0.37331683E+01
  0.16959859E+01 -0.37183445E+01
  0.17105494E+01 -0.37024020E+01
  0.17251130E+01 -0.36852548E+01
  0.17396765E+01 -0.36669154E+01
  0.17542400E+01 -0.36474911E+01
  0.17688035E+01 -0.36271423E+01
  0.17833671E+01 -0.36060258E+01
  0.17979306E+01 -0.35842499E+01
  0.18124941E+01 -0.35618593E+01
  0.18270576E+01 -0.35388514E+01
  0.18416212E+01 -0.35152098E+01
  0.18561847E+01 -0.34909330E+01
  0.18707482E+01 -0.34660455E+01
  0.18853117E+01 -0.34405878E+01
  0.18998753E+01 -0.34145973E+01
  0.19144388E+01 -0.33880955E+01
  0.19290023E+01 -0.33610923E+01
  0.19435658E+01 -0.33336080E+01
  0.19581294E+01 -0.33056981E+01
  0.19726929E+01 -0.32774678E+01
  0.19872564E+01 -0.32490638E+01
  0.20018199E+01 -0.32206463E+01
  0.20163835E+01 -0.31923535E+01
  0.20309470E+01 -0.31642781E+01
  0.20455105E+01 -0.31364670E+01
  0.20600740E+01 -0.31089464E+01
  0.20746376E+01 -0.30817591E+01
  0.20892011E+01 -0.30549957E+01
  0.21037646E+01 -0.30288054E+01
  0.21183281E+01 -0.30033808E+01
  0.21328917E+01 -0.29789261E+01
  0.21474552E+01 -0.29556250E+01
  0.21620187E+01 -0.29336231E+01
  0.21765822E+01 -0.29130319E+01
  0.21911458E+01 -0.28939497E+01
  0.22057093E+01 -0.28764871E+01
  0.22202728E+01 -0.28607839E+01
  0.22348363E+01 -0.28470108E+01
  0.22493999E+01 -0.28353563E+01
  0.22639634E+01 -0.28260096E+01
  0.22785269E+01 -0.28191461E+01
  0.22930904E+01 -0.28149232E+01
  0.23077806E+01 -0.28134846E+01
  0.23224708E+01 -0.28149678E+01
  0.23371609E+01 -0.28195203E+01
  0.23518511E+01 -0.28273107E+01
  0.23665412E+01 -0.28385076E+01
  0.23812314E+01 -0.28532586E+01
  0.23959216E+01 -0.28716745E+01
  0.24106117E+01 -0.28938231E+01
  0.24253019E+01 -0.29197274E+01
  0.24399921E+01 -0.29493676E+01
  0.24546822E+01 -0.29826799E+01
  0.24693724E+01 -0.30195586E+01
  0.24840626E+01 -0.30598651E+01
  0.24987527E+01 -0.31034480E+01
  0.25134429E+01 -0.31501709E+01
  0.25281331E+01 -0.31999373E+01
  0.25428232E+01 -0.32526976E+01
  0.25575134E+01 -0.33084307E+01
  0.25722035E+01 -0.33671015E+01
  0.25868937E+01 -0.34286113E+01
  0.26015839E+01 -0.34927629E+01
  0.26162740E+01 -0.35592596E+01
  0.26309642E+01 -0.36277460E+01
  0.26456544E+01 -0.36978751E+01
  0.26603445E+01 -0.37693797E+01
  0.26750347E+01 -0.38421152E+01
  0.26897249E+01 -0.39160578E+01
  0.27044150E+01 -0.39912575E+01
  0.27191052E+01 -0.40677659E+01
  0.27337954E+01 -0.41455701E+01
  0.27484855E+01 -0.42245584E+01
  0.27631757E+01 -0.43045306E+01
  0.27778658E+01 -0.43852434E+01
  0.27925560E+01 -0.44664686E+01
  0.28072462E+01 -0.45480351E+01
  0.28219363E+01 -0.46298402E+01
  0.28366265E+01 -0.47118284E+01
  0.28513167E+01 -0.47939541E+01
  0.28660068E+01 -0.48761507E+01
  0.28806970E+01 -0.49583224E+01
  0.28953872E+01 -0.50403627E+01
  0.29100773E+01 -0.51221851E+01
  0.29247675E+01 -0.52037475E+01
  0.29394576E+01 -0.52850536E+01
  0.29541478E+01 -0.53661262E+01
  0.29688380E+01 -0.54469660E+01
  0.29835281E+01 -0.55275156E+01
  0.29982183E+01 -0.56076492E+01
  0.30129085E+01 -0.56871947E+01
  0.30275986E+01 -0.57659798E+01
  0.30422888E+01 -0.58438801E+01
  0.30569790E+01 -0.59208466E+01
  0.30716691E+01 -0.59968970E+01
  0.30863593E+01 -0.60720746E+01
  0.31010495E+01 -0.61463848E+01
  0.31157396E+01 -0.62197192E+01
  0.31304298E+01 -0.62917266E+01
  0.31451199E+01 -0.63613153E+01
  0.31598101E+01 -0.64227329E+01
  0.31745003E+01 -0.63897929E+01
  0.31891904E+01 -0.63203224E+01
  0.32038806E+01 -0.62507276E+01
  0.32185708E+01 -0.61811696E+01
  0.32332609E+01 -0.61120255E+01
  0.32479511E+01 -0.60439364E+01
  0.32626413E+01 -0.59786255E+01
  0.32773314E+01 -0.59312883E+01
  0.32920216E+01 -0.58878202E+01
  0.33067118E+01 -0.58194075E+01
  0.33214019E+01 -0.57514131E+01
  0.33360921E+01 -0.56836329E+01
  0.33507822E+01 -0.56159779E+01
  0.33654724E+01 -0.55485547E+01
  0.33801626E+01 -0.54816466E+01
  0.33948527E+01 -0.54156031E+01
  0.34095429E+01 -0.53506931E+01
  0.34242331E+01 -0.52869943E+01
  0.34389232E+01 -0.52243779E+01
  0.34536134E+01 -0.51625965E+01
  0.34683036E+01 -0.51014349E+01
  0.34829937E+01 -0.50408483E+01
  0.34976839E+01 -0.49810191E+01
  0.35123740E+01 -0.49223017E+01
  0.35270642E+01 -0.48650803E+01
  0.35417544E+01 -0.48096070E+01
  0.35564445E+01 -0.47558977E+01
  0.35711347E+01 -0.47037357E+01
  0.35858249E+01 -0.46527818E+01
  0.36005150E+01 -0.46027397E+01
  0.36152052E+01 -0.45534995E+01
  0.36298954E+01 -0.45051963E+01
  0.36445855E+01 -0.44581575E+01
  0.36592757E+01 -0.44127705E+01
  0.36739659E+01 -0.43693306E+01
  0.36886560E+01 -0.43279422E+01
  0.37033462E+01 -0.42885109E+01
  0.37180363E+01 -0.42508261E+01
  0.37327265E+01 -0.42146885E+01
  0.37474167E+01 -0.41800195E+01
  0.37621068E+01 -0.41469041E+01
  0.37767970E+01 -0.41155503E+01
  0.37914872E+01 -0.40861900E+01
  0.38061773E+01 -0.40589724E+01
  0.38208675E+01 -0.40339001E+01
  0.38355577E+01 -0.40108380E+01
  0.38502478E+01 -0.39895873E+01
  0.38649380E+01 -0.39699893E+01
  0.38796281E+01 -0.39520095E+01
  0.38943183E+01 -0.39357637E+01
  0.39090085E+01 -0.39214763E+01
  0.39236986E+01 -0.39093911E+01
  0.39383888E+01 -0.38948687E+01
  0.39530790E+01 -0.38779360E+01
  0.39677691E+01 -0.38650612E+01
  0.39824593E+01 -0.38569573E+01
  0.39970897E+01 -0.38541855E+01
  
  0.00000000E+00 -0.38541852E+01
  0.14630364E-01 -0.38556591E+01
  0.29260727E-01 -0.38599263E+01
  0.43891091E-01 -0.38665949E+01
  0.58521454E-01 -0.38752112E+01
  0.73151818E-01 -0.38854457E+01
  0.87782182E-01 -0.38971950E+01
  0.10241255E+00 -0.39105574E+01
  0.11704291E+00 -0.39257098E+01
  0.13167327E+00 -0.39427688E+01
  0.14630364E+00 -0.39617147E+01
  0.16093400E+00 -0.39824138E+01
  0.17556436E+00 -0.40047120E+01
  0.19019473E+00 -0.40285307E+01
  0.20482509E+00 -0.40539047E+01
  0.21945545E+00 -0.40809398E+01
  0.23408582E+00 -0.41097214E+01
  0.24871618E+00 -0.41402332E+01
  0.26334654E+00 -0.41723338E+01
  0.27797691E+00 -0.42058017E+01
  0.29260727E+00 -0.42404161E+01
  0.30723764E+00 -0.42760256E+01
  0.32186800E+00 -0.43125687E+01
  0.33649836E+00 -0.43500437E+01
  0.35112873E+00 -0.43884562E+01
  0.36575909E+00 -0.44277794E+01
  0.38038945E+00 -0.44679484E+01
  0.39501982E+00 -0.45088839E+01
  0.40965018E+00 -0.45505216E+01
  0.42428054E+00 -0.45928260E+01
  0.43891091E+00 -0.46357812E+01
  0.45354127E+00 -0.46793703E+01
  0.46817163E+00 -0.47235605E+01
  0.48280200E+00 -0.47683028E+01
  0.49743236E+00 -0.48135427E+01
  0.51206273E+00 -0.48592239E+01
  0.52669309E+00 -0.49052785E+01
  0.54132345E+00 -0.49516058E+01
  0.55595382E+00 -0.49980586E+01
  0.57058418E+00 -0.50444566E+01
  0.58521454E+00 -0.50906311E+01
  0.59984491E+00 -0.51364835E+01
  0.61447527E+00 -0.51820255E+01
  0.62910563E+00 -0.52273725E+01
  0.64373600E+00 -0.52726860E+01
  0.65836636E+00 -0.53180863E+01
  0.67299673E+00 -0.53635779E+01
  0.68762709E+00 -0.54090256E+01
  0.70225745E+00 -0.54541954E+01
  0.71688782E+00 -0.54988412E+01
  0.73151818E+00 -0.55427979E+01
  0.74614854E+00 -0.55860363E+01
  0.76077891E+00 -0.56286566E+01
  0.77540927E+00 -0.56664114E+01
  0.79003963E+00 -0.56040575E+01
  0.80467000E+00 -0.55410058E+01
  0.81930036E+00 -0.54772882E+01
  0.83393072E+00 -0.54128766E+01
  0.84856109E+00 -0.53477075E+01
  0.86319145E+00 -0.52817236E+01
  0.87782182E+00 -0.52149123E+01
  0.89245218E+00 -0.51473260E+01
  0.90708254E+00 -0.50790777E+01
  0.92171291E+00 -0.50103183E+01
  0.93634327E+00 -0.49412078E+01
  0.95097363E+00 -0.48718928E+01
  0.96560400E+00 -0.48024961E+01
  0.98023436E+00 -0.47331148E+01
  0.99486472E+00 -0.46638227E+01
  0.10094951E+01 -0.45946714E+01
  0.10241255E+01 -0.45256896E+01
  0.10387558E+01 -0.44568871E+01
  0.10533862E+01 -0.43882659E+01
  0.10680165E+01 -0.43198410E+01
  0.10826469E+01 -0.42516621E+01
  0.10972773E+01 -0.41838283E+01
  0.11119076E+01 -0.41164851E+01
  0.11265380E+01 -0.40498057E+01
  0.11411684E+01 -0.39839628E+01
  0.11557987E+01 -0.39191053E+01
  0.11704291E+01 -0.38553535E+01
  0.11850595E+01 -0.37928145E+01
  0.11996898E+01 -0.37316134E+01
  0.12143202E+01 -0.36719238E+01
  0.12289505E+01 -0.36139832E+01
  0.12435809E+01 -0.35580849E+01
  0.12582113E+01 -0.35045493E+01
  0.12728416E+01 -0.34536846E+01
  0.12874720E+01 -0.34057517E+01
  0.13021024E+01 -0.33609446E+01
  0.13167327E+01 -0.33193893E+01
  0.13313631E+01 -0.32811601E+01
  0.13459935E+01 -0.32463056E+01
  0.13606238E+01 -0.32148790E+01
  0.13752542E+01 -0.31869664E+01
  0.13898845E+01 -0.31627078E+01
  0.14045149E+01 -0.31423054E+01
  0.14191453E+01 -0.31260141E+01
  0.14337756E+01 -0.31141108E+01
  0.14484060E+01 -0.31068488E+01
  0.14629695E+01 -0.31044066E+01
  0.14775330E+01 -0.31040315E+01
  0.14920966E+01 -0.31028799E+01
  0.15066601E+01 -0.31008818E+01
  0.15212236E+01 -0.30979488E+01
  0.15357871E+01 -0.30940046E+01
  0.15503507E+01 -0.30890110E+01
  0.15649142E+01 -0.30829798E+01
  0.15794777E+01 -0.30759661E+01
  0.15940412E+01 -0.30680477E+01
  0.16086048E+01 -0.30592971E+01
  0.16231683E+01 -0.30497587E+01
  0.16377318E+01 -0.30394390E+01
  0.16522953E+01 -0.30283118E+01
  0.16668589E+01 -0.30163362E+01
  0.16814224E+01 -0.30034794E+01
  0.16959859E+01 -0.29897323E+01
  0.17105494E+01 -0.29751137E+01
  0.17251130E+01 -0.29596611E+01
  0.17396765E+01 -0.29434126E+01
  0.17542400E+01 -0.29263898E+01
  0.17688035E+01 -0.29085903E+01
  0.17833671E+01 -0.28899947E+01
  0.17979306E+01 -0.28705877E+01
  0.18124941E+01 -0.28503831E+01
  0.18270576E+01 -0.28294451E+01
  0.18416212E+01 -0.28078936E+01
  0.18561847E+01 -0.27858904E+01
  0.18707482E+01 -0.27636088E+01
  0.18853117E+01 -0.27411953E+01
  0.18998753E+01 -0.27187378E+01
  0.19144388E+01 -0.26962495E+01
  0.19290023E+01 -0.26736759E+01
  0.19435658E+01 -0.26509227E+01
  0.19581294E+01 -0.26278958E+01
  0.19726929E+01 -0.26045405E+01
  0.19872564E+01 -0.25808686E+01
  0.20018199E+01 -0.25569630E+01
  0.20163835E+01 -0.25329625E+01
  0.20309470E+01 -0.25090308E+01
  0.20455105E+01 -0.24853226E+01
  0.20600740E+01 -0.24619594E+01
  0.20746376E+01 -0.24390224E+01
  0.20892011E+01 -0.24165652E+01
  0.21037646E+01 -0.23946394E+01
  0.21183281E+01 -0.23733225E+01
  0.21328917E+01 -0.23527348E+01
  0.21474552E+01 -0.23330387E+01
  0.21620187E+01 -0.23144185E+01
  0.21765822E+01 -0.22970508E+01
  0.21911458E+01 -0.22810768E+01
  0.22057093E+01 -0.22665905E+01
  0.22202728E+01 -0.22536487E+01
  0.22348363E+01 -0.22422999E+01
  0.22493999E+01 -0.22326193E+01
  0.22639634E+01 -0.22247353E+01
  0.22785269E+01 -0.22188340E+01
  0.22930904E+01 -0.22151370E+01
  0.23077806E+01 -0.22138636E+01
  0.23224708E+01 -0.22152009E+01
  0.23371609E+01 -0.22192792E+01
  0.23518511E+01 -0.22261411E+01
  0.23665412E+01 -0.22357789E+01
  0.23812314E+01 -0.22481667E+01
  0.23959216E+01 -0.22632908E+01
  0.24106117E+01 -0.22811656E+01
  0.24253019E+01 -0.23018285E+01
  0.24399921E+01 -0.23253218E+01
  0.24546822E+01 -0.23516714E+01
  0.24693724E+01 -0.23808749E+01
  0.24840626E+01 -0.24129044E+01
  0.24987527E+01 -0.24477208E+01
  0.25134429E+01 -0.24852892E+01
  0.25281331E+01 -0.25255862E+01
  0.25428232E+01 -0.25685919E+01
  0.25575134E+01 -0.26142712E+01
  0.25722035E+01 -0.26625520E+01
  0.25868937E+01 -0.27133111E+01
  0.26015839E+01 -0.27663747E+01
  0.26162740E+01 -0.28215339E+01
  0.26309642E+01 -0.28785696E+01
  0.26456544E+01 -0.29372776E+01
  0.26603445E+01 -0.29974892E+01
  0.26750347E+01 -0.30590825E+01
  0.26897249E+01 -0.31219855E+01
  0.27044150E+01 -0.31861715E+01
  0.27191052E+01 -0.32516471E+01
  0.27337954E+01 -0.33184322E+01
  0.27484855E+01 -0.33865323E+01
  0.27631757E+01 -0.34559078E+01
  0.27778658E+01 -0.35264474E+01
  0.27925560E+01 -0.35979586E+01
  0.28072462E+01 -0.36701831E+01
  0.28219363E+01 -0.37428378E+01
  0.28366265E+01 -0.38156721E+01
  0.28513167E+01 -0.38885222E+01
  0.28660068E+01 -0.39613417E+01
  0.28806970E+01 -0.40341944E+01
  0.28953872E+01 -0.41072095E+01
  0.29100773E+01 -0.41805134E+01
  0.29247675E+01 -0.42541642E+01
  0.29394576E+01 -0.43281115E+01
  0.29541478E+01 -0.44021980E+01
  0.29688380E+01 -0.44761993E+01
  0.29835281E+01 -0.45498852E+01
  0.29982183E+01 -0.46230779E+01
  0.30129085E+01 -0.46956849E+01
  0.30275986E+01 -0.47676964E+01
  0.30422888E+01 -0.48391544E+01
  0.30569790E+01 -0.49101064E+01
  0.30716691E+01 -0.49805683E+01
  0.30863593E+01 -0.50505062E+01
  0.31010495E+01 -0.51198446E+01
  0.31157396E+01 -0.51884909E+01
  0.31304298E+01 -0.52563642E+01
  0.31451199E+01 -0.53234148E+01
  0.31598101E+01 -0.53896281E+01
  0.31745003E+01 -0.54550137E+01
  0.31891904E+01 -0.55195845E+01
  0.32038806E+01 -0.55833326E+01
  0.32185708E+01 -0.56462011E+01
  0.32332609E+01 -0.57080340E+01
  0.32479511E+01 -0.57684113E+01
  0.32626413E+01 -0.58256987E+01
  0.32773314E+01 -0.58645813E+01
  0.32920216E+01 -0.58264788E+01
  0.33067118E+01 -0.57631395E+01
  0.33214019E+01 -0.56970352E+01
  0.33360921E+01 -0.56303033E+01
  0.33507822E+01 -0.55636688E+01
  0.33654724E+01 -0.54976711E+01
  0.33801626E+01 -0.54327001E+01
  0.33948527E+01 -0.53689012E+01
  0.34095429E+01 -0.53061484E+01
  0.34242331E+01 -0.52441363E+01
  0.34389232E+01 -0.51825608E+01
  0.34536134E+01 -0.51213020E+01
  0.34683036E+01 -0.50605156E+01
  0.34829937E+01 -0.50005860E+01
  0.34976839E+01 -0.49419610E+01
  0.35123740E+01 -0.48849502E+01
  0.35270642E+01 -0.48295911E+01
  0.35417544E+01 -0.47756503E+01
  0.35564445E+01 -0.47227586E+01
  0.35711347E+01 -0.46706131E+01
  0.35858249E+01 -0.46191410E+01
  0.36005150E+01 -0.45685450E+01
  0.36152052E+01 -0.45192098E+01
  0.36298954E+01 -0.44715220E+01
  0.36445855E+01 -0.44256993E+01
  0.36592757E+01 -0.43817193E+01
  0.36739659E+01 -0.43393798E+01
  0.36886560E+01 -0.42984534E+01
  0.37033462E+01 -0.42588480E+01
  0.37180363E+01 -0.42206849E+01
  0.37327265E+01 -0.41842499E+01
  0.37474167E+01 -0.41498467E+01
  0.37621068E+01 -0.41176357E+01
  0.37767970E+01 -0.40875492E+01
  0.37914872E+01 -0.40593321E+01
  0.38061773E+01 -0.40326891E+01
  0.38208675E+01 -0.40074573E+01
  0.38355577E+01 -0.39837097E+01
  0.38502478E+01 -0.39617301E+01
  0.38649380E+01 -0.39418678E+01
  0.38796281E+01 -0.39243514E+01
  0.38943183E+01 -0.39091636E+01
  0.39090085E+01 -0.38960508E+01
  0.39236986E+01 -0.38846659E+01
  0.39383888E+01 -0.38747711E+01
  0.39530790E+01 -0.38663956E+01
  0.39677691E+01 -0.38598593E+01
  0.39824593E+01 -0.38556463E+01
  0.39970897E+01 -0.38541852E+01
  
  0.00000000E+00  0.76085193E+01
  0.14630364E-01  0.76084018E+01
  0.29260727E-01  0.76080836E+01
  0.43891091E-01  0.76076594E+01
  0.58521454E-01  0.76072601E+01
  0.73151818E-01  0.76070142E+01
  0.87782182E-01  0.76070042E+01
  0.10241255E+00  0.76072292E+01
  0.11704291E+00  0.76075902E+01
  0.13167327E+00  0.76079055E+01
  0.14630364E+00  0.76079526E+01
  0.16093400E+00  0.76075201E+01
  0.17556436E+00  0.76064475E+01
  0.19019473E+00  0.76046372E+01
  0.20482509E+00  0.76020377E+01
  0.21945545E+00  0.75986102E+01
  0.23408582E+00  0.75942982E+01
  0.24871618E+00  0.75890135E+01
  0.26334654E+00  0.75826406E+01
  0.27797691E+00  0.75750511E+01
  0.29260727E+00  0.75661143E+01
  0.30723764E+00  0.75556997E+01
  0.32186800E+00  0.75436725E+01
  0.33649836E+00  0.75298888E+01
  0.35112873E+00  0.75141972E+01
  0.36575909E+00  0.74964433E+01
  0.38038945E+00  0.74764707E+01
  0.39501982E+00  0.74541138E+01
  0.40965018E+00  0.74291839E+01
  0.42428054E+00  0.74014608E+01
  0.43891091E+00  0.73707016E+01
  0.45354127E+00  0.73366712E+01
  0.46817163E+00  0.72991830E+01
  0.48280200E+00  0.72581311E+01
  0.49743236E+00  0.72134938E+01
  0.51206273E+00  0.71653064E+01
  0.52669309E+00  0.71136161E+01
  0.54132345E+00  0.70584458E+01
  0.55595382E+00  0.69997852E+01
  0.57058418E+00  0.69376145E+01
  0.58521454E+00  0.68719422E+01
  0.59984491E+00  0.68028343E+01
  0.61447527E+00  0.67304142E+01
  0.62910563E+00  0.66548352E+01
  0.64373600E+00  0.65762423E+01
  0.65836636E+00  0.64947473E+01
  0.67299673E+00  0.64104284E+01
  0.68762709E+00  0.63233513E+01
  0.70225745E+00  0.62335926E+01
  0.71688782E+00  0.61412485E+01
  0.73151818E+00  0.60464242E+01
  0.74614854E+00  0.59492169E+01
  0.76077891E+00  0.58497083E+01
  0.77540927E+00  0.57479800E+01
  0.79003963E+00  0.56441429E+01
  0.80467000E+00  0.55383604E+01
  0.81930036E+00  0.54308471E+01
  0.83393072E+00  0.53218351E+01
  0.84856109E+00  0.52115259E+01
  0.86319145E+00  0.51000561E+01
  0.87782182E+00  0.49874979E+01
  0.89245218E+00  0.48738982E+01
  0.90708254E+00  0.47593318E+01
  0.92171291E+00  0.46439385E+01
  0.93634327E+00  0.45279197E+01
  0.95097363E+00  0.44114977E+01
  0.96560400E+00  0.42948616E+01
  0.98023436E+00  0.41781336E+01
  0.99486472E+00  0.40613765E+01
  0.10094951E+01  0.39446369E+01
  0.10241255E+01  0.38279997E+01
  0.10387558E+01  0.37116223E+01
  0.10533862E+01  0.35957326E+01
  0.10680165E+01  0.34805956E+01
  0.10826469E+01  0.33664729E+01
  0.10972773E+01  0.32535980E+01
  0.11119076E+01  0.31421772E+01
  0.11265380E+01  0.30324078E+01
  0.11411684E+01  0.29244945E+01
  0.11557987E+01  0.28186505E+01
  0.11704291E+01  0.27150830E+01
  0.11850595E+01  0.26139768E+01
  0.11996898E+01  0.25154914E+01
  0.12143202E+01  0.24197807E+01
  0.12289505E+01  0.23270237E+01
  0.12435809E+01  0.22374525E+01
  0.12582113E+01  0.21513604E+01
  0.12728416E+01  0.20690883E+01
  0.12874720E+01  0.19909996E+01
  0.13021024E+01  0.19174589E+01
  0.13167327E+01  0.18488238E+01
  0.13313631E+01  0.17854486E+01
  0.13459935E+01  0.17276886E+01
  0.13606238E+01  0.16758952E+01
  0.13752542E+01  0.16303992E+01
  0.13898845E+01  0.15914893E+01
  0.14045149E+01  0.15593967E+01
  0.14191453E+01  0.15342909E+01
  0.14337756E+01  0.15162872E+01
  0.14484060E+01  0.15054584E+01
  0.14629695E+01  0.15018445E+01
  0.14775330E+01  0.15021535E+01
  0.14920966E+01  0.15030366E+01
  0.15066601E+01  0.15043833E+01
  0.15212236E+01  0.15060740E+01
  0.15357871E+01  0.15080429E+01
  0.15503507E+01  0.15103178E+01
  0.15649142E+01  0.15130167E+01
  0.15794777E+01  0.15163029E+01
  0.15940412E+01  0.15203181E+01
  0.16086048E+01  0.15251255E+01
  0.16231683E+01  0.15306867E+01
  0.16377318E+01  0.15368808E+01
  0.16522953E+01  0.15435554E+01
  0.16668589E+01  0.15505826E+01
  0.16814224E+01  0.15578935E+01
  0.16959859E+01  0.15654757E+01
  0.17105494E+01  0.15733387E+01
  0.17251130E+01  0.15814641E+01
  0.17396765E+01  0.15897693E+01
  0.17542400E+01  0.15981002E+01
  0.17688035E+01  0.16062591E+01
  0.17833671E+01  0.16140522E+01
  0.17979306E+01  0.16213350E+01
  0.18124941E+01  0.16280336E+01
  0.18270576E+01  0.16341351E+01
  0.18416212E+01  0.16396504E+01
  0.18561847E+01  0.16445717E+01
  0.18707482E+01  0.16488436E+01
  0.18853117E+01  0.16523609E+01
  0.18998753E+01  0.16549939E+01
  0.19144388E+01  0.16566259E+01
  0.19290023E+01  0.16571855E+01
  0.19435658E+01  0.16566594E+01
  0.19581294E+01  0.16550797E+01
  0.19726929E+01  0.16524962E+01
  0.19872564E+01  0.16489473E+01
  0.20018199E+01  0.16444443E+01
  0.20163835E+01  0.16389765E+01
  0.20309470E+01  0.16325319E+01
  0.20455105E+01  0.16251235E+01
  0.20600740E+01  0.16168063E+01
  0.20746376E+01  0.16076789E+01
  0.20892011E+01  0.15978697E+01
  0.21037646E+01  0.15875161E+01
  0.21183281E+01  0.15767483E+01
  0.21328917E+01  0.15656853E+01
  0.21474552E+01  0.15544441E+01
  0.21620187E+01  0.15431552E+01
  0.21765822E+01  0.15319764E+01
  0.21911458E+01  0.15210964E+01
  0.22057093E+01  0.15107269E+01
  0.22202728E+01  0.15010878E+01
  0.22348363E+01  0.14923930E+01
  0.22493999E+01  0.14848436E+01
  0.22639634E+01  0.14786305E+01
  0.22785269E+01  0.14739435E+01
  0.22930904E+01  0.14709793E+01
  0.23077806E+01  0.14699444E+01
  0.23224708E+01  0.14710746E+01
  0.23371609E+01  0.14746022E+01
  0.23518511E+01  0.14807159E+01
  0.23665412E+01  0.14895801E+01
  0.23812314E+01  0.15013374E+01
  0.23959216E+01  0.15161129E+01
  0.24106117E+01  0.15340174E+01
  0.24253019E+01  0.15551461E+01
  0.24399921E+01  0.15795754E+01
  0.24546822E+01  0.16073622E+01
  0.24693724E+01  0.16385464E+01
  0.24840626E+01  0.16731569E+01
  0.24987527E+01  0.17112133E+01
  0.25134429E+01  0.17527201E+01
  0.25281331E+01  0.17976508E+01
  0.25428232E+01  0.18459296E+01
  0.25575134E+01  0.18974231E+01
  0.25722035E+01  0.19519522E+01
  0.25868937E+01  0.20093257E+01
  0.26015839E+01  0.20693847E+01
  0.26162740E+01  0.21320388E+01
  0.26309642E+01  0.21972731E+01
  0.26456544E+01  0.22651205E+01
  0.26603445E+01  0.23356067E+01
  0.26750347E+01  0.24086946E+01
  0.26897249E+01  0.24842519E+01
  0.27044150E+01  0.25620617E+01
  0.27191052E+01  0.26418701E+01
  0.27337954E+01  0.27234499E+01
  0.27484855E+01  0.28066503E+01
  0.27631757E+01  0.28914086E+01
  0.27778658E+01  0.29777215E+01
  0.27925560E+01  0.30655913E+01
  0.28072462E+01  0.31549777E+01
  0.28219363E+01  0.32457787E+01
  0.28366265E+01  0.33378491E+01
  0.28513167E+01  0.34310425E+01
  0.28660068E+01  0.35252506E+01
  0.28806970E+01  0.36204165E+01
  0.28953872E+01  0.37165128E+01
  0.29100773E+01  0.38134981E+01
  0.29247675E+01  0.39112788E+01
  0.29394576E+01  0.40097000E+01
  0.29541478E+01  0.41085764E+01
  0.29688380E+01  0.42077463E+01
  0.29835281E+01  0.43071224E+01
  0.29982183E+01  0.44067067E+01
  0.30129085E+01  0.45065592E+01
  0.30275986E+01  0.46067313E+01
  0.30422888E+01  0.47071982E+01
  0.30569790E+01  0.48078228E+01
  0.30716691E+01  0.49083731E+01
  0.30863593E+01  0.50085837E+01
  0.31010495E+01  0.51082318E+01
  0.31157396E+01  0.52071877E+01
  0.31304298E+01  0.53054144E+01
  0.31451199E+01  0.54029179E+01
  0.31598101E+01  0.54996760E+01
  0.31745003E+01  0.55955853E+01
  0.31891904E+01  0.56904573E+01
  0.32038806E+01  0.57840665E+01
  0.32185708E+01  0.58762250E+01
  0.32332609E+01  0.59668404E+01
  0.32479511E+01  0.60559227E+01
  0.32626413E+01  0.61435283E+01
  0.32773314E+01  0.62296683E+01
  0.32920216E+01  0.63142249E+01
  0.33067118E+01  0.63969234E+01
  0.33214019E+01  0.64773793E+01
  0.33360921E+01  0.65552047E+01
  0.33507822E+01  0.66301270E+01
  0.33654724E+01  0.67020636E+01
  0.33801626E+01  0.67711163E+01
  0.33948527E+01  0.68374841E+01
  0.34095429E+01  0.69013342E+01
  0.34242331E+01  0.69626888E+01
  0.34389232E+01  0.70213797E+01
  0.34536134E+01  0.70770901E+01
  0.34683036E+01  0.71294664E+01
  0.34829937E+01  0.71782489E+01
  0.34976839E+01  0.72233666E+01
  0.35123740E+01  0.72649578E+01
  0.35270642E+01  0.73033138E+01
  0.35417544E+01  0.73387747E+01
  0.35564445E+01  0.73716244E+01
  0.35711347E+01  0.74020254E+01
  0.35858249E+01  0.74300132E+01
  0.36005150E+01  0.74555412E+01
  0.36152052E+01  0.74785485E+01
  0.36298954E+01  0.74990179E+01
  0.36445855E+01  0.75170046E+01
  0.36592757E+01  0.75326338E+01
  0.36739659E+01  0.75460789E+01
  0.36886560E+01  0.75575389E+01
  0.37033462E+01  0.75672258E+01
  0.37180363E+01  0.75753631E+01
  0.37327265E+01  0.75821849E+01
  0.37474167E+01  0.75879251E+01
  0.37621068E+01  0.75927945E+01
  0.37767970E+01  0.75969498E+01
  0.37914872E+01  0.76004720E+01
  0.38061773E+01  0.76033662E+01
  0.38208675E+01  0.76055899E+01
  0.38355577E+01  0.76071018E+01
  0.38502478E+01  0.76079135E+01
  0.38649380E+01  0.76081231E+01
  0.38796281E+01  0.76079155E+01
  0.38943183E+01  0.76075274E+01
  0.39090085E+01  0.76071896E+01
  0.39236986E+01  0.76070666E+01
  0.39383888E+01  0.76072161E+01
  0.39530790E+01  0.76075827E+01
  0.39677691E+01  0.76080275E+01
  0.39824593E+01  0.76083838E+01
  0.39970897E+01  0.76085193E+01
  
  0.00000000E+00  0.93360601E+01
  0.14630364E-01  0.93352822E+01
  0.29260727E-01  0.93329856E+01
  0.43891091E-01  0.93292695E+01
  0.58521454E-01  0.93242623E+01
  0.73151818E-01  0.93180792E+01
  0.87782182E-01  0.93107831E+01
  0.10241255E+00  0.93023592E+01
  0.11704291E+00  0.92927071E+01
  0.13167327E+00  0.92816527E+01
  0.14630364E+00  0.92689760E+01
  0.16093400E+00  0.92544521E+01
  0.17556436E+00  0.92378963E+01
  0.19019473E+00  0.92192028E+01
  0.20482509E+00  0.91983641E+01
  0.21945545E+00  0.91754591E+01
  0.23408582E+00  0.91506121E+01
  0.24871618E+00  0.91239343E+01
  0.26334654E+00  0.90954740E+01
  0.27797691E+00  0.90651971E+01
  0.29260727E+00  0.90330089E+01
  0.30723764E+00  0.89988061E+01
  0.32186800E+00  0.89625304E+01
  0.33649836E+00  0.89241920E+01
  0.35112873E+00  0.88838482E+01
  0.36575909E+00  0.88415459E+01
  0.38038945E+00  0.87972617E+01
  0.39501982E+00  0.87508766E+01
  0.40965018E+00  0.87022047E+01
  0.42428054E+00  0.86510663E+01
  0.43891091E+00  0.85973661E+01
  0.45354127E+00  0.85411319E+01
  0.46817163E+00  0.84824906E+01
  0.48280200E+00  0.84215912E+01
  0.49743236E+00  0.83585172E+01
  0.51206273E+00  0.82932386E+01
  0.52669309E+00  0.82256311E+01
  0.54132345E+00  0.81555546E+01
  0.55595382E+00  0.80829451E+01
  0.57058418E+00  0.80078681E+01
  0.58521454E+00  0.79305001E+01
  0.59984491E+00  0.78510482E+01
  0.61447527E+00  0.77696525E+01
  0.62910563E+00  0.76863278E+01
  0.64373600E+00  0.76009784E+01
  0.65836636E+00  0.75134786E+01
  0.67299673E+00  0.74237746E+01
  0.68762709E+00  0.73319503E+01
  0.70225745E+00  0.72382217E+01
  0.71688782E+00  0.71428629E+01
  0.73151818E+00  0.70461075E+01
  0.74614854E+00  0.69480786E+01
  0.76077891E+00  0.68487837E+01
  0.77540927E+00  0.67481731E+01
  0.79003963E+00  0.66462253E+01
  0.80467000E+00  0.65430109E+01
  0.81930036E+00  0.64387017E+01
  0.83393072E+00  0.63335256E+01
  0.84856109E+00  0.62276982E+01
  0.86319145E+00  0.61213702E+01
  0.87782182E+00  0.60146191E+01
  0.89245218E+00  0.59074818E+01
  0.90708254E+00  0.58000044E+01
  0.92171291E+00  0.56922759E+01
  0.93634327E+00  0.55844285E+01
  0.95097363E+00  0.54766077E+01
  0.96560400E+00  0.53689366E+01
  0.98023436E+00  0.52614997E+01
  0.99486472E+00  0.51543568E+01
  0.10094951E+01  0.50475788E+01
  0.10241255E+01  0.49412842E+01
  0.10387558E+01  0.48356518E+01
  0.10533862E+01  0.47309049E+01
  0.10680165E+01  0.46272751E+01
  0.10826469E+01  0.45249666E+01
  0.10972773E+01  0.44241401E+01
  0.11119076E+01  0.43249226E+01
  0.11265380E+01  0.42274328E+01
  0.11411684E+01  0.41318083E+01
  0.11557987E+01  0.40382179E+01
  0.11704291E+01  0.39468567E+01
  0.11850595E+01  0.38579291E+01
  0.11996898E+01  0.37716319E+01
  0.12143202E+01  0.36881480E+01
  0.12289505E+01  0.36076504E+01
  0.12435809E+01  0.35303150E+01
  0.12582113E+01  0.34563328E+01
  0.12728416E+01  0.33859177E+01
  0.12874720E+01  0.33193072E+01
  0.13021024E+01  0.32567577E+01
  0.13167327E+01  0.31985377E+01
  0.13313631E+01  0.31449194E+01
  0.13459935E+01  0.30961691E+01
  0.13606238E+01  0.30525378E+01
  0.13752542E+01  0.30142527E+01
  0.13898845E+01  0.29815118E+01
  0.14045149E+01  0.29544834E+01
  0.14191453E+01  0.29333067E+01
  0.14337756E+01  0.29180943E+01
  0.14484060E+01  0.29089310E+01
  0.14629695E+01  0.29058704E+01
  0.14775330E+01  0.29059660E+01
  0.14920966E+01  0.29062446E+01
  0.15066601E+01  0.29066850E+01
  0.15212236E+01  0.29072619E+01
  0.15357871E+01  0.29079552E+01
  0.15503507E+01  0.29087568E+01
  0.15649142E+01  0.29096692E+01
  0.15794777E+01  0.29106984E+01
  0.15940412E+01  0.29118432E+01
  0.16086048E+01  0.29130859E+01
  0.16231683E+01  0.29143905E+01
  0.16377318E+01  0.29157078E+01
  0.16522953E+01  0.29169877E+01
  0.16668589E+01  0.29181925E+01
  0.16814224E+01  0.29193052E+01
  0.16959859E+01  0.29203300E+01
  0.17105494E+01  0.29212831E+01
  0.17251130E+01  0.29221796E+01
  0.17396765E+01  0.29230196E+01
  0.17542400E+01  0.29237812E+01
  0.17688035E+01  0.29244220E+01
  0.17833671E+01  0.29248875E+01
  0.17979306E+01  0.29251215E+01
  0.18124941E+01  0.29250742E+01
  0.18270576E+01  0.29247032E+01
  0.18416212E+01  0.29239686E+01
  0.18561847E+01  0.29228259E+01
  0.18707482E+01  0.29212213E+01
  0.18853117E+01  0.29190938E+01
  0.18998753E+01  0.29163842E+01
  0.19144388E+01  0.29130471E+01
  0.19290023E+01  0.29090611E+01
  0.19435658E+01  0.29044316E+01
  0.19581294E+01  0.28991860E+01
  0.19726929E+01  0.28933617E+01
  0.19872564E+01  0.28869942E+01
  0.20018199E+01  0.28801100E+01
  0.20163835E+01  0.28727263E+01
  0.20309470E+01  0.28648580E+01
  0.20455105E+01  0.28565259E+01
  0.20600740E+01  0.28477640E+01
  0.20746376E+01  0.28386208E+01
  0.20892011E+01  0.28291562E+01
  0.21037646E+01  0.28194370E+01
  0.21183281E+01  0.28095347E+01
  0.21328917E+01  0.27995277E+01
  0.21474552E+01  0.27895063E+01
  0.21620187E+01  0.27795787E+01
  0.21765822E+01  0.27698727E+01
  0.21911458E+01  0.27605321E+01
  0.22057093E+01  0.27517099E+01
  0.22202728E+01  0.27435604E+01
  0.22348363E+01  0.27362356E+01
  0.22493999E+01  0.27298861E+01
  0.22639634E+01  0.27246650E+01
  0.22785269E+01  0.27207314E+01
  0.22930904E+01  0.27182503E+01
  0.23077806E+01  0.27173875E+01
  0.23224708E+01  0.27183185E+01
  0.23371609E+01  0.27212128E+01
  0.23518511E+01  0.27262135E+01
  0.23665412E+01  0.27334570E+01
  0.23812314E+01  0.27430780E+01
  0.23959216E+01  0.27552109E+01
  0.24106117E+01  0.27699854E+01
  0.24253019E+01  0.27875162E+01
  0.24399921E+01  0.28078914E+01
  0.24546822E+01  0.28311673E+01
  0.24693724E+01  0.28573719E+01
  0.24840626E+01  0.28865175E+01
  0.24987527E+01  0.29186144E+01
  0.25134429E+01  0.29536793E+01
  0.25281331E+01  0.29917309E+01
  0.25428232E+01  0.30327756E+01
  0.25575134E+01  0.30767901E+01
  0.25722035E+01  0.31237123E+01
  0.25868937E+01  0.31734481E+01
  0.26015839E+01  0.32258924E+01
  0.26162740E+01  0.32809576E+01
  0.26309642E+01  0.33385936E+01
  0.26456544E+01  0.33987887E+01
  0.26603445E+01  0.34615495E+01
  0.26750347E+01  0.35268647E+01
  0.26897249E+01  0.35946720E+01
  0.27044150E+01  0.36648408E+01
  0.27191052E+01  0.37371818E+01
  0.27337954E+01  0.38114803E+01
  0.27484855E+01  0.38875401E+01
  0.27631757E+01  0.39652205E+01
  0.27778658E+01  0.40444518E+01
  0.27925560E+01  0.41252245E+01
  0.28072462E+01  0.42075580E+01
  0.28219363E+01  0.42914633E+01
  0.28366265E+01  0.43769134E+01
  0.28513167E+01  0.44638319E+01
  0.28660068E+01  0.45520998E+01
  0.28806970E+01  0.46415753E+01
  0.28953872E+01  0.47321152E+01
  0.29100773E+01  0.48235928E+01
  0.29247675E+01  0.49159057E+01
  0.29394576E+01  0.50089775E+01
  0.29541478E+01  0.51027541E+01
  0.29688380E+01  0.51971995E+01
  0.29835281E+01  0.52922882E+01
  0.29982183E+01  0.53879963E+01
  0.30129085E+01  0.54842876E+01
  0.30275986E+01  0.55811003E+01
  0.30422888E+01  0.56783372E+01
  0.30569790E+01  0.57758675E+01
  0.30716691E+01  0.58735407E+01
  0.30863593E+01  0.59712116E+01
  0.31010495E+01  0.60687654E+01
  0.31157396E+01  0.61661313E+01
  0.31304298E+01  0.62632775E+01
  0.31451199E+01  0.63601850E+01
  0.31598101E+01  0.64568134E+01
  0.31745003E+01  0.65530699E+01
  0.31891904E+01  0.66488009E+01
  0.32038806E+01  0.67438100E+01
  0.32185708E+01  0.68378988E+01
  0.32332609E+01  0.69309138E+01
  0.32479511E+01  0.70227788E+01
  0.32626413E+01  0.71134981E+01
  0.32773314E+01  0.72031273E+01
  0.32920216E+01  0.72917232E+01
  0.33067118E+01  0.73792925E+01
  0.33214019E+01  0.74657618E+01
  0.33360921E+01  0.75509788E+01
  0.33507822E+01  0.76347443E+01
  0.33654724E+01  0.77168586E+01
  0.33801626E+01  0.77971620E+01
  0.33948527E+01  0.78755524E+01
  0.34095429E+01  0.79519742E+01
  0.34242331E+01  0.80263889E+01
  0.34389232E+01  0.80987420E+01
  0.34536134E+01  0.81689459E+01
  0.34683036E+01  0.82368870E+01
  0.34829937E+01  0.83024549E+01
  0.34976839E+01  0.83655792E+01
  0.35123740E+01  0.84262566E+01
  0.35270642E+01  0.84845558E+01
  0.35417544E+01  0.85405978E+01
  0.35564445E+01  0.85945198E+01
  0.35711347E+01  0.86464406E+01
  0.35858249E+01  0.86964384E+01
  0.36005150E+01  0.87445501E+01
  0.36152052E+01  0.87907866E+01
  0.36298954E+01  0.88351534E+01
  0.36445855E+01  0.88776646E+01
  0.36592757E+01  0.89183416E+01
  0.36739659E+01  0.89571994E+01
  0.36886560E+01  0.89942284E+01
  0.37033462E+01  0.90293833E+01
  0.37180363E+01  0.90625871E+01
  0.37327265E+01  0.90937498E+01
  0.37474167E+01  0.91227942E+01
  0.37621068E+01  0.91496772E+01
  0.37767970E+01  0.91743990E+01
  0.37914872E+01  0.91969969E+01
  0.38061773E+01  0.92175298E+01
  0.38208675E+01  0.92360648E+01
  0.38355577E+01  0.92526719E+01
  0.38502478E+01  0.92674310E+01
  0.38649380E+01  0.92804441E+01
  0.38796281E+01  0.92918425E+01
  0.38943183E+01  0.93017791E+01
  0.39090085E+01  0.93104040E+01
  0.39236986E+01  0.93178290E+01
  0.39383888E+01  0.93240964E+01
  0.39530790E+01  0.93291670E+01
  0.39677691E+01  0.93329350E+01
  0.39824593E+01  0.93352686E+01
  0.39970897E+01  0.93360601E+01
  
