1	0	0.72702	0.72702	0	0	1.3152
2	1	0.049766	0.049766	0.5	-0.86603	1.3152
2	1	0.049766	0.049766	-0.5	0.86603	1.3152
2	1	0.049766	0.049766	-1	0	1.3152
2	1	0.049766	0.049766	1	0	1.3152
2	1	0.049766	0.049766	-0.5	-0.86603	1.3152
2	1	0.049766	0.049766	0.5	0.86603	1.3152
3	1.7321	0.008873	0.008873	-1.5	0.86603	1.3152
3	1.7321	0.008873	0.008873	1.5	-0.86603	1.3152
3	1.7321	0.008873	0.008873	-6.1706e-09	-1.7321	1.3152
3	1.7321	0.008873	0.008873	6.1706e-09	1.7321	1.3152
3	1.7321	0.008873	0.008873	-1.5	-0.86603	1.3152
3	1.7321	0.008873	0.008873	1.5	0.86603	1.3152
4	2	0.013899	0.013899	1	-1.7321	1.3152
4	2	0.013899	0.013899	-1	1.7321	1.3152
4	2	0.013899	0.013899	-2	0	1.3152
4	2	0.013899	0.013899	2	0	1.3152
4	2	0.013899	0.013899	-1	-1.7321	1.3152
4	2	0.013899	0.013899	1	1.7321	1.3152
5	2.6458	0.001733	0.001733	-2	1.7321	1.3152
5	2.6458	0.001733	0.001733	2	-1.7321	1.3152
5	2.6458	0.001733	0.001733	-2.5	0.86603	1.3152
5	2.6458	0.001733	0.001733	2.5	-0.86603	1.3152
5	2.6458	0.001733	0.001733	0.5	-2.5981	1.3152
5	2.6458	0.001733	0.001733	-0.5	2.5981	1.3152
5	2.6458	0.001733	0.001733	-0.5	-2.5981	1.3152
5	2.6458	0.001733	0.001733	0.5	2.5981	1.3152
5	2.6458	0.001733	0.001733	-2.5	-0.86603	1.3152
5	2.6458	0.001733	0.001733	2.5	0.86603	1.3152
5	2.6458	0.001733	0.001733	-2	-1.7321	1.3152
5	2.6458	0.001733	0.001733	2	1.7321	1.3152
6	3	0.001214	0.001214	1.5	-2.5981	1.3152
6	3	0.001214	0.001214	-1.5	-2.5981	1.3152
6	3	0.001214	0.001214	1.5	2.5981	1.3152
6	3	0.001213	0.001213	-1.5	2.5981	1.3152
6	3	0.001213	0.001213	-3	0	1.3152
6	3	0.001213	0.001213	3	0	1.3152
7	3.4641	0.000336	0.000336	-3	1.7321	1.3152
7	3.4641	0.000336	0.000336	3	-1.7321	1.3152
7	3.4641	0.000336	0.000336	-1.2341e-08	-3.4641	1.3152
7	3.4641	0.000336	0.000336	1.2341e-08	3.4641	1.3152
7	3.4641	0.000336	0.000336	-3	-1.7321	1.3152
7	3.4641	0.000336	0.000336	3	1.7321	1.3152
8	3.6056	-0.000232	0.000232	-2.5	2.5981	1.3152
8	3.6056	-0.000232	0.000232	2.5	-2.5981	1.3152
8	3.6056	-0.000232	0.000232	-3.5	0.86603	1.3152
8	3.6056	-0.000232	0.000232	3.5	-0.86603	1.3152
8	3.6056	-0.000232	0.000232	1	-3.4641	1.3152
8	3.6056	-0.000232	0.000232	-1	3.4641	1.3152
8	3.6056	-0.000232	0.000232	-3.5	-0.86603	1.3152
8	3.6056	-0.000232	0.000232	3.5	0.86603	1.3152
8	3.6056	-0.000232	0.000232	-1	-3.4641	1.3152
8	3.6056	-0.000232	0.000232	1	3.4641	1.3152
8	3.6056	-0.000232	0.000232	-2.5	-2.5981	1.3152
8	3.6056	-0.000232	0.000232	2.5	2.5981	1.3152
9	4	-3.7e-05	3.7e-05	2	-3.4641	1.3152
9	4	-3.7e-05	3.7e-05	-2	3.4641	1.3152
9	4	-3.7e-05	3.7e-05	-4	0	1.3152
9	4	-3.7e-05	3.7e-05	4	0	1.3152
9	4	-3.7e-05	3.7e-05	-2	-3.4641	1.3152
9	4	-3.7e-05	3.7e-05	2	3.4641	1.3152
10	4.3589	2.5e-05	2.5e-05	-3.5	2.5981	1.3152
10	4.3589	2.5e-05	2.5e-05	3.5	-2.5981	1.3152
10	4.3589	2.5e-05	2.5e-05	-4	1.7321	1.3152
10	4.3589	2.5e-05	2.5e-05	4	-1.7321	1.3152
10	4.3589	2.5e-05	2.5e-05	0.5	-4.3301	1.3152
10	4.3589	2.5e-05	2.5e-05	-0.5	4.3301	1.3152
10	4.3589	2.5e-05	2.5e-05	-0.5	-4.3301	1.3152
10	4.3589	2.5e-05	2.5e-05	0.5	4.3301	1.3152
10	4.3589	2.5e-05	2.5e-05	-4	-1.7321	1.3152
10	4.3589	2.5e-05	2.5e-05	4	1.7321	1.3152
10	4.3589	2.5e-05	2.5e-05	-3.5	-2.5981	1.3152
10	4.3589	2.5e-05	2.5e-05	3.5	2.5981	1.3152
11	4.5826	7.1e-05	7.1e-05	-3	3.4641	1.3152
11	4.5826	7.1e-05	7.1e-05	3	-3.4641	1.3152
11	4.5826	7.1e-05	7.1e-05	1.5	-4.3301	1.3152
11	4.5826	7.1e-05	7.1e-05	-1.5	4.3301	1.3152
11	4.5826	7.1e-05	7.1e-05	-4.5	0.86603	1.3152
11	4.5826	7.1e-05	7.1e-05	4.5	-0.86603	1.3152
11	4.5826	7.1e-05	7.1e-05	-4.5	-0.86603	1.3152
11	4.5826	7.1e-05	7.1e-05	4.5	0.86603	1.3152
11	4.5826	7.1e-05	7.1e-05	-1.5	-4.3301	1.3152
11	4.5826	7.1e-05	7.1e-05	1.5	4.3301	1.3152
11	4.5826	7.1e-05	7.1e-05	-3	-3.4641	1.3152
11	4.5826	7.1e-05	7.1e-05	3	3.4641	1.3152
12	5	-0.000257	0.000257	2.5	-4.3301	1.3152
12	5	-0.000257	0.000257	-2.5	4.3301	1.3152
12	5	-0.000257	0.000257	-5	0	1.3152
12	5	-0.000257	0.000257	5	0	1.3152
12	5	-0.000257	0.000257	-2.5	-4.3301	1.3152
12	5	-0.000257	0.000257	2.5	4.3301	1.3152
13	5.1962	-5e-05	5e-05	-4.5	2.5981	1.3152
13	5.1962	-5e-05	5e-05	4.5	-2.5981	1.3152
13	5.1962	-5e-05	5e-05	-1.8512e-08	-5.1962	1.3152
13	5.1962	-5e-05	5e-05	1.8512e-08	5.1962	1.3152
13	5.1962	-5e-05	5e-05	-4.5	-2.5981	1.3152
13	5.1962	-5e-05	5e-05	4.5	2.5981	1.3152
14	5.2915	-0.000165	0.000165	-4	3.4641	1.3152
14	5.2915	-0.000165	0.000165	4	-3.4641	1.3152
14	5.2915	-0.000165	0.000165	-5	1.7321	1.3152
14	5.2915	-0.000165	0.000165	5	-1.7321	1.3152
14	5.2915	-0.000165	0.000165	1	-5.1962	1.3152
14	5.2915	-0.000165	0.000165	-1	5.1962	1.3152
14	5.2915	-0.000165	0.000165	-1	-5.1962	1.3152
14	5.2915	-0.000165	0.000165	1	5.1962	1.3152
14	5.2915	-0.000165	0.000165	-5	-1.7321	1.3152
14	5.2915	-0.000165	0.000165	5	1.7321	1.3152
14	5.2915	-0.000165	0.000165	-4	-3.4641	1.3152
14	5.2915	-0.000165	0.000165	4	3.4641	1.3152
15	5.5678	2.9e-05	2.9e-05	-3.5	4.3301	1.3152
15	5.5678	2.9e-05	2.9e-05	3.5	-4.3301	1.3152
15	5.5678	2.9e-05	2.9e-05	2	-5.1962	1.3152
15	5.5678	2.9e-05	2.9e-05	-2	5.1962	1.3152
15	5.5678	2.9e-05	2.9e-05	-5.5	0.86603	1.3152
15	5.5678	2.9e-05	2.9e-05	5.5	-0.86603	1.3152
15	5.5678	2.9e-05	2.9e-05	-5.5	-0.86603	1.3152
15	5.5678	2.9e-05	2.9e-05	5.5	0.86603	1.3152
15	5.5678	2.9e-05	2.9e-05	-2	-5.1962	1.3152
15	5.5678	2.9e-05	2.9e-05	2	5.1962	1.3152
15	5.5678	2.9e-05	2.9e-05	-3.5	-4.3301	1.3152
15	5.5678	2.9e-05	2.9e-05	3.5	4.3301	1.3152
16	6	-6.4e-05	6.4e-05	3	-5.1962	1.3152
16	6	-6.4e-05	6.4e-05	-3	5.1962	1.3152
16	6	-6.4e-05	6.4e-05	-6	0	1.3152
16	6	-6.4e-05	6.4e-05	6	0	1.3152
16	6	-6.4e-05	6.4e-05	-3	-5.1962	1.3152
16	6	-6.4e-05	6.4e-05	3	5.1962	1.3152
17	6.0828	4e-06	4e-06	-5	3.4641	1.3152
17	6.0828	4e-06	4e-06	5	-3.4641	1.3152
17	6.0828	4e-06	4e-06	-5.5	2.5981	1.3152
17	6.0828	4e-06	4e-06	5.5	-2.5981	1.3152
17	6.0828	4e-06	4e-06	0.5	-6.0622	1.3152
17	6.0828	4e-06	4e-06	-0.5	6.0622	1.3152
17	6.0828	4e-06	4e-06	-0.5	-6.0622	1.3152
17	6.0828	4e-06	4e-06	0.5	6.0622	1.3152
17	6.0828	4e-06	4e-06	-5.5	-2.5981	1.3152
17	6.0828	4e-06	4e-06	5.5	2.5981	1.3152
17	6.0828	4e-06	4e-06	-5	-3.4641	1.3152
17	6.0828	4e-06	4e-06	5	3.4641	1.3152
18	6.245	-5.2e-05	5.2e-05	-4.5	4.3301	1.3152
18	6.245	-5.2e-05	5.2e-05	4.5	-4.3301	1.3152
18	6.245	-5.2e-05	5.2e-05	-6	1.7321	1.3152
18	6.245	-5.2e-05	5.2e-05	6	-1.7321	1.3152
18	6.245	-5.2e-05	5.2e-05	1.5	-6.0622	1.3152
18	6.245	-5.2e-05	5.2e-05	-1.5	6.0622	1.3152
18	6.245	-5.2e-05	5.2e-05	-6	-1.7321	1.3152
18	6.245	-5.2e-05	5.2e-05	6	1.7321	1.3152
18	6.245	-5.2e-05	5.2e-05	-1.5	-6.0622	1.3152
18	6.245	-5.2e-05	5.2e-05	1.5	6.0622	1.3152
18	6.245	-5.2e-05	5.2e-05	-4.5	-4.3301	1.3152
18	6.245	-5.2e-05	5.2e-05	4.5	4.3301	1.3152
19	6.5574	-5e-06	5e-06	-4	5.1962	1.3152
19	6.5574	-5e-06	5e-06	4	-5.1962	1.3152
19	6.5574	-5e-06	5e-06	2.5	-6.0622	1.3152
19	6.5574	-5e-06	5e-06	-2.5	6.0622	1.3152
19	6.5574	-5e-06	5e-06	-6.5	0.86603	1.3152
19	6.5574	-5e-06	5e-06	6.5	-0.86603	1.3152
19	6.5574	-5e-06	5e-06	-6.5	-0.86603	1.3152
19	6.5574	-5e-06	5e-06	6.5	0.86603	1.3152
19	6.5574	-5e-06	5e-06	-2.5	-6.0622	1.3152
19	6.5574	-5e-06	5e-06	2.5	6.0622	1.3152
19	6.5574	-5e-06	5e-06	-4	-5.1962	1.3152
19	6.5574	-5e-06	5e-06	4	5.1962	1.3152
20	6.9282	-2.3e-05	2.3e-05	-6	3.4641	1.3152
20	6.9282	-2.3e-05	2.3e-05	6	-3.4641	1.3152
20	6.9282	-2.3e-05	2.3e-05	-2.4682e-08	-6.9282	1.3152
20	6.9282	-2.3e-05	2.3e-05	2.4682e-08	6.9282	1.3152
20	6.9282	-2.3e-05	2.3e-05	-6	-3.4641	1.3152
20	6.9282	-2.3e-05	2.3e-05	6	3.4641	1.3152
21	7	-5.1e-05	5.1e-05	3.5	-6.0622	1.3152
21	7	-5.1e-05	5.1e-05	-3.5	6.0622	1.3152
21	7	-5.1e-05	5.1e-05	-7	0	1.3152
21	7	-5.1e-05	5.1e-05	7	0	1.3152
21	7	-5.1e-05	5.1e-05	-3.5	-6.0622	1.3152
21	7	-5.1e-05	5.1e-05	3.5	6.0622	1.3152
21	7	-1e-06	1e-06	-5.5	4.3301	1.3152
21	7	-1e-06	1e-06	5.5	-4.3301	1.3152
21	7	-1e-06	1e-06	-6.5	2.5981	1.3152
21	7	-1e-06	1e-06	6.5	-2.5981	1.3152
21	7	-1e-06	1e-06	1	-6.9282	1.3152
21	7	-1e-06	1e-06	-1	6.9282	1.3152
21	7	-1e-06	1e-06	-1	-6.9282	1.3152
21	7	-1e-06	1e-06	1	6.9282	1.3152
21	7	-1e-06	1e-06	-6.5	-2.5981	1.3152
21	7	-1e-06	1e-06	6.5	2.5981	1.3152
21	7	-1e-06	1e-06	-5.5	-4.3301	1.3152
21	7	-1e-06	1e-06	5.5	4.3301	1.3152
22	7.2111	1e-06	1e-06	-5	5.1962	1.3152
22	7.2111	1e-06	1e-06	5	-5.1962	1.3152
22	7.2111	1e-06	1e-06	-7	1.7321	1.3152
22	7.2111	1e-06	1e-06	7	-1.7321	1.3152
22	7.2111	1e-06	1e-06	2	-6.9282	1.3152
22	7.2111	1e-06	1e-06	-2	6.9282	1.3152
22	7.2111	1e-06	1e-06	-7	-1.7321	1.3152
22	7.2111	1e-06	1e-06	7	1.7321	1.3152
22	7.2111	1e-06	1e-06	-2	-6.9282	1.3152
22	7.2111	1e-06	1e-06	2	6.9282	1.3152
22	7.2111	1e-06	1e-06	-5	-5.1962	1.3152
22	7.2111	1e-06	1e-06	5	5.1962	1.3152
23	7.5498	2e-06	2e-06	-4.5	6.0622	1.3152
23	7.5498	2e-06	2e-06	4.5	-6.0622	1.3152
23	7.5498	2e-06	2e-06	3	-6.9282	1.3152
23	7.5498	2e-06	2e-06	-3	6.9282	1.3152
23	7.5498	2e-06	2e-06	-7.5	0.86603	1.3152
23	7.5498	2e-06	2e-06	7.5	-0.86603	1.3152
23	7.5498	2e-06	2e-06	-7.5	-0.86603	1.3152
23	7.5498	2e-06	2e-06	7.5	0.86603	1.3152
23	7.5498	2e-06	2e-06	-3	-6.9282	1.3152
23	7.5498	2e-06	2e-06	3	6.9282	1.3152
23	7.5498	2e-06	2e-06	-4.5	-6.0622	1.3152
23	7.5498	2e-06	2e-06	4.5	6.0622	1.3152
24	7.8102	-2.9e-05	2.9e-05	-6.5	4.3301	1.3152
24	7.8102	-2.9e-05	2.9e-05	6.5	-4.3301	1.3152
24	7.8102	-2.9e-05	2.9e-05	-7	3.4641	1.3152
24	7.8102	-2.9e-05	2.9e-05	7	-3.4641	1.3152
24	7.8102	-2.9e-05	2.9e-05	0.5	-7.7942	1.3152
24	7.8102	-2.9e-05	2.9e-05	-0.5	7.7942	1.3152
24	7.8102	-2.9e-05	2.9e-05	-0.5	-7.7942	1.3152
24	7.8102	-2.9e-05	2.9e-05	0.5	7.7942	1.3152
24	7.8102	-2.9e-05	2.9e-05	-7	-3.4641	1.3152
24	7.8102	-2.9e-05	2.9e-05	7	3.4641	1.3152
24	7.8102	-2.9e-05	2.9e-05	-6.5	-4.3301	1.3152
24	7.8102	-2.9e-05	2.9e-05	6.5	4.3301	1.3152
25	7.9373	-1.6e-05	1.6e-05	-6	5.1962	1.3152
25	7.9373	-1.6e-05	1.6e-05	6	-5.1962	1.3152
25	7.9373	-1.6e-05	1.6e-05	-7.5	2.5981	1.3152
25	7.9373	-1.6e-05	1.6e-05	7.5	-2.5981	1.3152
25	7.9373	-1.6e-05	1.6e-05	1.5	-7.7942	1.3152
25	7.9373	-1.6e-05	1.6e-05	-1.5	7.7942	1.3152
25	7.9373	-1.6e-05	1.6e-05	-1.5	-7.7942	1.3152
25	7.9373	-1.6e-05	1.6e-05	1.5	7.7942	1.3152
25	7.9373	-1.6e-05	1.6e-05	-7.5	-2.5981	1.3152
25	7.9373	-1.6e-05	1.6e-05	7.5	2.5981	1.3152
25	7.9373	-1.6e-05	1.6e-05	-6	-5.1962	1.3152
25	7.9373	-1.6e-05	1.6e-05	6	5.1962	1.3152
26	8	0	0	4	-6.9282	1.3152
26	8	0	0	-4	6.9282	1.3152
26	8	0	0	-8	0	1.3152
26	8	0	0	8	0	1.3152
26	8	0	0	-4	-6.9282	1.3152
26	8	0	0	4	6.9282	1.3152
27	8.1854	-1.8e-05	1.8e-05	-5.5	6.0622	1.3152
27	8.1854	-1.8e-05	1.8e-05	5.5	-6.0622	1.3152
27	8.1854	-1.8e-05	1.8e-05	2.5	-7.7942	1.3152
27	8.1854	-1.8e-05	1.8e-05	-2.5	7.7942	1.3152
27	8.1854	-1.8e-05	1.8e-05	-8	1.7321	1.3152
27	8.1854	-1.8e-05	1.8e-05	8	-1.7321	1.3152
27	8.1854	-1.8e-05	1.8e-05	-8	-1.7321	1.3152
27	8.1854	-1.8e-05	1.8e-05	8	1.7321	1.3152
27	8.1854	-1.8e-05	1.8e-05	-2.5	-7.7942	1.3152
27	8.1854	-1.8e-05	1.8e-05	2.5	7.7942	1.3152
27	8.1854	-1.8e-05	1.8e-05	-5.5	-6.0622	1.3152
27	8.1854	-1.8e-05	1.8e-05	5.5	6.0622	1.3152
28	8.544	8e-06	8e-06	-5	6.9282	1.3152
28	8.544	8e-06	8e-06	5	-6.9282	1.3152
28	8.544	8e-06	8e-06	3.5	-7.7942	1.3152
28	8.544	8e-06	8e-06	-3.5	7.7942	1.3152
28	8.544	8e-06	8e-06	-8.5	0.86603	1.3152
28	8.544	8e-06	8e-06	8.5	-0.86603	1.3152
28	8.544	8e-06	8e-06	-8.5	-0.86603	1.3152
28	8.544	8e-06	8e-06	8.5	0.86603	1.3152
28	8.544	8e-06	8e-06	-3.5	-7.7942	1.3152
28	8.544	8e-06	8e-06	3.5	7.7942	1.3152
28	8.544	8e-06	8e-06	-5	-6.9282	1.3152
28	8.544	8e-06	8e-06	5	6.9282	1.3152
29	8.6603	-2e-06	2e-06	-7.5	4.3301	1.3152
29	8.6603	-2e-06	2e-06	7.5	-4.3301	1.3152
29	8.6603	-2e-06	2e-06	-3.0853e-08	-8.6603	1.3152
29	8.6603	-2e-06	2e-06	3.0853e-08	8.6603	1.3152
29	8.6603	-2e-06	2e-06	-7.5	-4.3301	1.3152
29	8.6603	-2e-06	2e-06	7.5	4.3301	1.3152
30	8.7178	-2.2e-05	2.2e-05	-7	5.1962	1.3152
30	8.7178	-2.2e-05	2.2e-05	7	-5.1962	1.3152
30	8.7178	-2.2e-05	2.2e-05	-8	3.4641	1.3152
30	8.7178	-2.2e-05	2.2e-05	8	-3.4641	1.3152
30	8.7178	-2.2e-05	2.2e-05	1	-8.6603	1.3152
30	8.7178	-2.2e-05	2.2e-05	-1	8.6603	1.3152
30	8.7178	-2.2e-05	2.2e-05	-1	-8.6603	1.3152
30	8.7178	-2.2e-05	2.2e-05	1	8.6603	1.3152
30	8.7178	-2.2e-05	2.2e-05	-8	-3.4641	1.3152
30	8.7178	-2.2e-05	2.2e-05	8	3.4641	1.3152
30	8.7178	-2.2e-05	2.2e-05	-7	-5.1962	1.3152
30	8.7178	-2.2e-05	2.2e-05	7	5.1962	1.3152
31	8.8882	1.9e-05	1.9e-05	-6.5	6.0622	1.3152
31	8.8882	1.9e-05	1.9e-05	-2	-8.6603	1.3152
31	8.8882	1.9e-05	1.9e-05	6.5	6.0622	1.3152
31	8.8882	1.8e-05	1.8e-05	6.5	-6.0622	1.3152
31	8.8882	1.8e-05	1.8e-05	-8.5	2.5981	1.3152
31	8.8882	1.8e-05	1.8e-05	8.5	-2.5981	1.3152
31	8.8882	1.8e-05	1.8e-05	2	-8.6603	1.3152
31	8.8882	1.8e-05	1.8e-05	-2	8.6603	1.3152
31	8.8882	1.8e-05	1.8e-05	2	8.6603	1.3152
31	8.8882	1.8e-05	1.8e-05	-8.5	-2.5981	1.3152
31	8.8882	1.8e-05	1.8e-05	8.5	2.5981	1.3152
31	8.8882	1.8e-05	1.8e-05	-6.5	-6.0622	1.3152
32	9	8e-06	8e-06	4.5	-7.7942	1.3152
32	9	8e-06	8e-06	-4.5	7.7942	1.3152
32	9	8e-06	8e-06	-9	0	1.3152
32	9	8e-06	8e-06	9	0	1.3152
32	9	8e-06	8e-06	-4.5	-7.7942	1.3152
32	9	8e-06	8e-06	4.5	7.7942	1.3152
33	9.1652	-8e-06	8e-06	-6	6.9282	1.3152
33	9.1652	-8e-06	8e-06	6	-6.9282	1.3152
33	9.1652	-8e-06	8e-06	3	-8.6603	1.3152
33	9.1652	-8e-06	8e-06	-3	8.6603	1.3152
33	9.1652	-8e-06	8e-06	-9	1.7321	1.3152
33	9.1652	-8e-06	8e-06	9	-1.7321	1.3152
33	9.1652	-8e-06	8e-06	-9	-1.7321	1.3152
33	9.1652	-8e-06	8e-06	9	1.7321	1.3152
33	9.1652	-8e-06	8e-06	-3	-8.6603	1.3152
33	9.1652	-8e-06	8e-06	3	8.6603	1.3152
33	9.1652	-8e-06	8e-06	-6	-6.9282	1.3152
33	9.1652	-8e-06	8e-06	6	6.9282	1.3152
34	9.5394	1.4e-05	1.4e-05	-5.5	7.7942	1.3152
34	9.5394	1.4e-05	1.4e-05	5.5	-7.7942	1.3152
34	9.5394	1.4e-05	1.4e-05	4	-8.6603	1.3152
34	9.5394	1.4e-05	1.4e-05	-4	8.6603	1.3152
34	9.5394	1.4e-05	1.4e-05	-9.5	0.86603	1.3152
34	9.5394	1.4e-05	1.4e-05	9.5	-0.86603	1.3152
34	9.5394	1.4e-05	1.4e-05	-9.5	-0.86603	1.3152
34	9.5394	1.4e-05	1.4e-05	9.5	0.86603	1.3152
34	9.5394	1.4e-05	1.4e-05	-4	-8.6603	1.3152
34	9.5394	1.4e-05	1.4e-05	4	8.6603	1.3152
34	9.5394	1.4e-05	1.4e-05	-5.5	-7.7942	1.3152
34	9.5394	1.4e-05	1.4e-05	5.5	7.7942	1.3152
34	9.5394	2e-06	2e-06	-8	5.1962	1.3152
34	9.5394	2e-06	2e-06	8	-5.1962	1.3152
34	9.5394	2e-06	2e-06	-8.5	4.3301	1.3152
34	9.5394	2e-06	2e-06	8.5	-4.3301	1.3152
34	9.5394	2e-06	2e-06	0.5	-9.5263	1.3152
34	9.5394	2e-06	2e-06	-0.5	9.5263	1.3152
34	9.5394	2e-06	2e-06	-0.5	-9.5263	1.3152
34	9.5394	2e-06	2e-06	0.5	9.5263	1.3152
34	9.5394	2e-06	2e-06	-8.5	-4.3301	1.3152
34	9.5394	2e-06	2e-06	8.5	4.3301	1.3152
34	9.5394	2e-06	2e-06	-8	-5.1962	1.3152
34	9.5394	2e-06	2e-06	8	5.1962	1.3152
35	9.6437	1e-05	1e-05	-7.5	6.0622	1.3152
35	9.6437	1e-05	1e-05	7.5	-6.0622	1.3152
35	9.6437	1e-05	1e-05	-9	3.4641	1.3152
35	9.6437	1e-05	1e-05	9	-3.4641	1.3152
35	9.6437	1e-05	1e-05	1.5	-9.5263	1.3152
35	9.6437	1e-05	1e-05	-1.5	9.5263	1.3152
35	9.6437	1e-05	1e-05	-1.5	-9.5263	1.3152
35	9.6437	1e-05	1e-05	1.5	9.5263	1.3152
35	9.6437	1e-05	1e-05	-9	-3.4641	1.3152
35	9.6437	1e-05	1e-05	9	3.4641	1.3152
35	9.6437	1e-05	1e-05	-7.5	-6.0622	1.3152
35	9.6437	1e-05	1e-05	7.5	6.0622	1.3152
36	9.8489	1e-06	1e-06	-7	6.9282	1.3152
36	9.8489	1e-06	1e-06	7	-6.9282	1.3152
36	9.8489	1e-06	1e-06	-9.5	2.5981	1.3152
36	9.8489	1e-06	1e-06	9.5	-2.5981	1.3152
36	9.8489	1e-06	1e-06	2.5	-9.5263	1.3152
36	9.8489	1e-06	1e-06	-2.5	9.5263	1.3152
36	9.8489	1e-06	1e-06	-9.5	-2.5981	1.3152
36	9.8489	1e-06	1e-06	9.5	2.5981	1.3152
36	9.8489	1e-06	1e-06	-2.5	-9.5263	1.3152
36	9.8489	1e-06	1e-06	2.5	9.5263	1.3152
36	9.8489	1e-06	1e-06	-7	-6.9282	1.3152
36	9.8489	1e-06	1e-06	7	6.9282	1.3152
37	10	1e-06	1e-06	5	-8.6603	1.3152
37	10	1e-06	1e-06	-5	8.6603	1.3152
37	10	1e-06	1e-06	-10	0	1.3152
37	10	1e-06	1e-06	10	0	1.3152
37	10	1e-06	1e-06	-5	-8.6603	1.3152
37	10	1e-06	1e-06	5	8.6603	1.3152
38	10.149	1.7e-05	1.7e-05	-6.5	7.7942	1.3152
38	10.149	1.7e-05	1.7e-05	6.5	-7.7942	1.3152
38	10.149	1.7e-05	1.7e-05	3.5	-9.5263	1.3152
38	10.149	1.7e-05	1.7e-05	-3.5	9.5263	1.3152
38	10.149	1.7e-05	1.7e-05	-10	1.7321	1.3152
38	10.149	1.7e-05	1.7e-05	10	-1.7321	1.3152
38	10.149	1.7e-05	1.7e-05	-10	-1.7321	1.3152
38	10.149	1.7e-05	1.7e-05	10	1.7321	1.3152
38	10.149	1.7e-05	1.7e-05	-3.5	-9.5263	1.3152
38	10.149	1.7e-05	1.7e-05	3.5	9.5263	1.3152
38	10.149	1.7e-05	1.7e-05	-6.5	-7.7942	1.3152
38	10.149	1.7e-05	1.7e-05	6.5	7.7942	1.3152
39	10.392	-2e-05	2e-05	-9	5.1962	1.3152
39	10.392	-2e-05	2e-05	9	-5.1962	1.3152
39	10.392	-2e-05	2e-05	-3.7024e-08	-10.392	1.3152
39	10.392	-2e-05	2e-05	3.7024e-08	10.392	1.3152
39	10.392	-2e-05	2e-05	-9	-5.1962	1.3152
39	10.392	-2e-05	2e-05	9	5.1962	1.3152
40	10.44	0	0	-8.5	6.0622	1.3152
40	10.44	0	0	8.5	-6.0622	1.3152
40	10.44	0	0	-9.5	4.3301	1.3152
40	10.44	0	0	9.5	-4.3301	1.3152
40	10.44	0	0	1	-10.392	1.3152
40	10.44	0	0	-1	10.392	1.3152
40	10.44	0	0	-1	-10.392	1.3152
40	10.44	0	0	1	10.392	1.3152
40	10.44	0	0	-9.5	-4.3301	1.3152
40	10.44	0	0	9.5	4.3301	1.3152
40	10.44	0	0	-8.5	-6.0622	1.3152
40	10.44	0	0	8.5	6.0622	1.3152
41	10.536	1e-06	1e-06	-6	8.6603	1.3152
41	10.536	1e-06	1e-06	6	-8.6603	1.3152
41	10.536	1e-06	1e-06	4.5	-9.5263	1.3152
41	10.536	1e-06	1e-06	-4.5	9.5263	1.3152
41	10.536	1e-06	1e-06	-10.5	0.86603	1.3152
41	10.536	1e-06	1e-06	10.5	-0.86603	1.3152
41	10.536	1e-06	1e-06	-10.5	-0.86603	1.3152
41	10.536	1e-06	1e-06	10.5	0.86603	1.3152
41	10.536	1e-06	1e-06	-4.5	-9.5263	1.3152
41	10.536	1e-06	1e-06	4.5	9.5263	1.3152
41	10.536	1e-06	1e-06	-6	-8.6603	1.3152
41	10.536	1e-06	1e-06	6	8.6603	1.3152
42	10.583	-1e-05	1e-05	-8	6.9282	1.3152
42	10.583	-1e-05	1e-05	8	-6.9282	1.3152
42	10.583	-1e-05	1e-05	-10	3.4641	1.3152
42	10.583	-1e-05	1e-05	10	-3.4641	1.3152
42	10.583	-1e-05	1e-05	2	-10.392	1.3152
42	10.583	-1e-05	1e-05	-2	10.392	1.3152
42	10.583	-1e-05	1e-05	-2	-10.392	1.3152
42	10.583	-1e-05	1e-05	2	10.392	1.3152
42	10.583	-1e-05	1e-05	-10	-3.4641	1.3152
42	10.583	-1e-05	1e-05	10	3.4641	1.3152
42	10.583	-1e-05	1e-05	-8	-6.9282	1.3152
42	10.583	-1e-05	1e-05	8	6.9282	1.3152
43	10.817	2e-06	2e-06	-7.5	7.7942	1.3152
43	10.817	2e-06	2e-06	7.5	-7.7942	1.3152
43	10.817	2e-06	2e-06	-10.5	2.5981	1.3152
43	10.817	2e-06	2e-06	10.5	-2.5981	1.3152
43	10.817	2e-06	2e-06	3	-10.392	1.3152
43	10.817	2e-06	2e-06	-3	10.392	1.3152
43	10.817	2e-06	2e-06	-10.5	-2.5981	1.3152
43	10.817	2e-06	2e-06	10.5	2.5981	1.3152
43	10.817	2e-06	2e-06	-3	-10.392	1.3152
43	10.817	2e-06	2e-06	3	10.392	1.3152
43	10.817	2e-06	2e-06	-7.5	-7.7942	1.3152
43	10.817	2e-06	2e-06	7.5	7.7942	1.3152
44	11	7e-06	7e-06	5.5	-9.5263	1.3152
44	11	7e-06	7e-06	-5.5	9.5263	1.3152
44	11	7e-06	7e-06	-11	0	1.3152
44	11	7e-06	7e-06	11	0	1.3152
44	11	7e-06	7e-06	-5.5	-9.5263	1.3152
44	11	7e-06	7e-06	5.5	9.5263	1.3152
45	11.136	-6e-06	6e-06	-7	8.6603	1.3152
45	11.136	-6e-06	6e-06	7	-8.6603	1.3152
45	11.136	-6e-06	6e-06	4	-10.392	1.3152
45	11.136	-6e-06	6e-06	-4	10.392	1.3152
45	11.136	-6e-06	6e-06	-11	1.7321	1.3152
45	11.136	-6e-06	6e-06	11	-1.7321	1.3152
45	11.136	-6e-06	6e-06	-11	-1.7321	1.3152
45	11.136	-6e-06	6e-06	11	1.7321	1.3152
45	11.136	-6e-06	6e-06	-4	-10.392	1.3152
45	11.136	-6e-06	6e-06	4	10.392	1.3152
45	11.136	-6e-06	6e-06	-7	-8.6603	1.3152
45	11.136	-6e-06	6e-06	7	8.6603	1.3152
46	11.269	1.9e-05	1.9e-05	-9.5	6.0622	1.3152
46	11.269	1.9e-05	1.9e-05	9.5	-6.0622	1.3152
46	11.269	1.9e-05	1.9e-05	-10	5.1962	1.3152
46	11.269	1.9e-05	1.9e-05	10	-5.1962	1.3152
46	11.269	1.9e-05	1.9e-05	0.5	-11.258	1.3152
46	11.269	1.9e-05	1.9e-05	-0.5	11.258	1.3152
46	11.269	1.9e-05	1.9e-05	-0.5	-11.258	1.3152
46	11.269	1.9e-05	1.9e-05	0.5	11.258	1.3152
46	11.269	1.9e-05	1.9e-05	-10	-5.1962	1.3152
46	11.269	1.9e-05	1.9e-05	10	5.1962	1.3152
46	11.269	1.9e-05	1.9e-05	-9.5	-6.0622	1.3152
46	11.269	1.9e-05	1.9e-05	9.5	6.0622	1.3152
47	11.358	1e-05	1e-05	-9	6.9282	1.3152
47	11.358	1e-05	1e-05	9	-6.9282	1.3152
47	11.358	1e-05	1e-05	-10.5	4.3301	1.3152
47	11.358	1e-05	1e-05	10.5	-4.3301	1.3152
47	11.358	1e-05	1e-05	1.5	-11.258	1.3152
47	11.358	1e-05	1e-05	-1.5	11.258	1.3152
47	11.358	1e-05	1e-05	-1.5	-11.258	1.3152
47	11.358	1e-05	1e-05	1.5	11.258	1.3152
47	11.358	1e-05	1e-05	-10.5	-4.3301	1.3152
47	11.358	1e-05	1e-05	10.5	4.3301	1.3152
47	11.358	1e-05	1e-05	-9	-6.9282	1.3152
47	11.358	1e-05	1e-05	9	6.9282	1.3152
48	11.533	1.3e-05	1.3e-05	-8.5	7.7942	1.3152
48	11.533	1.3e-05	1.3e-05	8.5	-7.7942	1.3152
48	11.533	1.3e-05	1.3e-05	-11	3.4641	1.3152
48	11.533	1.3e-05	1.3e-05	11	-3.4641	1.3152
48	11.533	1.3e-05	1.3e-05	2.5	-11.258	1.3152
48	11.533	1.3e-05	1.3e-05	-2.5	11.258	1.3152
48	11.533	1.3e-05	1.3e-05	-2.5	-11.258	1.3152
48	11.533	1.3e-05	1.3e-05	2.5	11.258	1.3152
48	11.533	1.3e-05	1.3e-05	-11	-3.4641	1.3152
48	11.533	1.3e-05	1.3e-05	11	3.4641	1.3152
48	11.533	1.3e-05	1.3e-05	-8.5	-7.7942	1.3152
48	11.533	1.3e-05	1.3e-05	8.5	7.7942	1.3152
48	11.533	0	0	-6.5	9.5263	1.3152
48	11.533	0	0	6.5	-9.5263	1.3152
48	11.533	0	0	5	-10.392	1.3152
48	11.533	0	0	-5	10.392	1.3152
48	11.533	0	0	-11.5	0.86603	1.3152
48	11.533	0	0	11.5	-0.86603	1.3152
48	11.533	0	0	-11.5	-0.86603	1.3152
48	11.533	0	0	11.5	0.86603	1.3152
48	11.533	0	0	-5	-10.392	1.3152
48	11.533	0	0	5	10.392	1.3152
48	11.533	0	0	-6.5	-9.5263	1.3152
48	11.533	0	0	6.5	9.5263	1.3152
49	11.79	-3e-06	3e-06	-8	8.6603	1.3152
49	11.79	-3e-06	3e-06	8	-8.6603	1.3152
49	11.79	-3e-06	3e-06	3.5	-11.258	1.3152
49	11.79	-3e-06	3e-06	-3.5	11.258	1.3152
49	11.79	-3e-06	3e-06	-11.5	2.5981	1.3152
49	11.79	-3e-06	3e-06	11.5	-2.5981	1.3152
49	11.79	-3e-06	3e-06	-11.5	-2.5981	1.3152
49	11.79	-3e-06	3e-06	11.5	2.5981	1.3152
49	11.79	-3e-06	3e-06	-3.5	-11.258	1.3152
49	11.79	-3e-06	3e-06	3.5	11.258	1.3152
49	11.79	-3e-06	3e-06	-8	-8.6603	1.3152
49	11.79	-3e-06	3e-06	8	8.6603	1.3152
50	12	-3e-06	3e-06	6	-10.392	1.3152
50	12	-3e-06	3e-06	-6	10.392	1.3152
50	12	-3e-06	3e-06	-12	0	1.3152
50	12	-3e-06	3e-06	12	0	1.3152
50	12	-3e-06	3e-06	-6	-10.392	1.3152
50	12	-3e-06	3e-06	6	10.392	1.3152
51	12.124	-1e-05	1e-05	-10.5	6.0622	1.3152
51	12.124	-1e-05	1e-05	10.5	-6.0622	1.3152
51	12.124	-1e-05	1e-05	-4.3194e-08	-12.124	1.3152
51	12.124	-1e-05	1e-05	4.3194e-08	12.124	1.3152
51	12.124	-1e-05	1e-05	-10.5	-6.0622	1.3152
51	12.124	-1e-05	1e-05	10.5	6.0622	1.3152
51	12.124	1e-06	1e-06	-7.5	9.5263	1.3152
51	12.124	1e-06	1e-06	7.5	-9.5263	1.3152
51	12.124	1e-06	1e-06	4.5	-11.258	1.3152
51	12.124	1e-06	1e-06	-4.5	11.258	1.3152
51	12.124	1e-06	1e-06	-12	1.7321	1.3152
51	12.124	1e-06	1e-06	12	-1.7321	1.3152
51	12.124	1e-06	1e-06	-12	-1.7321	1.3152
51	12.124	1e-06	1e-06	12	1.7321	1.3152
51	12.124	1e-06	1e-06	-4.5	-11.258	1.3152
51	12.124	1e-06	1e-06	4.5	11.258	1.3152
51	12.124	1e-06	1e-06	-7.5	-9.5263	1.3152
51	12.124	1e-06	1e-06	7.5	9.5263	1.3152
52	12.166	-7e-06	7e-06	-10	6.9282	1.3152
52	12.166	-7e-06	7e-06	10	-6.9282	1.3152
52	12.166	-7e-06	7e-06	-11	5.1962	1.3152
52	12.166	-7e-06	7e-06	11	-5.1962	1.3152
52	12.166	-7e-06	7e-06	1	-12.124	1.3152
52	12.166	-7e-06	7e-06	-1	12.124	1.3152
52	12.166	-7e-06	7e-06	-1	-12.124	1.3152
52	12.166	-7e-06	7e-06	1	12.124	1.3152
52	12.166	-7e-06	7e-06	-11	-5.1962	1.3152
52	12.166	-7e-06	7e-06	11	5.1962	1.3152
52	12.166	-7e-06	7e-06	-10	-6.9282	1.3152
52	12.166	-7e-06	7e-06	10	6.9282	1.3152
53	12.288	-4e-06	4e-06	-9.5	7.7942	1.3152
53	12.288	-4e-06	4e-06	9.5	-7.7942	1.3152
53	12.288	-4e-06	4e-06	-11.5	4.3301	1.3152
53	12.288	-4e-06	4e-06	11.5	-4.3301	1.3152
53	12.288	-4e-06	4e-06	2	-12.124	1.3152
53	12.288	-4e-06	4e-06	-2	12.124	1.3152
53	12.288	-4e-06	4e-06	-2	-12.124	1.3152
53	12.288	-4e-06	4e-06	2	12.124	1.3152
53	12.288	-4e-06	4e-06	-11.5	-4.3301	1.3152
53	12.288	-4e-06	4e-06	11.5	4.3301	1.3152
53	12.288	-4e-06	4e-06	-9.5	-7.7942	1.3152
53	12.288	-4e-06	4e-06	9.5	7.7942	1.3152
54	12.49	-6e-06	6e-06	-9	8.6603	1.3152
54	12.49	-6e-06	6e-06	9	-8.6603	1.3152
54	12.49	-6e-06	6e-06	-12	3.4641	1.3152
54	12.49	-6e-06	6e-06	12	-3.4641	1.3152
54	12.49	-6e-06	6e-06	3	-12.124	1.3152
54	12.49	-6e-06	6e-06	-3	12.124	1.3152
54	12.49	-6e-06	6e-06	-12	-3.4641	1.3152
54	12.49	-6e-06	6e-06	12	3.4641	1.3152
54	12.49	-6e-06	6e-06	-3	-12.124	1.3152
54	12.49	-6e-06	6e-06	3	12.124	1.3152
54	12.49	-6e-06	6e-06	-9	-8.6603	1.3152
54	12.49	-6e-06	6e-06	9	8.6603	1.3152
55	12.53	-5e-06	5e-06	-7	10.392	1.3152
55	12.53	-5e-06	5e-06	7	-10.392	1.3152
55	12.53	-5e-06	5e-06	5.5	-11.258	1.3152
55	12.53	-5e-06	5e-06	-5.5	11.258	1.3152
55	12.53	-5e-06	5e-06	-12.5	0.86603	1.3152
55	12.53	-5e-06	5e-06	12.5	-0.86603	1.3152
55	12.53	-5e-06	5e-06	-12.5	-0.86603	1.3152
55	12.53	-5e-06	5e-06	12.5	0.86603	1.3152
55	12.53	-5e-06	5e-06	-5.5	-11.258	1.3152
55	12.53	-5e-06	5e-06	5.5	11.258	1.3152
55	12.53	-5e-06	5e-06	-7	-10.392	1.3152
55	12.53	-5e-06	5e-06	7	10.392	1.3152
56	12.767	-3e-06	3e-06	-8.5	9.5263	1.3152
56	12.767	-3e-06	3e-06	8.5	-9.5263	1.3152
56	12.767	-3e-06	3e-06	4	-12.124	1.3152
56	12.767	-3e-06	3e-06	-4	12.124	1.3152
56	12.767	-3e-06	3e-06	-12.5	2.5981	1.3152
56	12.767	-3e-06	3e-06	12.5	-2.5981	1.3152
56	12.767	-3e-06	3e-06	-12.5	-2.5981	1.3152
56	12.767	-3e-06	3e-06	12.5	2.5981	1.3152
56	12.767	-3e-06	3e-06	-4	-12.124	1.3152
56	12.767	-3e-06	3e-06	4	12.124	1.3152
56	12.767	-3e-06	3e-06	-8.5	-9.5263	1.3152
56	12.767	-3e-06	3e-06	8.5	9.5263	1.3152
57	13	5e-06	5e-06	-11	6.9282	1.3152
57	13	5e-06	5e-06	11	-6.9282	1.3152
57	13	5e-06	5e-06	-11.5	6.0622	1.3152
57	13	5e-06	5e-06	11.5	-6.0622	1.3152
57	13	5e-06	5e-06	0.5	-12.99	1.3152
57	13	5e-06	5e-06	-0.5	12.99	1.3152
57	13	5e-06	5e-06	-0.5	-12.99	1.3152
57	13	5e-06	5e-06	0.5	12.99	1.3152
57	13	5e-06	5e-06	-11.5	-6.0622	1.3152
57	13	5e-06	5e-06	11.5	6.0622	1.3152
57	13	5e-06	5e-06	-11	-6.9282	1.3152
57	13	5e-06	5e-06	11	6.9282	1.3152
57	13	-4e-06	4e-06	6.5	-11.258	1.3152
57	13	-4e-06	4e-06	-6.5	11.258	1.3152
57	13	-4e-06	4e-06	-13	0	1.3152
57	13	-4e-06	4e-06	13	0	1.3152
57	13	-4e-06	4e-06	-6.5	-11.258	1.3152
57	13	-4e-06	4e-06	6.5	11.258	1.3152
58	13.077	4e-06	4e-06	-10.5	7.7942	1.3152
58	13.077	4e-06	4e-06	10.5	-7.7942	1.3152
58	13.077	4e-06	4e-06	-12	5.1962	1.3152
58	13.077	4e-06	4e-06	12	-5.1962	1.3152
58	13.077	4e-06	4e-06	1.5	-12.99	1.3152
58	13.077	4e-06	4e-06	-1.5	12.99	1.3152
58	13.077	4e-06	4e-06	-1.5	-12.99	1.3152
58	13.077	4e-06	4e-06	1.5	12.99	1.3152
58	13.077	4e-06	4e-06	-12	-5.1962	1.3152
58	13.077	4e-06	4e-06	12	5.1962	1.3152
58	13.077	4e-06	4e-06	-10.5	-7.7942	1.3152
58	13.077	4e-06	4e-06	10.5	7.7942	1.3152
59	13.115	-3e-06	3e-06	-8	10.392	1.3152
59	13.115	-3e-06	3e-06	8	-10.392	1.3152
59	13.115	-3e-06	3e-06	5	-12.124	1.3152
59	13.115	-3e-06	3e-06	-5	12.124	1.3152
59	13.115	-3e-06	3e-06	-13	1.7321	1.3152
59	13.115	-3e-06	3e-06	13	-1.7321	1.3152
59	13.115	-3e-06	3e-06	-13	-1.7321	1.3152
59	13.115	-3e-06	3e-06	13	1.7321	1.3152
59	13.115	-3e-06	3e-06	-5	-12.124	1.3152
59	13.115	-3e-06	3e-06	5	12.124	1.3152
59	13.115	-3e-06	3e-06	-8	-10.392	1.3152
59	13.115	-3e-06	3e-06	8	10.392	1.3152
60	13.229	1e-06	1e-06	-10	8.6603	1.3152
60	13.229	1e-06	1e-06	10	-8.6603	1.3152
60	13.229	1e-06	1e-06	-12.5	4.3301	1.3152
60	13.229	1e-06	1e-06	12.5	-4.3301	1.3152
60	13.229	1e-06	1e-06	2.5	-12.99	1.3152
60	13.229	1e-06	1e-06	-2.5	12.99	1.3152
60	13.229	1e-06	1e-06	-2.5	-12.99	1.3152
60	13.229	1e-06	1e-06	2.5	12.99	1.3152
60	13.229	1e-06	1e-06	-12.5	-4.3301	1.3152
60	13.229	1e-06	1e-06	12.5	4.3301	1.3152
60	13.229	1e-06	1e-06	-10	-8.6603	1.3152
60	13.229	1e-06	1e-06	10	8.6603	1.3152
61	13.454	-3e-06	3e-06	-9.5	9.5263	1.3152
61	13.454	-3e-06	3e-06	9.5	-9.5263	1.3152
61	13.454	-3e-06	3e-06	-13	3.4641	1.3152
61	13.454	-3e-06	3e-06	13	-3.4641	1.3152
61	13.454	-3e-06	3e-06	3.5	-12.99	1.3152
61	13.454	-3e-06	3e-06	-3.5	12.99	1.3152
61	13.454	-3e-06	3e-06	-13	-3.4641	1.3152
61	13.454	-3e-06	3e-06	13	3.4641	1.3152
61	13.454	-3e-06	3e-06	-3.5	-12.99	1.3152
61	13.454	-3e-06	3e-06	3.5	12.99	1.3152
61	13.454	-3e-06	3e-06	-9.5	-9.5263	1.3152
61	13.454	-3e-06	3e-06	9.5	9.5263	1.3152
62	13.528	-1e-06	1e-06	-7.5	11.258	1.3152
62	13.528	-1e-06	1e-06	7.5	-11.258	1.3152
62	13.528	-1e-06	1e-06	6	-12.124	1.3152
62	13.528	-1e-06	1e-06	-6	12.124	1.3152
62	13.528	-1e-06	1e-06	-13.5	0.86603	1.3152
62	13.528	-1e-06	1e-06	13.5	-0.86603	1.3152
62	13.528	-1e-06	1e-06	-13.5	-0.86603	1.3152
62	13.528	-1e-06	1e-06	13.5	0.86603	1.3152
62	13.528	-1e-06	1e-06	-6	-12.124	1.3152
62	13.528	-1e-06	1e-06	6	12.124	1.3152
62	13.528	-1e-06	1e-06	-7.5	-11.258	1.3152
62	13.528	-1e-06	1e-06	7.5	11.258	1.3152
63	13.748	-4e-06	4e-06	-9	10.392	1.3152
63	13.748	-4e-06	4e-06	9	-10.392	1.3152
63	13.748	-4e-06	4e-06	4.5	-12.99	1.3152
63	13.748	-4e-06	4e-06	-4.5	12.99	1.3152
63	13.748	-4e-06	4e-06	-13.5	2.5981	1.3152
63	13.748	-4e-06	4e-06	13.5	-2.5981	1.3152
63	13.748	-4e-06	4e-06	-13.5	-2.5981	1.3152
63	13.748	-4e-06	4e-06	13.5	2.5981	1.3152
63	13.748	-4e-06	4e-06	-4.5	-12.99	1.3152
63	13.748	-4e-06	4e-06	4.5	12.99	1.3152
63	13.748	-4e-06	4e-06	-9	-10.392	1.3152
63	13.748	-4e-06	4e-06	9	10.392	1.3152
64	13.856	3e-06	3e-06	-12	6.9282	1.3152
64	13.856	3e-06	3e-06	12	-6.9282	1.3152
64	13.856	3e-06	3e-06	-4.9365e-08	-13.856	1.3152
64	13.856	3e-06	3e-06	4.9365e-08	13.856	1.3152
64	13.856	3e-06	3e-06	-12	-6.9282	1.3152
64	13.856	3e-06	3e-06	12	6.9282	1.3152
65	13.892	-4e-06	4e-06	-11.5	7.7942	1.3152
65	13.892	-4e-06	4e-06	11.5	-7.7942	1.3152
65	13.892	-4e-06	4e-06	-12.5	6.0622	1.3152
65	13.892	-4e-06	4e-06	12.5	-6.0622	1.3152
65	13.892	-4e-06	4e-06	1	-13.856	1.3152
65	13.892	-4e-06	4e-06	-1	13.856	1.3152
65	13.892	-4e-06	4e-06	-1	-13.856	1.3152
65	13.892	-4e-06	4e-06	1	13.856	1.3152
65	13.892	-4e-06	4e-06	-12.5	-6.0622	1.3152
65	13.892	-4e-06	4e-06	12.5	6.0622	1.3152
65	13.892	-4e-06	4e-06	-11.5	-7.7942	1.3152
65	13.892	-4e-06	4e-06	11.5	7.7942	1.3152
66	14	6e-06	6e-06	7	-12.124	1.3152
66	14	6e-06	6e-06	-7	12.124	1.3152
66	14	6e-06	6e-06	-14	0	1.3152
66	14	6e-06	6e-06	14	0	1.3152
66	14	6e-06	6e-06	-7	-12.124	1.3152
66	14	6e-06	6e-06	7	12.124	1.3152
66	14	1e-06	1e-06	-11	8.6603	1.3152
66	14	1e-06	1e-06	11	-8.6603	1.3152
66	14	1e-06	1e-06	-13	5.1962	1.3152
66	14	1e-06	1e-06	13	-5.1962	1.3152
66	14	1e-06	1e-06	2	-13.856	1.3152
66	14	1e-06	1e-06	-2	13.856	1.3152
66	14	1e-06	1e-06	-2	-13.856	1.3152
66	14	1e-06	1e-06	2	13.856	1.3152
66	14	1e-06	1e-06	-13	-5.1962	1.3152
66	14	1e-06	1e-06	13	5.1962	1.3152
66	14	1e-06	1e-06	-11	-8.6603	1.3152
66	14	1e-06	1e-06	11	8.6603	1.3152
67	14.107	1e-06	1e-06	-8.5	11.258	1.3152
67	14.107	1e-06	1e-06	8.5	-11.258	1.3152
67	14.107	1e-06	1e-06	5.5	-12.99	1.3152
67	14.107	1e-06	1e-06	-5.5	12.99	1.3152
67	14.107	1e-06	1e-06	-14	1.7321	1.3152
67	14.107	1e-06	1e-06	14	-1.7321	1.3152
67	14.107	1e-06	1e-06	-14	-1.7321	1.3152
67	14.107	1e-06	1e-06	14	1.7321	1.3152
67	14.107	1e-06	1e-06	-5.5	-12.99	1.3152
67	14.107	1e-06	1e-06	5.5	12.99	1.3152
67	14.107	1e-06	1e-06	-8.5	-11.258	1.3152
67	14.107	1e-06	1e-06	8.5	11.258	1.3152
68	14.177	0	0	-10.5	9.5263	1.3152
68	14.177	0	0	10.5	-9.5263	1.3152
68	14.177	0	0	-13.5	4.3301	1.3152
68	14.177	0	0	13.5	-4.3301	1.3152
68	14.177	0	0	3	-13.856	1.3152
68	14.177	0	0	-3	13.856	1.3152
68	14.177	0	0	-3	-13.856	1.3152
68	14.177	0	0	3	13.856	1.3152
68	14.177	0	0	-13.5	-4.3301	1.3152
68	14.177	0	0	13.5	4.3301	1.3152
68	14.177	0	0	-10.5	-9.5263	1.3152
68	14.177	0	0	10.5	9.5263	1.3152
69	14.422	1e-06	1e-06	-10	10.392	1.3152
69	14.422	1e-06	1e-06	10	-10.392	1.3152
69	14.422	1e-06	1e-06	-14	3.4641	1.3152
69	14.422	1e-06	1e-06	14	-3.4641	1.3152
69	14.422	1e-06	1e-06	4	-13.856	1.3152
69	14.422	1e-06	1e-06	-4	13.856	1.3152
69	14.422	1e-06	1e-06	-14	-3.4641	1.3152
69	14.422	1e-06	1e-06	14	3.4641	1.3152
69	14.422	1e-06	1e-06	-4	-13.856	1.3152
69	14.422	1e-06	1e-06	4	13.856	1.3152
69	14.422	1e-06	1e-06	-10	-10.392	1.3152
69	14.422	1e-06	1e-06	10	10.392	1.3152
70	14.526	-1e-06	1e-06	-8	12.124	1.3152
70	14.526	-1e-06	1e-06	8	-12.124	1.3152
70	14.526	-1e-06	1e-06	6.5	-12.99	1.3152
70	14.526	-1e-06	1e-06	-6.5	12.99	1.3152
70	14.526	-1e-06	1e-06	-14.5	0.86603	1.3152
70	14.526	-1e-06	1e-06	14.5	-0.86603	1.3152
70	14.526	-1e-06	1e-06	-14.5	-0.86603	1.3152
70	14.526	-1e-06	1e-06	14.5	0.86603	1.3152
70	14.526	-1e-06	1e-06	-6.5	-12.99	1.3152
70	14.526	-1e-06	1e-06	6.5	12.99	1.3152
70	14.526	-1e-06	1e-06	-8	-12.124	1.3152
70	14.526	-1e-06	1e-06	8	12.124	1.3152
71	14.731	2e-06	2e-06	-12.5	7.7942	1.3152
71	14.731	2e-06	2e-06	12.5	-7.7942	1.3152
71	14.731	2e-06	2e-06	-13	6.9282	1.3152
71	14.731	2e-06	2e-06	13	-6.9282	1.3152
71	14.731	2e-06	2e-06	0.5	-14.722	1.3152
71	14.731	2e-06	2e-06	-0.5	14.722	1.3152
71	14.731	2e-06	2e-06	-0.5	-14.722	1.3152
71	14.731	2e-06	2e-06	0.5	14.722	1.3152
71	14.731	2e-06	2e-06	-13	-6.9282	1.3152
71	14.731	2e-06	2e-06	13	6.9282	1.3152
71	14.731	2e-06	2e-06	-12.5	-7.7942	1.3152
71	14.731	2e-06	2e-06	12.5	7.7942	1.3152
71	14.731	1e-06	1e-06	-9.5	11.258	1.3152
71	14.731	1e-06	1e-06	9.5	-11.258	1.3152
71	14.731	1e-06	1e-06	5	-13.856	1.3152
71	14.731	1e-06	1e-06	-5	13.856	1.3152
71	14.731	1e-06	1e-06	-14.5	2.5981	1.3152
71	14.731	1e-06	1e-06	14.5	-2.5981	1.3152
71	14.731	1e-06	1e-06	-14.5	-2.5981	1.3152
71	14.731	1e-06	1e-06	14.5	2.5981	1.3152
71	14.731	1e-06	1e-06	-5	-13.856	1.3152
71	14.731	1e-06	1e-06	5	13.856	1.3152
71	14.731	1e-06	1e-06	-9.5	-11.258	1.3152
71	14.731	1e-06	1e-06	9.5	11.258	1.3152
72	14.799	4e-06	4e-06	-12	8.6603	1.3152
72	14.799	4e-06	4e-06	12	-8.6603	1.3152
72	14.799	4e-06	4e-06	-13.5	6.0622	1.3152
72	14.799	4e-06	4e-06	13.5	-6.0622	1.3152
72	14.799	4e-06	4e-06	1.5	-14.722	1.3152
72	14.799	4e-06	4e-06	-1.5	14.722	1.3152
72	14.799	4e-06	4e-06	-1.5	-14.722	1.3152
72	14.799	4e-06	4e-06	1.5	14.722	1.3152
72	14.799	4e-06	4e-06	-13.5	-6.0622	1.3152
72	14.799	4e-06	4e-06	13.5	6.0622	1.3152
72	14.799	4e-06	4e-06	-12	-8.6603	1.3152
72	14.799	4e-06	4e-06	12	8.6603	1.3152
73	14.933	-4e-06	4e-06	-11.5	9.5263	1.3152
73	14.933	-4e-06	4e-06	11.5	-9.5263	1.3152
73	14.933	-4e-06	4e-06	-14	5.1962	1.3152
73	14.933	-4e-06	4e-06	14	-5.1962	1.3152
73	14.933	-4e-06	4e-06	2.5	-14.722	1.3152
73	14.933	-4e-06	4e-06	-2.5	14.722	1.3152
73	14.933	-4e-06	4e-06	-2.5	-14.722	1.3152
73	14.933	-4e-06	4e-06	2.5	14.722	1.3152
73	14.933	-4e-06	4e-06	-14	-5.1962	1.3152
73	14.933	-4e-06	4e-06	14	5.1962	1.3152
73	14.933	-4e-06	4e-06	-11.5	-9.5263	1.3152
73	14.933	-4e-06	4e-06	11.5	9.5263	1.3152
74	15	5e-06	5e-06	7.5	-12.99	1.3152
74	15	5e-06	5e-06	-7.5	12.99	1.3152
74	15	5e-06	5e-06	-15	0	1.3152
74	15	5e-06	5e-06	15	0	1.3152
74	15	5e-06	5e-06	-7.5	-12.99	1.3152
74	15	5e-06	5e-06	7.5	12.99	1.3152
75	15.1	0	0	-9	12.124	1.3152
75	15.1	0	0	9	-12.124	1.3152
75	15.1	0	0	6	-13.856	1.3152
75	15.1	0	0	-6	13.856	1.3152
75	15.1	0	0	-15	1.7321	1.3152
75	15.1	0	0	15	-1.7321	1.3152
75	15.1	0	0	-15	-1.7321	1.3152
75	15.1	0	0	15	1.7321	1.3152
75	15.1	0	0	-6	-13.856	1.3152
75	15.1	0	0	6	13.856	1.3152
75	15.1	0	0	-9	-12.124	1.3152
75	15.1	0	0	9	12.124	1.3152
76	15.133	-5e-06	5e-06	-11	10.392	1.3152
76	15.133	-5e-06	5e-06	11	-10.392	1.3152
76	15.133	-5e-06	5e-06	-14.5	4.3301	1.3152
76	15.133	-5e-06	5e-06	14.5	-4.3301	1.3152
76	15.133	-5e-06	5e-06	3.5	-14.722	1.3152
76	15.133	-5e-06	5e-06	-3.5	14.722	1.3152
76	15.133	-5e-06	5e-06	-14.5	-4.3301	1.3152
76	15.133	-5e-06	5e-06	14.5	4.3301	1.3152
76	15.133	-5e-06	5e-06	-3.5	-14.722	1.3152
76	15.133	-5e-06	5e-06	3.5	14.722	1.3152
76	15.133	-5e-06	5e-06	-11	-10.392	1.3152
76	15.133	-5e-06	5e-06	11	10.392	1.3152
77	15.395	0	0	-10.5	11.258	1.3152
77	15.395	0	0	10.5	-11.258	1.3152
77	15.395	0	0	4.5	-14.722	1.3152
77	15.395	0	0	-4.5	14.722	1.3152
77	15.395	0	0	-15	3.4641	1.3152
77	15.395	0	0	15	-3.4641	1.3152
77	15.395	0	0	-15	-3.4641	1.3152
77	15.395	0	0	15	3.4641	1.3152
77	15.395	0	0	-4.5	-14.722	1.3152
77	15.395	0	0	4.5	14.722	1.3152
77	15.395	0	0	-10.5	-11.258	1.3152
77	15.395	0	0	10.5	11.258	1.3152
78	15.524	2e-06	2e-06	-8.5	12.99	1.3152
78	15.524	2e-06	2e-06	8.5	-12.99	1.3152
78	15.524	2e-06	2e-06	7	-13.856	1.3152
78	15.524	2e-06	2e-06	-7	13.856	1.3152
78	15.524	2e-06	2e-06	-15.5	0.86603	1.3152
78	15.524	2e-06	2e-06	15.5	-0.86603	1.3152
78	15.524	2e-06	2e-06	-15.5	-0.86603	1.3152
78	15.524	2e-06	2e-06	15.5	0.86603	1.3152
78	15.524	2e-06	2e-06	-7	-13.856	1.3152
78	15.524	2e-06	2e-06	7	13.856	1.3152
78	15.524	2e-06	2e-06	-8.5	-12.99	1.3152
78	15.524	2e-06	2e-06	8.5	12.99	1.3152
79	15.588	-1e-06	1e-06	-13.5	7.7942	1.3152
79	15.588	-1e-06	1e-06	13.5	-7.7942	1.3152
79	15.588	-1e-06	1e-06	-5.5535e-08	-15.588	1.3152
79	15.588	-1e-06	1e-06	5.5535e-08	15.588	1.3152
79	15.588	-1e-06	1e-06	-13.5	-7.7942	1.3152
79	15.588	-1e-06	1e-06	13.5	7.7942	1.3152
80	15.62	6e-06	6e-06	-13	8.6603	1.3152
80	15.62	6e-06	6e-06	13	-8.6603	1.3152
80	15.62	6e-06	6e-06	-14	6.9282	1.3152
80	15.62	6e-06	6e-06	14	-6.9282	1.3152
80	15.62	6e-06	6e-06	1	-15.588	1.3152
80	15.62	6e-06	6e-06	-1	15.588	1.3152
80	15.62	6e-06	6e-06	-1	-15.588	1.3152
80	15.62	6e-06	6e-06	1	15.588	1.3152
80	15.62	6e-06	6e-06	-14	-6.9282	1.3152
80	15.62	6e-06	6e-06	14	6.9282	1.3152
80	15.62	6e-06	6e-06	-13	-8.6603	1.3152
80	15.62	6e-06	6e-06	13	8.6603	1.3152
81	15.716	1e-06	1e-06	-12.5	9.5263	1.3152
81	15.716	1e-06	1e-06	12.5	-9.5263	1.3152
81	15.716	1e-06	1e-06	-10	12.124	1.3152
81	15.716	1e-06	1e-06	10	-12.124	1.3152
81	15.716	1e-06	1e-06	-14.5	6.0622	1.3152
81	15.716	1e-06	1e-06	14.5	-6.0622	1.3152
81	15.716	1e-06	1e-06	5.5	-14.722	1.3152
81	15.716	1e-06	1e-06	-5.5	14.722	1.3152
81	15.716	1e-06	1e-06	-15.5	2.5981	1.3152
81	15.716	1e-06	1e-06	15.5	-2.5981	1.3152
81	15.716	1e-06	1e-06	2	-15.588	1.3152
81	15.716	1e-06	1e-06	-2	15.588	1.3152
81	15.716	1e-06	1e-06	-15.5	-2.5981	1.3152
81	15.716	1e-06	1e-06	15.5	2.5981	1.3152
81	15.716	1e-06	1e-06	-2	-15.588	1.3152
81	15.716	1e-06	1e-06	2	15.588	1.3152
81	15.716	1e-06	1e-06	-14.5	-6.0622	1.3152
81	15.716	1e-06	1e-06	14.5	6.0622	1.3152
81	15.716	1e-06	1e-06	-5.5	-14.722	1.3152
81	15.716	1e-06	1e-06	5.5	14.722	1.3152
81	15.716	1e-06	1e-06	-12.5	-9.5263	1.3152
81	15.716	1e-06	1e-06	12.5	9.5263	1.3152
81	15.716	1e-06	1e-06	-10	-12.124	1.3152
81	15.716	1e-06	1e-06	10	12.124	1.3152
82	15.875	3e-06	3e-06	-12	10.392	1.3152
82	15.875	3e-06	3e-06	12	-10.392	1.3152
82	15.875	3e-06	3e-06	-15	5.1962	1.3152
82	15.875	3e-06	3e-06	15	-5.1962	1.3152
82	15.875	3e-06	3e-06	3	-15.588	1.3152
82	15.875	3e-06	3e-06	-3	15.588	1.3152
82	15.875	3e-06	3e-06	-3	-15.588	1.3152
82	15.875	3e-06	3e-06	3	15.588	1.3152
82	15.875	3e-06	3e-06	-15	-5.1962	1.3152
82	15.875	3e-06	3e-06	15	5.1962	1.3152
82	15.875	3e-06	3e-06	-12	-10.392	1.3152
82	15.875	3e-06	3e-06	12	10.392	1.3152
83	16	-2e-06	2e-06	8	-13.856	1.3152
83	16	-2e-06	2e-06	-8	13.856	1.3152
83	16	-2e-06	2e-06	-16	0	1.3152
83	16	-2e-06	2e-06	16	0	1.3152
83	16	-2e-06	2e-06	-8	-13.856	1.3152
83	16	-2e-06	2e-06	8	13.856	1.3152
84	16.093	3e-06	3e-06	-9.5	12.99	1.3152
84	16.093	3e-06	3e-06	9.5	-12.99	1.3152
84	16.093	3e-06	3e-06	6.5	-14.722	1.3152
84	16.093	3e-06	3e-06	-6.5	14.722	1.3152
84	16.093	3e-06	3e-06	-16	1.7321	1.3152
84	16.093	3e-06	3e-06	16	-1.7321	1.3152
84	16.093	3e-06	3e-06	-16	-1.7321	1.3152
84	16.093	3e-06	3e-06	16	1.7321	1.3152
84	16.093	3e-06	3e-06	-6.5	-14.722	1.3152
84	16.093	3e-06	3e-06	6.5	14.722	1.3152
84	16.093	3e-06	3e-06	-9.5	-12.99	1.3152
84	16.093	3e-06	3e-06	9.5	12.99	1.3152
84	16.093	1e-06	1e-06	-11.5	11.258	1.3152
84	16.093	1e-06	1e-06	11.5	-11.258	1.3152
84	16.093	1e-06	1e-06	-15.5	4.3301	1.3152
84	16.093	1e-06	1e-06	15.5	-4.3301	1.3152
84	16.093	1e-06	1e-06	4	-15.588	1.3152
84	16.093	1e-06	1e-06	-4	15.588	1.3152
84	16.093	1e-06	1e-06	-15.5	-4.3301	1.3152
84	16.093	1e-06	1e-06	15.5	4.3301	1.3152
84	16.093	1e-06	1e-06	-4	-15.588	1.3152
84	16.093	1e-06	1e-06	4	15.588	1.3152
84	16.093	1e-06	1e-06	-11.5	-11.258	1.3152
84	16.093	1e-06	1e-06	11.5	11.258	1.3152
85	16.371	0	0	-11	12.124	1.3152
85	16.371	0	0	11	-12.124	1.3152
85	16.371	0	0	5	-15.588	1.3152
85	16.371	0	0	-5	15.588	1.3152
85	16.371	0	0	-16	3.4641	1.3152
85	16.371	0	0	16	-3.4641	1.3152
85	16.371	0	0	-16	-3.4641	1.3152
85	16.371	0	0	16	3.4641	1.3152
85	16.371	0	0	-5	-15.588	1.3152
85	16.371	0	0	5	15.588	1.3152
85	16.371	0	0	-11	-12.124	1.3152
85	16.371	0	0	11	12.124	1.3152
86	16.462	-2e-06	2e-06	-14	8.6603	1.3152
86	16.462	-2e-06	2e-06	14	-8.6603	1.3152
86	16.462	-2e-06	2e-06	-14.5	7.7942	1.3152
86	16.462	-2e-06	2e-06	14.5	-7.7942	1.3152
86	16.462	-2e-06	2e-06	0.5	-16.454	1.3152
86	16.462	-2e-06	2e-06	-0.5	16.454	1.3152
86	16.462	-2e-06	2e-06	-0.5	-16.454	1.3152
86	16.462	-2e-06	2e-06	0.5	16.454	1.3152
86	16.462	-2e-06	2e-06	-14.5	-7.7942	1.3152
86	16.462	-2e-06	2e-06	14.5	7.7942	1.3152
86	16.462	-2e-06	2e-06	-14	-8.6603	1.3152
86	16.462	-2e-06	2e-06	14	8.6603	1.3152
87	16.523	2e-06	2e-06	-9	13.856	1.3152
87	16.523	2e-06	2e-06	9	-13.856	1.3152
87	16.523	2e-06	2e-06	7.5	-14.722	1.3152
87	16.523	2e-06	2e-06	-7.5	14.722	1.3152
87	16.523	2e-06	2e-06	-16.5	0.86603	1.3152
87	16.523	2e-06	2e-06	16.5	-0.86603	1.3152
87	16.523	2e-06	2e-06	-16.5	-0.86603	1.3152
87	16.523	2e-06	2e-06	16.5	0.86603	1.3152
87	16.523	2e-06	2e-06	-7.5	-14.722	1.3152
87	16.523	2e-06	2e-06	7.5	14.722	1.3152
87	16.523	2e-06	2e-06	-9	-13.856	1.3152
87	16.523	2e-06	2e-06	9	13.856	1.3152
87	16.523	-1e-06	1e-06	-13.5	9.5263	1.3152
87	16.523	-1e-06	1e-06	13.5	-9.5263	1.3152
87	16.523	-1e-06	1e-06	-15	6.9282	1.3152
87	16.523	-1e-06	1e-06	15	-6.9282	1.3152
87	16.523	-1e-06	1e-06	1.5	-16.454	1.3152
87	16.523	-1e-06	1e-06	-1.5	16.454	1.3152
87	16.523	-1e-06	1e-06	-1.5	-16.454	1.3152
87	16.523	-1e-06	1e-06	1.5	16.454	1.3152
87	16.523	-1e-06	1e-06	-15	-6.9282	1.3152
87	16.523	-1e-06	1e-06	15	6.9282	1.3152
87	16.523	-1e-06	1e-06	-13.5	-9.5263	1.3152
87	16.523	-1e-06	1e-06	13.5	9.5263	1.3152
88	16.643	-1e-06	1e-06	-13	10.392	1.3152
88	16.643	-1e-06	1e-06	13	-10.392	1.3152
88	16.643	-1e-06	1e-06	-15.5	6.0622	1.3152
88	16.643	-1e-06	1e-06	15.5	-6.0622	1.3152
88	16.643	-1e-06	1e-06	2.5	-16.454	1.3152
88	16.643	-1e-06	1e-06	-2.5	16.454	1.3152
88	16.643	-1e-06	1e-06	-2.5	-16.454	1.3152
88	16.643	-1e-06	1e-06	2.5	16.454	1.3152
88	16.643	-1e-06	1e-06	-15.5	-6.0622	1.3152
88	16.643	-1e-06	1e-06	15.5	6.0622	1.3152
88	16.643	-1e-06	1e-06	-13	-10.392	1.3152
88	16.643	-1e-06	1e-06	13	10.392	1.3152
89	16.703	3e-06	3e-06	-10.5	12.99	1.3152
89	16.703	3e-06	3e-06	10.5	-12.99	1.3152
89	16.703	3e-06	3e-06	6	-15.588	1.3152
89	16.703	3e-06	3e-06	-6	15.588	1.3152
89	16.703	3e-06	3e-06	-16.5	2.5981	1.3152
89	16.703	3e-06	3e-06	16.5	-2.5981	1.3152
89	16.703	3e-06	3e-06	-16.5	-2.5981	1.3152
89	16.703	3e-06	3e-06	16.5	2.5981	1.3152
89	16.703	3e-06	3e-06	-6	-15.588	1.3152
89	16.703	3e-06	3e-06	6	15.588	1.3152
89	16.703	3e-06	3e-06	-10.5	-12.99	1.3152
89	16.703	3e-06	3e-06	10.5	12.99	1.3152
90	16.823	-1e-06	1e-06	-12.5	11.258	1.3152
90	16.823	-1e-06	1e-06	12.5	-11.258	1.3152
90	16.823	-1e-06	1e-06	-16	5.1962	1.3152
90	16.823	-1e-06	1e-06	16	-5.1962	1.3152
90	16.823	-1e-06	1e-06	3.5	-16.454	1.3152
90	16.823	-1e-06	1e-06	-3.5	16.454	1.3152
90	16.823	-1e-06	1e-06	-3.5	-16.454	1.3152
90	16.823	-1e-06	1e-06	3.5	16.454	1.3152
90	16.823	-1e-06	1e-06	-16	-5.1962	1.3152
90	16.823	-1e-06	1e-06	16	5.1962	1.3152
90	16.823	-1e-06	1e-06	-12.5	-11.258	1.3152
90	16.823	-1e-06	1e-06	12.5	11.258	1.3152
91	17	3e-06	3e-06	8.5	-14.722	1.3152
91	17	3e-06	3e-06	-8.5	14.722	1.3152
91	17	3e-06	3e-06	-17	0	1.3152
91	17	3e-06	3e-06	17	0	1.3152
91	17	3e-06	3e-06	-8.5	-14.722	1.3152
91	17	3e-06	3e-06	8.5	14.722	1.3152
92	17.059	-2e-06	2e-06	-12	12.124	1.3152
92	17.059	-2e-06	2e-06	12	-12.124	1.3152
92	17.059	-2e-06	2e-06	-16.5	4.3301	1.3152
92	17.059	-2e-06	2e-06	16.5	-4.3301	1.3152
92	17.059	-2e-06	2e-06	4.5	-16.454	1.3152
92	17.059	-2e-06	2e-06	-4.5	16.454	1.3152
92	17.059	-2e-06	2e-06	-16.5	-4.3301	1.3152
92	17.059	-2e-06	2e-06	16.5	4.3301	1.3152
92	17.059	-2e-06	2e-06	-4.5	-16.454	1.3152
92	17.059	-2e-06	2e-06	4.5	16.454	1.3152
92	17.059	-2e-06	2e-06	-12	-12.124	1.3152
92	17.059	-2e-06	2e-06	12	12.124	1.3152
93	17.088	-1e-06	1e-06	-10	13.856	1.3152
93	17.088	-1e-06	1e-06	10	-13.856	1.3152
93	17.088	-1e-06	1e-06	7	-15.588	1.3152
93	17.088	-1e-06	1e-06	-7	15.588	1.3152
93	17.088	-1e-06	1e-06	-17	1.7321	1.3152
93	17.088	-1e-06	1e-06	17	-1.7321	1.3152
93	17.088	-1e-06	1e-06	-17	-1.7321	1.3152
93	17.088	-1e-06	1e-06	17	1.7321	1.3152
93	17.088	-1e-06	1e-06	-7	-15.588	1.3152
93	17.088	-1e-06	1e-06	7	15.588	1.3152
93	17.088	-1e-06	1e-06	-10	-13.856	1.3152
93	17.088	-1e-06	1e-06	10	13.856	1.3152
94	17.321	-3e-06	3e-06	-15	8.6603	1.3152
94	17.321	-3e-06	3e-06	15	-8.6603	1.3152
94	17.321	-3e-06	3e-06	-6.1706e-08	-17.321	1.3152
94	17.321	-3e-06	3e-06	6.1706e-08	17.321	1.3152
94	17.321	-3e-06	3e-06	-15	-8.6603	1.3152
94	17.321	-3e-06	3e-06	15	8.6603	1.3152
95	17.349	3e-06	3e-06	-11.5	12.99	1.3152
95	17.349	3e-06	3e-06	11.5	-12.99	1.3152
95	17.349	3e-06	3e-06	5.5	-16.454	1.3152
95	17.349	3e-06	3e-06	-5.5	16.454	1.3152
95	17.349	3e-06	3e-06	-17	3.4641	1.3152
95	17.349	3e-06	3e-06	17	-3.4641	1.3152
95	17.349	3e-06	3e-06	-17	-3.4641	1.3152
95	17.349	3e-06	3e-06	17	3.4641	1.3152
95	17.349	3e-06	3e-06	-5.5	-16.454	1.3152
95	17.349	3e-06	3e-06	5.5	16.454	1.3152
95	17.349	3e-06	3e-06	-11.5	-12.99	1.3152
95	17.349	3e-06	3e-06	11.5	12.99	1.3152
95	17.349	-2e-06	2e-06	-14.5	9.5263	1.3152
95	17.349	-2e-06	2e-06	14.5	-9.5263	1.3152
95	17.349	-2e-06	2e-06	-15.5	7.7942	1.3152
95	17.349	-2e-06	2e-06	15.5	-7.7942	1.3152
95	17.349	-2e-06	2e-06	1	-17.321	1.3152
95	17.349	-2e-06	2e-06	-1	17.321	1.3152
95	17.349	-2e-06	2e-06	-1	-17.321	1.3152
95	17.349	-2e-06	2e-06	1	17.321	1.3152
95	17.349	-2e-06	2e-06	-15.5	-7.7942	1.3152
95	17.349	-2e-06	2e-06	15.5	7.7942	1.3152
95	17.349	-2e-06	2e-06	-14.5	-9.5263	1.3152
95	17.349	-2e-06	2e-06	14.5	9.5263	1.3152
96	17.436	-1e-06	1e-06	-14	10.392	1.3152
96	17.436	-1e-06	1e-06	14	-10.392	1.3152
96	17.436	-1e-06	1e-06	-16	6.9282	1.3152
96	17.436	-1e-06	1e-06	16	-6.9282	1.3152
96	17.436	-1e-06	1e-06	2	-17.321	1.3152
96	17.436	-1e-06	1e-06	-2	17.321	1.3152
96	17.436	-1e-06	1e-06	-2	-17.321	1.3152
96	17.436	-1e-06	1e-06	2	17.321	1.3152
96	17.436	-1e-06	1e-06	-16	-6.9282	1.3152
96	17.436	-1e-06	1e-06	16	6.9282	1.3152
96	17.436	-1e-06	1e-06	-14	-10.392	1.3152
96	17.436	-1e-06	1e-06	14	10.392	1.3152
97	17.521	-1e-06	1e-06	-9.5	14.722	1.3152
97	17.521	-1e-06	1e-06	9.5	-14.722	1.3152
97	17.521	-1e-06	1e-06	8	-15.588	1.3152
97	17.521	-1e-06	1e-06	-8	15.588	1.3152
97	17.521	-1e-06	1e-06	-17.5	0.86603	1.3152
97	17.521	-1e-06	1e-06	17.5	-0.86603	1.3152
97	17.521	-1e-06	1e-06	-17.5	-0.86603	1.3152
97	17.521	-1e-06	1e-06	17.5	0.86603	1.3152
97	17.521	-1e-06	1e-06	-8	-15.588	1.3152
97	17.521	-1e-06	1e-06	8	15.588	1.3152
97	17.521	-1e-06	1e-06	-9.5	-14.722	1.3152
97	17.521	-1e-06	1e-06	9.5	14.722	1.3152
98	17.578	1e-06	1e-06	-13.5	11.258	1.3152
98	17.578	1e-06	1e-06	13.5	-11.258	1.3152
98	17.578	1e-06	1e-06	-16.5	6.0622	1.3152
98	17.578	1e-06	1e-06	16.5	-6.0622	1.3152
98	17.578	1e-06	1e-06	3	-17.321	1.3152
98	17.578	1e-06	1e-06	-3	17.321	1.3152
98	17.578	1e-06	1e-06	-3	-17.321	1.3152
98	17.578	1e-06	1e-06	3	17.321	1.3152
98	17.578	1e-06	1e-06	-16.5	-6.0622	1.3152
98	17.578	1e-06	1e-06	16.5	6.0622	1.3152
98	17.578	1e-06	1e-06	-13.5	-11.258	1.3152
98	17.578	1e-06	1e-06	13.5	11.258	1.3152
99	17.692	-1e-06	1e-06	-11	13.856	1.3152
99	17.692	-1e-06	1e-06	11	-13.856	1.3152
99	17.692	-1e-06	1e-06	6.5	-16.454	1.3152
99	17.692	-1e-06	1e-06	-6.5	16.454	1.3152
99	17.692	-1e-06	1e-06	-17.5	2.5981	1.3152
99	17.692	-1e-06	1e-06	17.5	-2.5981	1.3152
99	17.692	-1e-06	1e-06	-17.5	-2.5981	1.3152
99	17.692	-1e-06	1e-06	17.5	2.5981	1.3152
99	17.692	-1e-06	1e-06	-6.5	-16.454	1.3152
99	17.692	-1e-06	1e-06	6.5	16.454	1.3152
99	17.692	-1e-06	1e-06	-11	-13.856	1.3152
99	17.692	-1e-06	1e-06	11	13.856	1.3152
100	17.776	2e-06	2e-06	-13	12.124	1.3152
100	17.776	2e-06	2e-06	13	-12.124	1.3152
100	17.776	2e-06	2e-06	-17	5.1962	1.3152
100	17.776	2e-06	2e-06	17	-5.1962	1.3152
100	17.776	2e-06	2e-06	4	-17.321	1.3152
100	17.776	2e-06	2e-06	-4	17.321	1.3152
100	17.776	2e-06	2e-06	-4	-17.321	1.3152
100	17.776	2e-06	2e-06	4	17.321	1.3152
100	17.776	2e-06	2e-06	-17	-5.1962	1.3152
100	17.776	2e-06	2e-06	17	5.1962	1.3152
100	17.776	2e-06	2e-06	-13	-12.124	1.3152
100	17.776	2e-06	2e-06	13	12.124	1.3152
101	18	-3e-06	3e-06	9	-15.588	1.3152
101	18	-3e-06	3e-06	-9	15.588	1.3152
101	18	-3e-06	3e-06	-18	0	1.3152
101	18	-3e-06	3e-06	18	0	1.3152
101	18	-3e-06	3e-06	-9	-15.588	1.3152
101	18	-3e-06	3e-06	9	15.588	1.3152
102	18.028	-1e-06	1e-06	-12.5	12.99	1.3152
102	18.028	-1e-06	1e-06	12.5	-12.99	1.3152
102	18.028	-1e-06	1e-06	-17.5	4.3301	1.3152
102	18.028	-1e-06	1e-06	17.5	-4.3301	1.3152
102	18.028	-1e-06	1e-06	5	-17.321	1.3152
102	18.028	-1e-06	1e-06	-5	17.321	1.3152
102	18.028	-1e-06	1e-06	-17.5	-4.3301	1.3152
102	18.028	-1e-06	1e-06	17.5	4.3301	1.3152
102	18.028	-1e-06	1e-06	-5	-17.321	1.3152
102	18.028	-1e-06	1e-06	5	17.321	1.3152
102	18.028	-1e-06	1e-06	-12.5	-12.99	1.3152
102	18.028	-1e-06	1e-06	12.5	12.99	1.3152
103	18.083	1e-06	1e-06	-10.5	14.722	1.3152
103	18.083	1e-06	1e-06	10.5	-14.722	1.3152
103	18.083	1e-06	1e-06	7.5	-16.454	1.3152
103	18.083	1e-06	1e-06	-7.5	16.454	1.3152
103	18.083	1e-06	1e-06	-18	1.7321	1.3152
103	18.083	1e-06	1e-06	18	-1.7321	1.3152
103	18.083	1e-06	1e-06	-18	-1.7321	1.3152
103	18.083	1e-06	1e-06	18	1.7321	1.3152
103	18.083	1e-06	1e-06	-7.5	-16.454	1.3152
103	18.083	1e-06	1e-06	7.5	16.454	1.3152
103	18.083	1e-06	1e-06	-10.5	-14.722	1.3152
103	18.083	1e-06	1e-06	10.5	14.722	1.3152
104	18.193	-3e-06	3e-06	-15.5	9.5263	1.3152
104	18.193	-3e-06	3e-06	15.5	-9.5263	1.3152
104	18.193	-3e-06	3e-06	-16	8.6603	1.3152
104	18.193	-3e-06	3e-06	16	-8.6603	1.3152
104	18.193	-3e-06	3e-06	0.5	-18.187	1.3152
104	18.193	-3e-06	3e-06	-0.5	18.187	1.3152
104	18.193	-3e-06	3e-06	-0.5	-18.187	1.3152
104	18.193	-3e-06	3e-06	0.5	18.187	1.3152
104	18.193	-3e-06	3e-06	-16	-8.6603	1.3152
104	18.193	-3e-06	3e-06	16	8.6603	1.3152
104	18.193	-3e-06	3e-06	-15.5	-9.5263	1.3152
104	18.193	-3e-06	3e-06	15.5	9.5263	1.3152
105	18.248	0	0	-15	10.392	1.3152
105	18.248	0	0	15	-10.392	1.3152
105	18.248	0	0	-16.5	7.7942	1.3152
105	18.248	0	0	16.5	-7.7942	1.3152
105	18.248	0	0	1.5	-18.187	1.3152
105	18.248	0	0	-1.5	18.187	1.3152
105	18.248	0	0	-1.5	-18.187	1.3152
105	18.248	0	0	1.5	18.187	1.3152
105	18.248	0	0	-16.5	-7.7942	1.3152
105	18.248	0	0	16.5	7.7942	1.3152
105	18.248	0	0	-15	-10.392	1.3152
105	18.248	0	0	15	10.392	1.3152
106	18.33	2e-06	2e-06	-12	13.856	1.3152
106	18.33	2e-06	2e-06	12	-13.856	1.3152
106	18.33	2e-06	2e-06	6	-17.321	1.3152
106	18.33	2e-06	2e-06	-6	17.321	1.3152
106	18.33	2e-06	2e-06	-18	3.4641	1.3152
106	18.33	2e-06	2e-06	18	-3.4641	1.3152
106	18.33	2e-06	2e-06	-18	-3.4641	1.3152
106	18.33	2e-06	2e-06	18	3.4641	1.3152
106	18.33	2e-06	2e-06	-6	-17.321	1.3152
106	18.33	2e-06	2e-06	6	17.321	1.3152
106	18.33	2e-06	2e-06	-12	-13.856	1.3152
106	18.33	2e-06	2e-06	12	13.856	1.3152
107	18.358	-1e-06	1e-06	-14.5	11.258	1.3152
107	18.358	-1e-06	1e-06	14.5	-11.258	1.3152
107	18.358	-1e-06	1e-06	-17	6.9282	1.3152
107	18.358	-1e-06	1e-06	17	-6.9282	1.3152
107	18.358	-1e-06	1e-06	2.5	-18.187	1.3152
107	18.358	-1e-06	1e-06	-2.5	18.187	1.3152
107	18.358	-1e-06	1e-06	-2.5	-18.187	1.3152
107	18.358	-1e-06	1e-06	2.5	18.187	1.3152
107	18.358	-1e-06	1e-06	-17	-6.9282	1.3152
107	18.358	-1e-06	1e-06	17	6.9282	1.3152
107	18.358	-1e-06	1e-06	-14.5	-11.258	1.3152
107	18.358	-1e-06	1e-06	14.5	11.258	1.3152
108	18.52	2e-06	2e-06	-10	15.588	1.3152
108	18.52	2e-06	2e-06	10	-15.588	1.3152
108	18.52	2e-06	2e-06	8.5	-16.454	1.3152
108	18.52	2e-06	2e-06	-8.5	16.454	1.3152
108	18.52	2e-06	2e-06	-18.5	0.86603	1.3152
108	18.52	2e-06	2e-06	18.5	-0.86603	1.3152
108	18.52	2e-06	2e-06	-18.5	-0.86603	1.3152
108	18.52	2e-06	2e-06	18.5	0.86603	1.3152
108	18.52	2e-06	2e-06	-8.5	-16.454	1.3152
108	18.52	2e-06	2e-06	8.5	16.454	1.3152
108	18.52	2e-06	2e-06	-10	-15.588	1.3152
108	18.52	2e-06	2e-06	10	15.588	1.3152
108	18.52	0	0	-14	12.124	1.3152
108	18.52	0	0	14	-12.124	1.3152
108	18.52	0	0	-17.5	6.0622	1.3152
108	18.52	0	0	17.5	-6.0622	1.3152
108	18.52	0	0	3.5	-18.187	1.3152
108	18.52	0	0	-3.5	18.187	1.3152
108	18.52	0	0	-3.5	-18.187	1.3152
108	18.52	0	0	3.5	18.187	1.3152
108	18.52	0	0	-17.5	-6.0622	1.3152
108	18.52	0	0	17.5	6.0622	1.3152
108	18.52	0	0	-14	-12.124	1.3152
108	18.52	0	0	14	12.124	1.3152
109	18.682	-2e-06	2e-06	-11.5	14.722	1.3152
109	18.682	-2e-06	2e-06	11.5	-14.722	1.3152
109	18.682	-2e-06	2e-06	7	-17.321	1.3152
109	18.682	-2e-06	2e-06	-7	17.321	1.3152
109	18.682	-2e-06	2e-06	-18.5	2.5981	1.3152
109	18.682	-2e-06	2e-06	18.5	-2.5981	1.3152
109	18.682	-2e-06	2e-06	-18.5	-2.5981	1.3152
109	18.682	-2e-06	2e-06	18.5	2.5981	1.3152
109	18.682	-2e-06	2e-06	-7	-17.321	1.3152
109	18.682	-2e-06	2e-06	7	17.321	1.3152
109	18.682	-2e-06	2e-06	-11.5	-14.722	1.3152
109	18.682	-2e-06	2e-06	11.5	14.722	1.3152
110	18.735	2e-06	2e-06	-13.5	12.99	1.3152
110	18.735	2e-06	2e-06	13.5	-12.99	1.3152
110	18.735	2e-06	2e-06	-18	5.1962	1.3152
110	18.735	2e-06	2e-06	18	-5.1962	1.3152
110	18.735	2e-06	2e-06	4.5	-18.187	1.3152
110	18.735	2e-06	2e-06	-4.5	18.187	1.3152
110	18.735	2e-06	2e-06	-18	-5.1962	1.3152
110	18.735	2e-06	2e-06	18	5.1962	1.3152
110	18.735	2e-06	2e-06	-4.5	-18.187	1.3152
110	18.735	2e-06	2e-06	4.5	18.187	1.3152
110	18.735	2e-06	2e-06	-13.5	-12.99	1.3152
110	18.735	2e-06	2e-06	13.5	12.99	1.3152
111	19	2e-06	2e-06	9.5	-16.454	1.3152
111	19	2e-06	2e-06	-9.5	16.454	1.3152
111	19	2e-06	2e-06	-19	0	1.3152
111	19	2e-06	2e-06	19	0	1.3152
111	19	2e-06	2e-06	-9.5	-16.454	1.3152
111	19	2e-06	2e-06	9.5	16.454	1.3152
111	19	0	0	-13	13.856	1.3152
111	19	0	0	13	-13.856	1.3152
111	19	0	0	-18.5	4.3301	1.3152
111	19	0	0	18.5	-4.3301	1.3152
111	19	0	0	5.5	-18.187	1.3152
111	19	0	0	-5.5	18.187	1.3152
111	19	0	0	-18.5	-4.3301	1.3152
111	19	0	0	18.5	4.3301	1.3152
111	19	0	0	-5.5	-18.187	1.3152
111	19	0	0	5.5	18.187	1.3152
111	19	0	0	-13	-13.856	1.3152
111	19	0	0	13	13.856	1.3152
112	19.053	0	0	-16.5	9.5263	1.3152
112	19.053	0	0	16.5	-9.5263	1.3152
112	19.053	0	0	-6.7877e-08	-19.053	1.3152
112	19.053	0	0	6.7877e-08	19.053	1.3152
112	19.053	0	0	-16.5	-9.5263	1.3152
112	19.053	0	0	16.5	9.5263	1.3152
113	19.079	-1e-06	1e-06	-16	10.392	1.3152
113	19.079	-1e-06	1e-06	16	-10.392	1.3152
113	19.079	-1e-06	1e-06	-17	8.6603	1.3152
113	19.079	-1e-06	1e-06	17	-8.6603	1.3152
113	19.079	-1e-06	1e-06	1	-19.053	1.3152
113	19.079	-1e-06	1e-06	-1	19.053	1.3152
113	19.079	-1e-06	1e-06	-1	-19.053	1.3152
113	19.079	-1e-06	1e-06	1	19.053	1.3152
113	19.079	-1e-06	1e-06	-17	-8.6603	1.3152
113	19.079	-1e-06	1e-06	17	8.6603	1.3152
113	19.079	-1e-06	1e-06	-16	-10.392	1.3152
113	19.079	-1e-06	1e-06	16	10.392	1.3152
113	19.079	0	0	-11	15.588	1.3152
113	19.079	0	0	11	-15.588	1.3152
113	19.079	0	0	8	-17.321	1.3152
113	19.079	0	0	-8	17.321	1.3152
113	19.079	0	0	-19	1.7321	1.3152
113	19.079	0	0	19	-1.7321	1.3152
113	19.079	0	0	-19	-1.7321	1.3152
113	19.079	0	0	19	1.7321	1.3152
113	19.079	0	0	-8	-17.321	1.3152
113	19.079	0	0	8	17.321	1.3152
113	19.079	0	0	-11	-15.588	1.3152
113	19.079	0	0	11	15.588	1.3152
114	19.157	2e-06	2e-06	-15.5	11.258	1.3152
114	19.157	2e-06	2e-06	15.5	-11.258	1.3152
114	19.157	2e-06	2e-06	-17.5	7.7942	1.3152
114	19.157	2e-06	2e-06	17.5	-7.7942	1.3152
114	19.157	2e-06	2e-06	2	-19.053	1.3152
114	19.157	2e-06	2e-06	-2	19.053	1.3152
114	19.157	2e-06	2e-06	-2	-19.053	1.3152
114	19.157	2e-06	2e-06	2	19.053	1.3152
114	19.157	2e-06	2e-06	-17.5	-7.7942	1.3152
114	19.157	2e-06	2e-06	17.5	7.7942	1.3152
114	19.157	2e-06	2e-06	-15.5	-11.258	1.3152
114	19.157	2e-06	2e-06	15.5	11.258	1.3152
115	19.287	0	0	-15	12.124	1.3152
115	19.287	0	0	15	-12.124	1.3152
115	19.287	0	0	-18	6.9282	1.3152
115	19.287	0	0	18	-6.9282	1.3152
115	19.287	0	0	3	-19.053	1.3152
115	19.287	0	0	-3	19.053	1.3152
115	19.287	0	0	-3	-19.053	1.3152
115	19.287	0	0	3	19.053	1.3152
115	19.287	0	0	-18	-6.9282	1.3152
115	19.287	0	0	18	6.9282	1.3152
115	19.287	0	0	-15	-12.124	1.3152
115	19.287	0	0	15	12.124	1.3152
116	19.313	-1e-06	1e-06	-12.5	14.722	1.3152
116	19.313	-1e-06	1e-06	12.5	-14.722	1.3152
116	19.313	-1e-06	1e-06	6.5	-18.187	1.3152
116	19.313	-1e-06	1e-06	-6.5	18.187	1.3152
116	19.313	-1e-06	1e-06	-19	3.4641	1.3152
116	19.313	-1e-06	1e-06	19	-3.4641	1.3152
116	19.313	-1e-06	1e-06	-19	-3.4641	1.3152
116	19.313	-1e-06	1e-06	19	3.4641	1.3152
116	19.313	-1e-06	1e-06	-6.5	-18.187	1.3152
116	19.313	-1e-06	1e-06	6.5	18.187	1.3152
116	19.313	-1e-06	1e-06	-12.5	-14.722	1.3152
116	19.313	-1e-06	1e-06	12.5	14.722	1.3152
117	19.468	-2e-06	2e-06	-14.5	12.99	1.3152
117	19.468	-2e-06	2e-06	14.5	-12.99	1.3152
117	19.468	-2e-06	2e-06	-18.5	6.0622	1.3152
117	19.468	-2e-06	2e-06	18.5	-6.0622	1.3152
117	19.468	-2e-06	2e-06	4	-19.053	1.3152
117	19.468	-2e-06	2e-06	-4	19.053	1.3152
117	19.468	-2e-06	2e-06	-4	-19.053	1.3152
117	19.468	-2e-06	2e-06	4	19.053	1.3152
117	19.468	-2e-06	2e-06	-18.5	-6.0622	1.3152
117	19.468	-2e-06	2e-06	18.5	6.0622	1.3152
117	19.468	-2e-06	2e-06	-14.5	-12.99	1.3152
117	19.468	-2e-06	2e-06	14.5	12.99	1.3152
118	19.519	-1e-06	1e-06	-10.5	16.454	1.3152
118	19.519	-1e-06	1e-06	10.5	-16.454	1.3152
118	19.519	-1e-06	1e-06	9	-17.321	1.3152
118	19.519	-1e-06	1e-06	-9	17.321	1.3152
118	19.519	-1e-06	1e-06	-19.5	0.86603	1.3152
118	19.519	-1e-06	1e-06	19.5	-0.86603	1.3152
118	19.519	-1e-06	1e-06	-19.5	-0.86603	1.3152
118	19.519	-1e-06	1e-06	19.5	0.86603	1.3152
118	19.519	-1e-06	1e-06	-9	-17.321	1.3152
118	19.519	-1e-06	1e-06	9	17.321	1.3152
118	19.519	-1e-06	1e-06	-10.5	-16.454	1.3152
118	19.519	-1e-06	1e-06	10.5	16.454	1.3152
119	19.672	-2e-06	2e-06	-12	15.588	1.3152
119	19.672	-2e-06	2e-06	12	-15.588	1.3152
119	19.672	-2e-06	2e-06	7.5	-18.187	1.3152
119	19.672	-2e-06	2e-06	-7.5	18.187	1.3152
119	19.672	-2e-06	2e-06	-19.5	2.5981	1.3152
119	19.672	-2e-06	2e-06	19.5	-2.5981	1.3152
119	19.672	-2e-06	2e-06	-19.5	-2.5981	1.3152
119	19.672	-2e-06	2e-06	19.5	2.5981	1.3152
119	19.672	-2e-06	2e-06	-7.5	-18.187	1.3152
119	19.672	-2e-06	2e-06	7.5	18.187	1.3152
119	19.672	-2e-06	2e-06	-12	-15.588	1.3152
119	19.672	-2e-06	2e-06	12	15.588	1.3152
120	19.698	1e-06	1e-06	-14	13.856	1.3152
120	19.698	1e-06	1e-06	14	-13.856	1.3152
120	19.698	1e-06	1e-06	-19	5.1962	1.3152
120	19.698	1e-06	1e-06	19	-5.1962	1.3152
120	19.698	1e-06	1e-06	5	-19.053	1.3152
120	19.698	1e-06	1e-06	-5	19.053	1.3152
120	19.698	1e-06	1e-06	-19	-5.1962	1.3152
120	19.698	1e-06	1e-06	19	5.1962	1.3152
120	19.698	1e-06	1e-06	-5	-19.053	1.3152
120	19.698	1e-06	1e-06	5	19.053	1.3152
120	19.698	1e-06	1e-06	-14	-13.856	1.3152
120	19.698	1e-06	1e-06	14	13.856	1.3152
121	19.925	1e-06	1e-06	-17	10.392	1.3152
121	19.925	1e-06	1e-06	17	-10.392	1.3152
121	19.925	1e-06	1e-06	-17.5	9.5263	1.3152
121	19.925	1e-06	1e-06	17.5	-9.5263	1.3152
121	19.925	1e-06	1e-06	0.5	-19.919	1.3152
121	19.925	1e-06	1e-06	-0.5	19.919	1.3152
121	19.925	1e-06	1e-06	-0.5	-19.919	1.3152
121	19.925	1e-06	1e-06	0.5	19.919	1.3152
121	19.925	1e-06	1e-06	-17.5	-9.5263	1.3152
121	19.925	1e-06	1e-06	17.5	9.5263	1.3152
121	19.925	1e-06	1e-06	-17	-10.392	1.3152
121	19.925	1e-06	1e-06	17	10.392	1.3152
122	19.975	-1e-06	1e-06	-13.5	14.722	1.3152
122	19.975	-1e-06	1e-06	13.5	-14.722	1.3152
122	19.975	-1e-06	1e-06	6	-19.053	1.3152
122	19.975	-1e-06	1e-06	-6	19.053	1.3152
122	19.975	-1e-06	1e-06	-19.5	4.3301	1.3152
122	19.975	-1e-06	1e-06	19.5	-4.3301	1.3152
122	19.975	-1e-06	1e-06	-19.5	-4.3301	1.3152
122	19.975	-1e-06	1e-06	19.5	4.3301	1.3152
122	19.975	-1e-06	1e-06	-6	-19.053	1.3152
122	19.975	-1e-06	1e-06	6	19.053	1.3152
122	19.975	-1e-06	1e-06	-13.5	-14.722	1.3152
122	19.975	-1e-06	1e-06	13.5	14.722	1.3152
122	19.975	0	0	-16.5	11.258	1.3152
122	19.975	0	0	16.5	-11.258	1.3152
122	19.975	0	0	-18	8.6603	1.3152
122	19.975	0	0	18	-8.6603	1.3152
122	19.975	0	0	1.5	-19.919	1.3152
122	19.975	0	0	-1.5	19.919	1.3152
122	19.975	0	0	-1.5	-19.919	1.3152
122	19.975	0	0	1.5	19.919	1.3152
122	19.975	0	0	-18	-8.6603	1.3152
122	19.975	0	0	18	8.6603	1.3152
122	19.975	0	0	-16.5	-11.258	1.3152
122	19.975	0	0	16.5	11.258	1.3152
123	20	2e-06	2e-06	10	-17.321	1.3152
123	20	2e-06	2e-06	-10	17.321	1.3152
123	20	2e-06	2e-06	-20	0	1.3152
123	20	2e-06	2e-06	20	0	1.3152
123	20	2e-06	2e-06	-10	-17.321	1.3152
123	20	2e-06	2e-06	10	17.321	1.3152
124	20.075	4e-06	4e-06	-16	12.124	1.3152
124	20.075	4e-06	4e-06	16	-12.124	1.3152
124	20.075	4e-06	4e-06	-18.5	7.7942	1.3152
124	20.075	4e-06	4e-06	18.5	-7.7942	1.3152
124	20.075	4e-06	4e-06	2.5	-19.919	1.3152
124	20.075	4e-06	4e-06	-2.5	19.919	1.3152
124	20.075	4e-06	4e-06	-2.5	-19.919	1.3152
124	20.075	4e-06	4e-06	2.5	19.919	1.3152
124	20.075	4e-06	4e-06	-18.5	-7.7942	1.3152
124	20.075	4e-06	4e-06	18.5	7.7942	1.3152
124	20.075	4e-06	4e-06	-16	-12.124	1.3152
124	20.075	4e-06	4e-06	16	12.124	1.3152
124	20.075	0	0	-11.5	16.454	1.3152
124	20.075	0	0	11.5	-16.454	1.3152
124	20.075	0	0	8.5	-18.187	1.3152
124	20.075	0	0	-8.5	18.187	1.3152
124	20.075	0	0	-20	1.7321	1.3152
124	20.075	0	0	20	-1.7321	1.3152
124	20.075	0	0	-20	-1.7321	1.3152
124	20.075	0	0	20	1.7321	1.3152
124	20.075	0	0	-8.5	-18.187	1.3152
124	20.075	0	0	8.5	18.187	1.3152
124	20.075	0	0	-11.5	-16.454	1.3152
124	20.075	0	0	11.5	16.454	1.3152
125	20.224	-4e-06	4e-06	-15.5	12.99	1.3152
125	20.224	-4e-06	4e-06	15.5	-12.99	1.3152
125	20.224	-4e-06	4e-06	-19	6.9282	1.3152
125	20.224	-4e-06	4e-06	19	-6.9282	1.3152
125	20.224	-4e-06	4e-06	3.5	-19.919	1.3152
125	20.224	-4e-06	4e-06	-3.5	19.919	1.3152
125	20.224	-4e-06	4e-06	-3.5	-19.919	1.3152
125	20.224	-4e-06	4e-06	3.5	19.919	1.3152
125	20.224	-4e-06	4e-06	-19	-6.9282	1.3152
125	20.224	-4e-06	4e-06	19	6.9282	1.3152
125	20.224	-4e-06	4e-06	-15.5	-12.99	1.3152
125	20.224	-4e-06	4e-06	15.5	12.99	1.3152
126	20.298	2e-06	2e-06	-13	15.588	1.3152
126	20.298	2e-06	2e-06	13	-15.588	1.3152
126	20.298	2e-06	2e-06	7	-19.053	1.3152
126	20.298	2e-06	2e-06	-7	19.053	1.3152
126	20.298	2e-06	2e-06	-20	3.4641	1.3152
126	20.298	2e-06	2e-06	20	-3.4641	1.3152
126	20.298	2e-06	2e-06	-20	-3.4641	1.3152
126	20.298	2e-06	2e-06	20	3.4641	1.3152
126	20.298	2e-06	2e-06	-7	-19.053	1.3152
126	20.298	2e-06	2e-06	7	19.053	1.3152
126	20.298	2e-06	2e-06	-13	-15.588	1.3152
126	20.298	2e-06	2e-06	13	15.588	1.3152
127	20.421	-2e-06	2e-06	-15	13.856	1.3152
127	20.421	-2e-06	2e-06	15	-13.856	1.3152
127	20.421	-2e-06	2e-06	-19.5	6.0622	1.3152
127	20.421	-2e-06	2e-06	19.5	-6.0622	1.3152
127	20.421	-2e-06	2e-06	4.5	-19.919	1.3152
127	20.421	-2e-06	2e-06	-4.5	19.919	1.3152
127	20.421	-2e-06	2e-06	-4.5	-19.919	1.3152
127	20.421	-2e-06	2e-06	4.5	19.919	1.3152
127	20.421	-2e-06	2e-06	-19.5	-6.0622	1.3152
127	20.421	-2e-06	2e-06	19.5	6.0622	1.3152
127	20.421	-2e-06	2e-06	-15	-13.856	1.3152
127	20.421	-2e-06	2e-06	15	13.856	1.3152
128	20.518	1e-06	1e-06	-11	17.321	1.3152
128	20.518	1e-06	1e-06	11	-17.321	1.3152
128	20.518	1e-06	1e-06	9.5	-18.187	1.3152
128	20.518	1e-06	1e-06	-9.5	18.187	1.3152
128	20.518	1e-06	1e-06	-20.5	0.86603	1.3152
128	20.518	1e-06	1e-06	20.5	-0.86603	1.3152
128	20.518	1e-06	1e-06	-20.5	-0.86603	1.3152
128	20.518	1e-06	1e-06	20.5	0.86603	1.3152
128	20.518	1e-06	1e-06	-9.5	-18.187	1.3152
128	20.518	1e-06	1e-06	9.5	18.187	1.3152
128	20.518	1e-06	1e-06	-11	-17.321	1.3152
128	20.518	1e-06	1e-06	11	17.321	1.3152
129	20.664	-1e-06	1e-06	-12.5	16.454	1.3152
129	20.664	-1e-06	1e-06	12.5	-16.454	1.3152
129	20.664	-1e-06	1e-06	8	-19.053	1.3152
129	20.664	-1e-06	1e-06	-8	19.053	1.3152
129	20.664	-1e-06	1e-06	-20.5	2.5981	1.3152
129	20.664	-1e-06	1e-06	20.5	-2.5981	1.3152
129	20.664	-1e-06	1e-06	-20.5	-2.5981	1.3152
129	20.664	-1e-06	1e-06	20.5	2.5981	1.3152
129	20.664	-1e-06	1e-06	-8	-19.053	1.3152
129	20.664	-1e-06	1e-06	8	19.053	1.3152
129	20.664	-1e-06	1e-06	-12.5	-16.454	1.3152
129	20.664	-1e-06	1e-06	12.5	16.454	1.3152
129	20.664	0	0	-14.5	14.722	1.3152
129	20.664	0	0	14.5	-14.722	1.3152
129	20.664	0	0	-20	5.1962	1.3152
129	20.664	0	0	20	-5.1962	1.3152
129	20.664	0	0	5.5	-19.919	1.3152
129	20.664	0	0	-5.5	19.919	1.3152
129	20.664	0	0	-20	-5.1962	1.3152
129	20.664	0	0	20	5.1962	1.3152
129	20.664	0	0	-5.5	-19.919	1.3152
129	20.664	0	0	5.5	19.919	1.3152
129	20.664	0	0	-14.5	-14.722	1.3152
129	20.664	0	0	14.5	14.722	1.3152
130	20.785	-1e-06	1e-06	-18	10.392	1.3152
130	20.785	-1e-06	1e-06	18	-10.392	1.3152
130	20.785	-1e-06	1e-06	-7.4047e-08	-20.785	1.3152
130	20.785	-1e-06	1e-06	7.4047e-08	20.785	1.3152
130	20.785	-1e-06	1e-06	-18	-10.392	1.3152
130	20.785	-1e-06	1e-06	18	10.392	1.3152
131	20.809	-2e-06	2e-06	-17.5	11.258	1.3152
131	20.809	-2e-06	2e-06	17.5	-11.258	1.3152
131	20.809	-2e-06	2e-06	-18.5	9.5263	1.3152
131	20.809	-2e-06	2e-06	18.5	-9.5263	1.3152
131	20.809	-2e-06	2e-06	1	-20.785	1.3152
131	20.809	-2e-06	2e-06	-1	20.785	1.3152
131	20.809	-2e-06	2e-06	-1	-20.785	1.3152
131	20.809	-2e-06	2e-06	1	20.785	1.3152
131	20.809	-2e-06	2e-06	-18.5	-9.5263	1.3152
131	20.809	-2e-06	2e-06	18.5	9.5263	1.3152
131	20.809	-2e-06	2e-06	-17.5	-11.258	1.3152
131	20.809	-2e-06	2e-06	17.5	11.258	1.3152
132	20.881	0	0	-17	12.124	1.3152
132	20.881	0	0	17	-12.124	1.3152
132	20.881	0	0	-19	8.6603	1.3152
132	20.881	0	0	19	-8.6603	1.3152
132	20.881	0	0	2	-20.785	1.3152
132	20.881	0	0	-2	20.785	1.3152
132	20.881	0	0	-2	-20.785	1.3152
132	20.881	0	0	2	20.785	1.3152
132	20.881	0	0	-19	-8.6603	1.3152
132	20.881	0	0	19	8.6603	1.3152
132	20.881	0	0	-17	-12.124	1.3152
132	20.881	0	0	17	12.124	1.3152
133	20.952	0	0	-14	15.588	1.3152
133	20.952	0	0	14	-15.588	1.3152
133	20.952	0	0	6.5	-19.919	1.3152
133	20.952	0	0	-6.5	19.919	1.3152
133	20.952	0	0	-20.5	4.3301	1.3152
133	20.952	0	0	20.5	-4.3301	1.3152
133	20.952	0	0	-20.5	-4.3301	1.3152
133	20.952	0	0	20.5	4.3301	1.3152
133	20.952	0	0	-6.5	-19.919	1.3152
133	20.952	0	0	6.5	19.919	1.3152
133	20.952	0	0	-14	-15.588	1.3152
133	20.952	0	0	14	15.588	1.3152
134	21	5e-06	5e-06	10.5	-18.187	1.3152
134	21	5e-06	5e-06	-10.5	18.187	1.3152
134	21	5e-06	5e-06	-21	0	1.3152
134	21	5e-06	5e-06	21	0	1.3152
134	21	5e-06	5e-06	-10.5	-18.187	1.3152
134	21	5e-06	5e-06	10.5	18.187	1.3152
134	21	0	0	-16.5	12.99	1.3152
134	21	0	0	16.5	-12.99	1.3152
134	21	0	0	-19.5	7.7942	1.3152
134	21	0	0	19.5	-7.7942	1.3152
134	21	0	0	3	-20.785	1.3152
134	21	0	0	-3	20.785	1.3152
134	21	0	0	-3	-20.785	1.3152
134	21	0	0	3	20.785	1.3152
134	21	0	0	-19.5	-7.7942	1.3152
134	21	0	0	19.5	7.7942	1.3152
134	21	0	0	-16.5	-12.99	1.3152
134	21	0	0	16.5	12.99	1.3152
135	21.071	2e-06	2e-06	-12	17.321	1.3152
135	21.071	2e-06	2e-06	12	-17.321	1.3152
135	21.071	2e-06	2e-06	-21	1.7321	1.3152
135	21.071	2e-06	2e-06	21	-1.7321	1.3152
135	21.071	2e-06	2e-06	-9	-19.053	1.3152
135	21.071	2e-06	2e-06	9	19.053	1.3152
136	21.166	-1e-06	1e-06	-16	13.856	1.3152
136	21.166	-1e-06	1e-06	16	-13.856	1.3152
136	21.166	-1e-06	1e-06	-20	6.9282	1.3152
136	21.166	-1e-06	1e-06	20	-6.9282	1.3152
136	21.166	-1e-06	1e-06	4	-20.785	1.3152
136	21.166	-1e-06	1e-06	-4	20.785	1.3152
136	21.166	-1e-06	1e-06	-4	-20.785	1.3152
136	21.166	-1e-06	1e-06	4	20.785	1.3152
136	21.166	-1e-06	1e-06	-20	-6.9282	1.3152
136	21.166	-1e-06	1e-06	20	6.9282	1.3152
136	21.166	-1e-06	1e-06	-16	-13.856	1.3152
136	21.166	-1e-06	1e-06	16	13.856	1.3152
137	21.284	2e-06	2e-06	-13.5	16.454	1.3152
137	21.284	2e-06	2e-06	13.5	-16.454	1.3152
137	21.284	2e-06	2e-06	-21	3.4641	1.3152
137	21.284	2e-06	2e-06	21	-3.4641	1.3152
137	21.284	2e-06	2e-06	-7.5	-19.919	1.3152
137	21.284	2e-06	2e-06	7.5	19.919	1.3152
138	21.378	0	0	-15.5	14.722	1.3152
138	21.378	0	0	15.5	-14.722	1.3152
138	21.378	0	0	-20.5	6.0622	1.3152
138	21.378	0	0	20.5	-6.0622	1.3152
138	21.378	0	0	5	-20.785	1.3152
138	21.378	0	0	-5	20.785	1.3152
138	21.378	0	0	-20.5	-6.0622	1.3152
138	21.378	0	0	20.5	6.0622	1.3152
138	21.378	0	0	-5	-20.785	1.3152
138	21.378	0	0	5	20.785	1.3152
138	21.378	0	0	-15.5	-14.722	1.3152
138	21.378	0	0	15.5	14.722	1.3152
139	21.633	1e-06	1e-06	-15	15.588	1.3152
139	21.633	1e-06	1e-06	15	-15.588	1.3152
139	21.633	1e-06	1e-06	-21	5.1962	1.3152
139	21.633	1e-06	1e-06	21	-5.1962	1.3152
139	21.633	1e-06	1e-06	-6	-20.785	1.3152
139	21.633	1e-06	1e-06	6	20.785	1.3152
140	21.656	-1e-06	1e-06	-18.5	11.258	1.3152
140	21.656	-1e-06	1e-06	18.5	-11.258	1.3152
140	21.656	-1e-06	1e-06	-19	10.392	1.3152
140	21.656	-1e-06	1e-06	19	-10.392	1.3152
140	21.656	-1e-06	1e-06	0.5	-21.651	1.3152
140	21.656	-1e-06	1e-06	-0.5	21.651	1.3152
140	21.656	-1e-06	1e-06	-0.5	-21.651	1.3152
140	21.656	-1e-06	1e-06	0.5	21.651	1.3152
140	21.656	-1e-06	1e-06	-19	-10.392	1.3152
140	21.656	-1e-06	1e-06	19	10.392	1.3152
140	21.656	-1e-06	1e-06	-18.5	-11.258	1.3152
140	21.656	-1e-06	1e-06	18.5	11.258	1.3152
141	21.703	0	0	-18	12.124	1.3152
141	21.703	0	0	18	-12.124	1.3152
141	21.703	0	0	-19.5	9.5263	1.3152
141	21.703	0	0	19.5	-9.5263	1.3152
141	21.703	0	0	1.5	-21.651	1.3152
141	21.703	0	0	-1.5	21.651	1.3152
141	21.703	0	0	-1.5	-21.651	1.3152
141	21.703	0	0	1.5	21.651	1.3152
141	21.703	0	0	-19.5	-9.5263	1.3152
141	21.703	0	0	19.5	9.5263	1.3152
141	21.703	0	0	-18	-12.124	1.3152
141	21.703	0	0	18	12.124	1.3152
142	21.794	-1e-06	1e-06	-17.5	12.99	1.3152
142	21.794	-1e-06	1e-06	17.5	-12.99	1.3152
142	21.794	-1e-06	1e-06	-20	8.6603	1.3152
142	21.794	-1e-06	1e-06	20	-8.6603	1.3152
142	21.794	-1e-06	1e-06	2.5	-21.651	1.3152
142	21.794	-1e-06	1e-06	-2.5	21.651	1.3152
142	21.794	-1e-06	1e-06	-2.5	-21.651	1.3152
142	21.794	-1e-06	1e-06	2.5	21.651	1.3152
142	21.794	-1e-06	1e-06	-20	-8.6603	1.3152
142	21.794	-1e-06	1e-06	20	8.6603	1.3152
142	21.794	-1e-06	1e-06	-17.5	-12.99	1.3152
142	21.794	-1e-06	1e-06	17.5	12.99	1.3152
143	21.932	2e-06	2e-06	-17	13.856	1.3152
143	21.932	2e-06	2e-06	17	-13.856	1.3152
143	21.932	2e-06	2e-06	-20.5	7.7942	1.3152
143	21.932	2e-06	2e-06	20.5	-7.7942	1.3152
143	21.932	2e-06	2e-06	3.5	-21.651	1.3152
143	21.932	2e-06	2e-06	-3.5	21.651	1.3152
143	21.932	2e-06	2e-06	-3.5	-21.651	1.3152
143	21.932	2e-06	2e-06	3.5	21.651	1.3152
143	21.932	2e-06	2e-06	-20.5	-7.7942	1.3152
143	21.932	2e-06	2e-06	20.5	7.7942	1.3152
143	21.932	2e-06	2e-06	-17	-13.856	1.3152
143	21.932	2e-06	2e-06	17	13.856	1.3152
144	22.113	-1e-06	1e-06	-16.5	14.722	1.3152
144	22.113	-1e-06	1e-06	16.5	-14.722	1.3152
144	22.113	-1e-06	1e-06	-21	6.9282	1.3152
144	22.113	-1e-06	1e-06	21	-6.9282	1.3152
144	22.113	-1e-06	1e-06	-4.5	-21.651	1.3152
144	22.113	-1e-06	1e-06	4.5	21.651	1.3152
145	22.517	-1e-06	1e-06	-19.5	11.258	1.3152
145	22.517	-1e-06	1e-06	19.5	-11.258	1.3152
145	22.517	-1e-06	1e-06	-8.0218e-08	-22.517	1.3152
145	22.517	-1e-06	1e-06	8.0218e-08	22.517	1.3152
145	22.517	-1e-06	1e-06	-19.5	-11.258	1.3152
145	22.517	-1e-06	1e-06	19.5	11.258	1.3152
146	22.539	3e-06	3e-06	-19	12.124	1.3152
146	22.539	3e-06	3e-06	19	-12.124	1.3152
146	22.539	3e-06	3e-06	-20	10.392	1.3152
146	22.539	3e-06	3e-06	20	-10.392	1.3152
146	22.539	3e-06	3e-06	1	-22.517	1.3152
146	22.539	3e-06	3e-06	-1	22.517	1.3152
146	22.539	3e-06	3e-06	-1	-22.517	1.3152
146	22.539	3e-06	3e-06	1	22.517	1.3152
146	22.539	3e-06	3e-06	-20	-10.392	1.3152
146	22.539	3e-06	3e-06	20	10.392	1.3152
146	22.539	3e-06	3e-06	-19	-12.124	1.3152
146	22.539	3e-06	3e-06	19	12.124	1.3152
147	22.605	0	0	-18.5	12.99	1.3152
147	22.605	0	0	18.5	-12.99	1.3152
147	22.605	0	0	-20.5	9.5263	1.3152
147	22.605	0	0	20.5	-9.5263	1.3152
147	22.605	0	0	2	-22.517	1.3152
147	22.605	0	0	-2	22.517	1.3152
147	22.605	0	0	-2	-22.517	1.3152
147	22.605	0	0	2	22.517	1.3152
147	22.605	0	0	-20.5	-9.5263	1.3152
147	22.605	0	0	20.5	9.5263	1.3152
147	22.605	0	0	-18.5	-12.99	1.3152
147	22.605	0	0	18.5	12.99	1.3152
148	22.716	0	0	-18	13.856	1.3152
148	22.716	0	0	18	-13.856	1.3152
148	22.716	0	0	-21	8.6603	1.3152
148	22.716	0	0	21	-8.6603	1.3152
148	22.716	0	0	-3	-22.517	1.3152
148	22.716	0	0	3	22.517	1.3152
149	23.388	1e-06	1e-06	-20	12.124	1.3152
149	23.388	1e-06	1e-06	20	-12.124	1.3152
149	23.388	1e-06	1e-06	-20.5	11.258	1.3152
149	23.388	1e-06	1e-06	20.5	-11.258	1.3152
149	23.388	1e-06	1e-06	0.5	-23.383	1.3152
149	23.388	1e-06	1e-06	-0.5	23.383	1.3152
149	23.388	1e-06	1e-06	-0.5	-23.383	1.3152
149	23.388	1e-06	1e-06	0.5	23.383	1.3152
149	23.388	1e-06	1e-06	-20.5	-11.258	1.3152
149	23.388	1e-06	1e-06	20.5	11.258	1.3152
149	23.388	1e-06	1e-06	-20	-12.124	1.3152
149	23.388	1e-06	1e-06	20	12.124	1.3152
150	23.431	1e-06	1e-06	-19.5	12.99	1.3152
150	23.431	1e-06	1e-06	19.5	-12.99	1.3152
150	23.431	1e-06	1e-06	-21	10.392	1.3152
150	23.431	1e-06	1e-06	21	-10.392	1.3152
150	23.431	1e-06	1e-06	-1.5	-23.383	1.3152
150	23.431	1e-06	1e-06	1.5	23.383	1.3152
151	24.249	0	0	0	0	0
