1	0	0.38085	0.38085	0	0	1.3152
2	1	-0.061719	0.061719	0.5	-0.86603	1.3152
2	1	-0.061719	0.061719	-0.5	0.86603	1.3152
2	1	-0.061719	0.061719	-1	0	1.3152
2	1	-0.061719	0.061719	1	0	1.3152
2	1	-0.061719	0.061719	-0.5	-0.86603	1.3152
2	1	-0.061719	0.061719	0.5	0.86603	1.3152
3	1.7321	-0.024503	0.024503	1.5	-0.86603	1.3152
3	1.7321	-0.024503	0.024503	6.1706e-09	1.7321	1.3152
3	1.7321	-0.024503	0.024503	-1.5	-0.86603	1.3152
3	1.7321	-0.015918	0.015918	-1.5	0.86603	1.3152
3	1.7321	-0.015918	0.015918	-6.1706e-09	-1.7321	1.3152
3	1.7321	-0.015918	0.015918	1.5	0.86603	1.3152
4	2	-0.011559	0.011559	1	-1.7321	1.3152
4	2	-0.011559	0.011559	-1	1.7321	1.3152
4	2	-0.011559	0.011559	-2	0	1.3152
4	2	-0.011559	0.011559	2	0	1.3152
4	2	-0.011559	0.011559	-1	-1.7321	1.3152
4	2	-0.011559	0.011559	1	1.7321	1.3152
5	2.6458	-0.00455	0.00455	-2	1.7321	1.3152
5	2.6458	-0.00455	0.00455	-2.5	0.86603	1.3152
5	2.6458	-0.00455	0.00455	0.5	-2.5981	1.3152
5	2.6458	-0.00455	0.00455	-0.5	-2.5981	1.3152
5	2.6458	-0.00455	0.00455	2.5	0.86603	1.3152
5	2.6458	-0.00455	0.00455	2	1.7321	1.3152
5	2.6458	-0.002911	0.002911	2	-1.7321	1.3152
5	2.6458	-0.002911	0.002911	2.5	-0.86603	1.3152
5	2.6458	-0.002911	0.002911	-0.5	2.5981	1.3152
5	2.6458	-0.002911	0.002911	0.5	2.5981	1.3152
5	2.6458	-0.002911	0.002911	-2.5	-0.86603	1.3152
5	2.6458	-0.002911	0.002911	-2	-1.7321	1.3152
6	3	-0.000436	0.000436	1.5	-2.5981	1.3152
6	3	-0.000436	0.000436	-1.5	2.5981	1.3152
6	3	-0.000436	0.000436	-3	0	1.3152
6	3	-0.000436	0.000436	3	0	1.3152
6	3	-0.000436	0.000436	-1.5	-2.5981	1.3152
6	3	-0.000436	0.000436	1.5	2.5981	1.3152
7	3.4641	-0.000706	0.000706	3	-1.7321	1.3152
7	3.4641	-0.000706	0.000706	1.2341e-08	3.4641	1.3152
7	3.4641	-0.000706	0.000706	-3	-1.7321	1.3152
7	3.4641	-0.000457	0.000457	-3	1.7321	1.3152
7	3.4641	-0.000457	0.000457	-1.2341e-08	-3.4641	1.3152
7	3.4641	-0.000457	0.000457	3	1.7321	1.3152
8	3.6056	0.00045	0.00045	2.5	-2.5981	1.3152
8	3.6056	0.00045	0.00045	3.5	-0.86603	1.3152
8	3.6056	0.00045	0.00045	-1	3.4641	1.3152
8	3.6056	0.00045	0.00045	-3.5	-0.86603	1.3152
8	3.6056	0.00045	0.00045	1	3.4641	1.3152
8	3.6056	0.00045	0.00045	-2.5	-2.5981	1.3152
8	3.6056	-0.000448	0.000448	-2.5	2.5981	1.3152
8	3.6056	-0.000448	0.000448	-3.5	0.86603	1.3152
8	3.6056	-0.000448	0.000448	1	-3.4641	1.3152
8	3.6056	-0.000448	0.000448	3.5	0.86603	1.3152
8	3.6056	-0.000448	0.000448	-1	-3.4641	1.3152
8	3.6056	-0.000448	0.000448	2.5	2.5981	1.3152
9	4	0.000268	0.000268	2	-3.4641	1.3152
9	4	0.000268	0.000268	-2	3.4641	1.3152
9	4	0.000268	0.000268	-4	0	1.3152
9	4	0.000268	0.000268	4	0	1.3152
9	4	0.000268	0.000268	-2	-3.4641	1.3152
9	4	0.000268	0.000268	2	3.4641	1.3152
10	4.3589	6.8e-05	6.8e-05	3.5	-2.5981	1.3152
10	4.3589	6.8e-05	6.8e-05	4	-1.7321	1.3152
10	4.3589	6.8e-05	6.8e-05	-0.5	4.3301	1.3152
10	4.3589	6.8e-05	6.8e-05	0.5	4.3301	1.3152
10	4.3589	6.8e-05	6.8e-05	-4	-1.7321	1.3152
10	4.3589	6.8e-05	6.8e-05	-3.5	-2.5981	1.3152
10	4.3589	-4e-06	4e-06	-3.5	2.5981	1.3152
10	4.3589	-4e-06	4e-06	-4	1.7321	1.3152
10	4.3589	-4e-06	4e-06	0.5	-4.3301	1.3152
10	4.3589	-4e-06	4e-06	-0.5	-4.3301	1.3152
10	4.3589	-4e-06	4e-06	4	1.7321	1.3152
10	4.3589	-4e-06	4e-06	3.5	2.5981	1.3152
11	4.5826	0.000168	0.000168	3	-3.4641	1.3152
11	4.5826	0.000168	0.000168	-1.5	4.3301	1.3152
11	4.5826	0.000168	0.000168	4.5	-0.86603	1.3152
11	4.5826	0.000168	0.000168	-4.5	-0.86603	1.3152
11	4.5826	0.000168	0.000168	1.5	4.3301	1.3152
11	4.5826	0.000168	0.000168	-3	-3.4641	1.3152
11	4.5826	0.000122	0.000122	-3	3.4641	1.3152
11	4.5826	0.000122	0.000122	1.5	-4.3301	1.3152
11	4.5826	0.000122	0.000122	-4.5	0.86603	1.3152
11	4.5826	0.000122	0.000122	4.5	0.86603	1.3152
11	4.5826	0.000122	0.000122	-1.5	-4.3301	1.3152
11	4.5826	0.000122	0.000122	3	3.4641	1.3152
12	5	0.000122	0.000122	2.5	-4.3301	1.3152
12	5	0.000122	0.000122	-2.5	4.3301	1.3152
12	5	0.000122	0.000122	-5	0	1.3152
12	5	0.000122	0.000122	5	0	1.3152
12	5	0.000122	0.000122	-2.5	-4.3301	1.3152
12	5	0.000122	0.000122	2.5	4.3301	1.3152
13	5.1962	7.7e-05	7.7e-05	4.5	-2.5981	1.3152
13	5.1962	7.7e-05	7.7e-05	1.8512e-08	5.1962	1.3152
13	5.1962	7.7e-05	7.7e-05	-4.5	-2.5981	1.3152
13	5.1962	2.1e-05	2.1e-05	-4.5	2.5981	1.3152
13	5.1962	2.1e-05	2.1e-05	-1.8512e-08	-5.1962	1.3152
13	5.1962	2.1e-05	2.1e-05	4.5	2.5981	1.3152
14	5.2915	9.6e-05	9.6e-05	4	-3.4641	1.3152
14	5.2915	9.6e-05	9.6e-05	5	-1.7321	1.3152
14	5.2915	9.6e-05	9.6e-05	-1	5.1962	1.3152
14	5.2915	9.6e-05	9.6e-05	1	5.1962	1.3152
14	5.2915	9.6e-05	9.6e-05	-5	-1.7321	1.3152
14	5.2915	9.6e-05	9.6e-05	-4	-3.4641	1.3152
14	5.2915	8.5e-05	8.5e-05	-4	3.4641	1.3152
14	5.2915	8.5e-05	8.5e-05	-5	1.7321	1.3152
14	5.2915	8.5e-05	8.5e-05	1	-5.1962	1.3152
14	5.2915	8.5e-05	8.5e-05	-1	-5.1962	1.3152
14	5.2915	8.5e-05	8.5e-05	5	1.7321	1.3152
14	5.2915	8.5e-05	8.5e-05	4	3.4641	1.3152
15	5.5678	7.9e-05	7.9e-05	-3.5	4.3301	1.3152
15	5.5678	7.9e-05	7.9e-05	2	-5.1962	1.3152
15	5.5678	7.9e-05	7.9e-05	-5.5	0.86603	1.3152
15	5.5678	7.9e-05	7.9e-05	5.5	0.86603	1.3152
15	5.5678	7.9e-05	7.9e-05	-2	-5.1962	1.3152
15	5.5678	7.9e-05	7.9e-05	3.5	4.3301	1.3152
15	5.5678	4.7e-05	4.7e-05	3.5	-4.3301	1.3152
15	5.5678	4.7e-05	4.7e-05	-2	5.1962	1.3152
15	5.5678	4.7e-05	4.7e-05	5.5	-0.86603	1.3152
15	5.5678	4.7e-05	4.7e-05	-5.5	-0.86603	1.3152
15	5.5678	4.7e-05	4.7e-05	2	5.1962	1.3152
15	5.5678	4.7e-05	4.7e-05	-3.5	-4.3301	1.3152
16	6	4.5e-05	4.5e-05	3	-5.1962	1.3152
16	6	4.5e-05	4.5e-05	-3	5.1962	1.3152
16	6	4.5e-05	4.5e-05	-6	0	1.3152
16	6	4.5e-05	4.5e-05	6	0	1.3152
16	6	4.5e-05	4.5e-05	-3	-5.1962	1.3152
16	6	4.5e-05	4.5e-05	3	5.1962	1.3152
17	6.0828	3.4e-05	3.4e-05	-5	3.4641	1.3152
17	6.0828	3.4e-05	3.4e-05	-5.5	2.5981	1.3152
17	6.0828	3.4e-05	3.4e-05	0.5	-6.0622	1.3152
17	6.0828	3.4e-05	3.4e-05	-0.5	-6.0622	1.3152
17	6.0828	3.4e-05	3.4e-05	5.5	2.5981	1.3152
17	6.0828	3.4e-05	3.4e-05	5	3.4641	1.3152
17	6.0828	-3e-05	3e-05	5	-3.4641	1.3152
17	6.0828	-3e-05	3e-05	5.5	-2.5981	1.3152
17	6.0828	-3e-05	3e-05	-0.5	6.0622	1.3152
17	6.0828	-3e-05	3e-05	0.5	6.0622	1.3152
17	6.0828	-3e-05	3e-05	-5.5	-2.5981	1.3152
17	6.0828	-3e-05	3e-05	-5	-3.4641	1.3152
18	6.245	6.7e-05	6.7e-05	4.5	-4.3301	1.3152
18	6.245	6.7e-05	6.7e-05	6	-1.7321	1.3152
18	6.245	6.7e-05	6.7e-05	-1.5	6.0622	1.3152
18	6.245	6.7e-05	6.7e-05	-6	-1.7321	1.3152
18	6.245	6.7e-05	6.7e-05	1.5	6.0622	1.3152
18	6.245	6.7e-05	6.7e-05	-4.5	-4.3301	1.3152
18	6.245	5.2e-05	5.2e-05	-4.5	4.3301	1.3152
18	6.245	5.2e-05	5.2e-05	-6	1.7321	1.3152
18	6.245	5.2e-05	5.2e-05	1.5	-6.0622	1.3152
18	6.245	5.2e-05	5.2e-05	6	1.7321	1.3152
18	6.245	5.2e-05	5.2e-05	-1.5	-6.0622	1.3152
18	6.245	5.2e-05	5.2e-05	4.5	4.3301	1.3152
19	6.5574	3.1e-05	3.1e-05	-4	5.1962	1.3152
19	6.5574	3.1e-05	3.1e-05	2.5	-6.0622	1.3152
19	6.5574	3.1e-05	3.1e-05	-6.5	0.86603	1.3152
19	6.5574	3.1e-05	3.1e-05	6.5	0.86603	1.3152
19	6.5574	3.1e-05	3.1e-05	-2.5	-6.0622	1.3152
19	6.5574	3.1e-05	3.1e-05	4	5.1962	1.3152
19	6.5574	1.6e-05	1.6e-05	4	-5.1962	1.3152
19	6.5574	1.6e-05	1.6e-05	-2.5	6.0622	1.3152
19	6.5574	1.6e-05	1.6e-05	6.5	-0.86603	1.3152
19	6.5574	1.6e-05	1.6e-05	-6.5	-0.86603	1.3152
19	6.5574	1.6e-05	1.6e-05	2.5	6.0622	1.3152
19	6.5574	1.6e-05	1.6e-05	-4	-5.1962	1.3152
20	6.9282	3.4e-05	3.4e-05	6	-3.4641	1.3152
20	6.9282	3.4e-05	3.4e-05	2.4682e-08	6.9282	1.3152
20	6.9282	3.4e-05	3.4e-05	-6	-3.4641	1.3152
20	6.9282	1e-06	1e-06	-6	3.4641	1.3152
20	6.9282	1e-06	1e-06	-2.4682e-08	-6.9282	1.3152
20	6.9282	1e-06	1e-06	6	3.4641	1.3152
21	7	1.2e-05	1.2e-05	5.5	-4.3301	1.3152
21	7	1.2e-05	1.2e-05	3.5	-6.0622	1.3152
21	7	1.2e-05	1.2e-05	-3.5	6.0622	1.3152
21	7	1.2e-05	1.2e-05	6.5	-2.5981	1.3152
21	7	1.2e-05	1.2e-05	-1	6.9282	1.3152
21	7	1.2e-05	1.2e-05	-7	0	1.3152
21	7	1.2e-05	1.2e-05	7	0	1.3152
21	7	1.2e-05	1.2e-05	1	6.9282	1.3152
21	7	1.2e-05	1.2e-05	-6.5	-2.5981	1.3152
21	7	1.2e-05	1.2e-05	-3.5	-6.0622	1.3152
21	7	1.2e-05	1.2e-05	3.5	6.0622	1.3152
21	7	1.2e-05	1.2e-05	-5.5	-4.3301	1.3152
21	7	1e-05	1e-05	-5.5	4.3301	1.3152
21	7	1e-05	1e-05	-6.5	2.5981	1.3152
21	7	1e-05	1e-05	1	-6.9282	1.3152
21	7	1e-05	1e-05	-1	-6.9282	1.3152
21	7	1e-05	1e-05	6.5	2.5981	1.3152
21	7	1e-05	1e-05	5.5	4.3301	1.3152
22	7.2111	2.3e-05	2.3e-05	-5	5.1962	1.3152
22	7.2111	2.3e-05	2.3e-05	-7	1.7321	1.3152
22	7.2111	2.3e-05	2.3e-05	2	-6.9282	1.3152
22	7.2111	2.3e-05	2.3e-05	7	1.7321	1.3152
22	7.2111	2.3e-05	2.3e-05	-2	-6.9282	1.3152
22	7.2111	2.3e-05	2.3e-05	5	5.1962	1.3152
22	7.2111	1.9e-05	1.9e-05	5	-5.1962	1.3152
22	7.2111	1.9e-05	1.9e-05	7	-1.7321	1.3152
22	7.2111	1.9e-05	1.9e-05	-2	6.9282	1.3152
22	7.2111	1.9e-05	1.9e-05	-7	-1.7321	1.3152
22	7.2111	1.9e-05	1.9e-05	2	6.9282	1.3152
22	7.2111	1.9e-05	1.9e-05	-5	-5.1962	1.3152
23	7.5498	-4e-06	4e-06	-4.5	6.0622	1.3152
23	7.5498	-4e-06	4e-06	3	-6.9282	1.3152
23	7.5498	-4e-06	4e-06	-7.5	0.86603	1.3152
23	7.5498	-4e-06	4e-06	7.5	0.86603	1.3152
23	7.5498	-4e-06	4e-06	-3	-6.9282	1.3152
23	7.5498	-4e-06	4e-06	4.5	6.0622	1.3152
23	7.5498	0	0	4.5	-6.0622	1.3152
23	7.5498	0	0	-3	6.9282	1.3152
23	7.5498	0	0	7.5	-0.86603	1.3152
23	7.5498	0	0	-7.5	-0.86603	1.3152
23	7.5498	0	0	3	6.9282	1.3152
23	7.5498	0	0	-4.5	-6.0622	1.3152
24	7.8102	9e-06	9e-06	-6.5	4.3301	1.3152
24	7.8102	9e-06	9e-06	-7	3.4641	1.3152
24	7.8102	9e-06	9e-06	0.5	-7.7942	1.3152
24	7.8102	9e-06	9e-06	-0.5	-7.7942	1.3152
24	7.8102	9e-06	9e-06	7	3.4641	1.3152
24	7.8102	9e-06	9e-06	6.5	4.3301	1.3152
24	7.8102	6e-06	6e-06	6.5	-4.3301	1.3152
24	7.8102	6e-06	6e-06	7	-3.4641	1.3152
24	7.8102	6e-06	6e-06	-0.5	7.7942	1.3152
24	7.8102	6e-06	6e-06	0.5	7.7942	1.3152
24	7.8102	6e-06	6e-06	-7	-3.4641	1.3152
24	7.8102	6e-06	6e-06	-6.5	-4.3301	1.3152
25	7.9373	2.3e-05	2.3e-05	-6	5.1962	1.3152
25	7.9373	2.3e-05	2.3e-05	-7.5	2.5981	1.3152
25	7.9373	2.3e-05	2.3e-05	1.5	-7.7942	1.3152
25	7.9373	2.3e-05	2.3e-05	-1.5	-7.7942	1.3152
25	7.9373	2.3e-05	2.3e-05	7.5	2.5981	1.3152
25	7.9373	2.3e-05	2.3e-05	6	5.1962	1.3152
25	7.9373	2.1e-05	2.1e-05	6	-5.1962	1.3152
25	7.9373	2.1e-05	2.1e-05	7.5	-2.5981	1.3152
25	7.9373	2.1e-05	2.1e-05	-1.5	7.7942	1.3152
25	7.9373	2.1e-05	2.1e-05	1.5	7.7942	1.3152
25	7.9373	2.1e-05	2.1e-05	-7.5	-2.5981	1.3152
25	7.9373	2.1e-05	2.1e-05	-6	-5.1962	1.3152
26	8	5e-06	5e-06	4	-6.9282	1.3152
26	8	5e-06	5e-06	-4	6.9282	1.3152
26	8	5e-06	5e-06	-8	0	1.3152
26	8	5e-06	5e-06	8	0	1.3152
26	8	5e-06	5e-06	-4	-6.9282	1.3152
26	8	5e-06	5e-06	4	6.9282	1.3152
27	8.1854	1.1e-05	1.1e-05	5.5	-6.0622	1.3152
27	8.1854	1.1e-05	1.1e-05	-2.5	7.7942	1.3152
27	8.1854	1.1e-05	1.1e-05	8	-1.7321	1.3152
27	8.1854	1.1e-05	1.1e-05	-8	-1.7321	1.3152
27	8.1854	1.1e-05	1.1e-05	2.5	7.7942	1.3152
27	8.1854	1.1e-05	1.1e-05	-5.5	-6.0622	1.3152
27	8.1854	7e-06	7e-06	-5.5	6.0622	1.3152
27	8.1854	7e-06	7e-06	2.5	-7.7942	1.3152
27	8.1854	7e-06	7e-06	-8	1.7321	1.3152
27	8.1854	7e-06	7e-06	8	1.7321	1.3152
27	8.1854	7e-06	7e-06	-2.5	-7.7942	1.3152
27	8.1854	7e-06	7e-06	5.5	6.0622	1.3152
28	8.544	6e-06	6e-06	5	-6.9282	1.3152
28	8.544	6e-06	6e-06	-3.5	7.7942	1.3152
28	8.544	6e-06	6e-06	8.5	-0.86603	1.3152
28	8.544	6e-06	6e-06	-8.5	-0.86603	1.3152
28	8.544	6e-06	6e-06	3.5	7.7942	1.3152
28	8.544	6e-06	6e-06	-5	-6.9282	1.3152
28	8.544	0	0	-5	6.9282	1.3152
28	8.544	0	0	3.5	-7.7942	1.3152
28	8.544	0	0	-8.5	0.86603	1.3152
28	8.544	0	0	8.5	0.86603	1.3152
28	8.544	0	0	-3.5	-7.7942	1.3152
28	8.544	0	0	5	6.9282	1.3152
29	8.6603	-1.7e-05	1.7e-05	-7.5	4.3301	1.3152
29	8.6603	-1.7e-05	1.7e-05	-3.0853e-08	-8.6603	1.3152
29	8.6603	-1.7e-05	1.7e-05	7.5	4.3301	1.3152
29	8.6603	-7e-06	7e-06	7.5	-4.3301	1.3152
29	8.6603	-7e-06	7e-06	3.0853e-08	8.6603	1.3152
29	8.6603	-7e-06	7e-06	-7.5	-4.3301	1.3152
30	8.7178	5e-06	5e-06	7	-5.1962	1.3152
30	8.7178	5e-06	5e-06	8	-3.4641	1.3152
30	8.7178	5e-06	5e-06	-1	8.6603	1.3152
30	8.7178	5e-06	5e-06	1	8.6603	1.3152
30	8.7178	5e-06	5e-06	-8	-3.4641	1.3152
30	8.7178	5e-06	5e-06	-7	-5.1962	1.3152
30	8.7178	0	0	-7	5.1962	1.3152
30	8.7178	0	0	-8	3.4641	1.3152
30	8.7178	0	0	1	-8.6603	1.3152
30	8.7178	0	0	-1	-8.6603	1.3152
30	8.7178	0	0	8	3.4641	1.3152
30	8.7178	0	0	7	5.1962	1.3152
31	8.8882	6e-06	6e-06	-6.5	6.0622	1.3152
31	8.8882	6e-06	6e-06	-8.5	2.5981	1.3152
31	8.8882	6e-06	6e-06	2	-8.6603	1.3152
31	8.8882	6e-06	6e-06	-2	-8.6603	1.3152
31	8.8882	6e-06	6e-06	8.5	2.5981	1.3152
31	8.8882	6e-06	6e-06	6.5	6.0622	1.3152
31	8.8882	0	0	6.5	-6.0622	1.3152
31	8.8882	0	0	8.5	-2.5981	1.3152
31	8.8882	0	0	-2	8.6603	1.3152
31	8.8882	0	0	2	8.6603	1.3152
31	8.8882	0	0	-8.5	-2.5981	1.3152
31	8.8882	0	0	-6.5	-6.0622	1.3152
32	9	0	0	4.5	-7.7942	1.3152
32	9	0	0	-4.5	7.7942	1.3152
32	9	0	0	-9	0	1.3152
32	9	0	0	9	0	1.3152
32	9	0	0	-4.5	-7.7942	1.3152
32	9	0	0	4.5	7.7942	1.3152
33	9.1652	-8e-06	8e-06	-6	6.9282	1.3152
33	9.1652	-8e-06	8e-06	3	-8.6603	1.3152
33	9.1652	-8e-06	8e-06	-9	1.7321	1.3152
33	9.1652	-8e-06	8e-06	9	1.7321	1.3152
33	9.1652	-8e-06	8e-06	-3	-8.6603	1.3152
33	9.1652	-8e-06	8e-06	6	6.9282	1.3152
33	9.1652	0	0	6	-6.9282	1.3152
33	9.1652	0	0	-3	8.6603	1.3152
33	9.1652	0	0	9	-1.7321	1.3152
33	9.1652	0	0	-9	-1.7321	1.3152
33	9.1652	0	0	3	8.6603	1.3152
33	9.1652	0	0	-6	-6.9282	1.3152
34	9.5394	-1.6e-05	1.6e-05	-8	5.1962	1.3152
34	9.5394	-1.6e-05	1.6e-05	8	-5.1962	1.3152
34	9.5394	-1.6e-05	1.6e-05	-8.5	4.3301	1.3152
34	9.5394	-1.6e-05	1.6e-05	8.5	-4.3301	1.3152
34	9.5394	-1.6e-05	1.6e-05	0.5	-9.5263	1.3152
34	9.5394	-1.6e-05	1.6e-05	-0.5	9.5263	1.3152
34	9.5394	-1.6e-05	1.6e-05	-0.5	-9.5263	1.3152
34	9.5394	-1.6e-05	1.6e-05	0.5	9.5263	1.3152
34	9.5394	-1.6e-05	1.6e-05	-8.5	-4.3301	1.3152
34	9.5394	-1.6e-05	1.6e-05	8.5	4.3301	1.3152
34	9.5394	-1.6e-05	1.6e-05	-8	-5.1962	1.3152
34	9.5394	-1.6e-05	1.6e-05	8	5.1962	1.3152
34	9.5394	-6e-06	6e-06	-5.5	7.7942	1.3152
34	9.5394	-6e-06	6e-06	4	-8.6603	1.3152
34	9.5394	-6e-06	6e-06	-9.5	0.86603	1.3152
34	9.5394	-6e-06	6e-06	9.5	0.86603	1.3152
34	9.5394	-6e-06	6e-06	-4	-8.6603	1.3152
34	9.5394	-6e-06	6e-06	5.5	7.7942	1.3152
34	9.5394	1e-06	1e-06	5.5	-7.7942	1.3152
34	9.5394	1e-06	1e-06	-4	8.6603	1.3152
34	9.5394	1e-06	1e-06	9.5	-0.86603	1.3152
34	9.5394	1e-06	1e-06	-9.5	-0.86603	1.3152
34	9.5394	1e-06	1e-06	4	8.6603	1.3152
34	9.5394	1e-06	1e-06	-5.5	-7.7942	1.3152
35	9.6437	-1.5e-05	1.5e-05	7.5	-6.0622	1.3152
35	9.6437	-1.5e-05	1.5e-05	9	-3.4641	1.3152
35	9.6437	-1.5e-05	1.5e-05	-1.5	9.5263	1.3152
35	9.6437	-1.5e-05	1.5e-05	1.5	9.5263	1.3152
35	9.6437	-1.5e-05	1.5e-05	-9	-3.4641	1.3152
35	9.6437	-1.5e-05	1.5e-05	-7.5	-6.0622	1.3152
35	9.6437	-1e-06	1e-06	-7.5	6.0622	1.3152
35	9.6437	-1e-06	1e-06	-9	3.4641	1.3152
35	9.6437	-1e-06	1e-06	1.5	-9.5263	1.3152
35	9.6437	-1e-06	1e-06	-1.5	-9.5263	1.3152
35	9.6437	-1e-06	1e-06	9	3.4641	1.3152
35	9.6437	-1e-06	1e-06	7.5	6.0622	1.3152
36	9.8489	-8e-06	8e-06	7	-6.9282	1.3152
36	9.8489	-8e-06	8e-06	9.5	-2.5981	1.3152
36	9.8489	-8e-06	8e-06	-2.5	9.5263	1.3152
36	9.8489	-8e-06	8e-06	-9.5	-2.5981	1.3152
36	9.8489	-8e-06	8e-06	2.5	9.5263	1.3152
36	9.8489	-8e-06	8e-06	-7	-6.9282	1.3152
36	9.8489	-7e-06	7e-06	-7	6.9282	1.3152
36	9.8489	-7e-06	7e-06	-9.5	2.5981	1.3152
36	9.8489	-7e-06	7e-06	2.5	-9.5263	1.3152
36	9.8489	-7e-06	7e-06	9.5	2.5981	1.3152
36	9.8489	-7e-06	7e-06	-2.5	-9.5263	1.3152
36	9.8489	-7e-06	7e-06	7	6.9282	1.3152
37	10	-9e-06	9e-06	5	-8.6603	1.3152
37	10	-9e-06	9e-06	-5	8.6603	1.3152
37	10	-9e-06	9e-06	-10	0	1.3152
37	10	-9e-06	9e-06	10	0	1.3152
37	10	-9e-06	9e-06	-5	-8.6603	1.3152
37	10	-9e-06	9e-06	5	8.6603	1.3152
38	10.149	-9e-06	9e-06	-6.5	7.7942	1.3152
38	10.149	-9e-06	9e-06	3.5	-9.5263	1.3152
38	10.149	-9e-06	9e-06	-10	1.7321	1.3152
38	10.149	-9e-06	9e-06	10	1.7321	1.3152
38	10.149	-9e-06	9e-06	-3.5	-9.5263	1.3152
38	10.149	-9e-06	9e-06	6.5	7.7942	1.3152
38	10.149	-6e-06	6e-06	6.5	-7.7942	1.3152
38	10.149	-6e-06	6e-06	-3.5	9.5263	1.3152
38	10.149	-6e-06	6e-06	10	-1.7321	1.3152
38	10.149	-6e-06	6e-06	-10	-1.7321	1.3152
38	10.149	-6e-06	6e-06	3.5	9.5263	1.3152
38	10.149	-6e-06	6e-06	-6.5	-7.7942	1.3152
39	10.392	9e-06	9e-06	9	-5.1962	1.3152
39	10.392	9e-06	9e-06	3.7024e-08	10.392	1.3152
39	10.392	9e-06	9e-06	-9	-5.1962	1.3152
39	10.392	-1e-06	1e-06	-9	5.1962	1.3152
39	10.392	-1e-06	1e-06	-3.7024e-08	-10.392	1.3152
39	10.392	-1e-06	1e-06	9	5.1962	1.3152
40	10.44	1.2e-05	1.2e-05	8.5	-6.0622	1.3152
40	10.44	1.2e-05	1.2e-05	9.5	-4.3301	1.3152
40	10.44	1.2e-05	1.2e-05	-1	10.392	1.3152
40	10.44	1.2e-05	1.2e-05	1	10.392	1.3152
40	10.44	1.2e-05	1.2e-05	-9.5	-4.3301	1.3152
40	10.44	1.2e-05	1.2e-05	-8.5	-6.0622	1.3152
40	10.44	3e-06	3e-06	-8.5	6.0622	1.3152
40	10.44	3e-06	3e-06	-9.5	4.3301	1.3152
40	10.44	3e-06	3e-06	1	-10.392	1.3152
40	10.44	3e-06	3e-06	-1	-10.392	1.3152
40	10.44	3e-06	3e-06	9.5	4.3301	1.3152
40	10.44	3e-06	3e-06	8.5	6.0622	1.3152
41	10.536	-6e-06	6e-06	-6	8.6603	1.3152
41	10.536	-6e-06	6e-06	6	-8.6603	1.3152
41	10.536	-6e-06	6e-06	4.5	-9.5263	1.3152
41	10.536	-6e-06	6e-06	-4.5	9.5263	1.3152
41	10.536	-6e-06	6e-06	-10.5	0.86603	1.3152
41	10.536	-6e-06	6e-06	10.5	-0.86603	1.3152
41	10.536	-6e-06	6e-06	-10.5	-0.86603	1.3152
41	10.536	-6e-06	6e-06	10.5	0.86603	1.3152
41	10.536	-6e-06	6e-06	-4.5	-9.5263	1.3152
41	10.536	-6e-06	6e-06	4.5	9.5263	1.3152
41	10.536	-6e-06	6e-06	-6	-8.6603	1.3152
41	10.536	-6e-06	6e-06	6	8.6603	1.3152
42	10.583	5e-06	5e-06	-8	6.9282	1.3152
42	10.583	5e-06	5e-06	-10	3.4641	1.3152
42	10.583	5e-06	5e-06	2	-10.392	1.3152
42	10.583	5e-06	5e-06	-2	-10.392	1.3152
42	10.583	5e-06	5e-06	10	3.4641	1.3152
42	10.583	5e-06	5e-06	8	6.9282	1.3152
42	10.583	3e-06	3e-06	8	-6.9282	1.3152
42	10.583	3e-06	3e-06	10	-3.4641	1.3152
42	10.583	3e-06	3e-06	-2	10.392	1.3152
42	10.583	3e-06	3e-06	2	10.392	1.3152
42	10.583	3e-06	3e-06	-10	-3.4641	1.3152
42	10.583	3e-06	3e-06	-8	-6.9282	1.3152
43	10.817	3e-06	3e-06	-7.5	7.7942	1.3152
43	10.817	3e-06	3e-06	-10.5	2.5981	1.3152
43	10.817	3e-06	3e-06	3	-10.392	1.3152
43	10.817	3e-06	3e-06	10.5	2.5981	1.3152
43	10.817	3e-06	3e-06	-3	-10.392	1.3152
43	10.817	3e-06	3e-06	7.5	7.7942	1.3152
43	10.817	-1e-06	1e-06	7.5	-7.7942	1.3152
43	10.817	-1e-06	1e-06	10.5	-2.5981	1.3152
43	10.817	-1e-06	1e-06	-3	10.392	1.3152
43	10.817	-1e-06	1e-06	-10.5	-2.5981	1.3152
43	10.817	-1e-06	1e-06	3	10.392	1.3152
43	10.817	-1e-06	1e-06	-7.5	-7.7942	1.3152
44	11	-6e-06	6e-06	5.5	-9.5263	1.3152
44	11	-6e-06	6e-06	-5.5	9.5263	1.3152
44	11	-6e-06	6e-06	-11	0	1.3152
44	11	-6e-06	6e-06	11	0	1.3152
44	11	-6e-06	6e-06	-5.5	-9.5263	1.3152
44	11	-6e-06	6e-06	5.5	9.5263	1.3152
45	11.136	5e-06	5e-06	-7	8.6603	1.3152
45	11.136	5e-06	5e-06	4	-10.392	1.3152
45	11.136	5e-06	5e-06	-11	1.7321	1.3152
45	11.136	5e-06	5e-06	11	1.7321	1.3152
45	11.136	5e-06	5e-06	-4	-10.392	1.3152
45	11.136	5e-06	5e-06	7	8.6603	1.3152
45	11.136	2e-06	2e-06	7	-8.6603	1.3152
45	11.136	2e-06	2e-06	-4	10.392	1.3152
45	11.136	2e-06	2e-06	11	-1.7321	1.3152
45	11.136	2e-06	2e-06	-11	-1.7321	1.3152
45	11.136	2e-06	2e-06	4	10.392	1.3152
45	11.136	2e-06	2e-06	-7	-8.6603	1.3152
46	11.269	-8e-06	8e-06	-9.5	6.0622	1.3152
46	11.269	-8e-06	8e-06	-10	5.1962	1.3152
46	11.269	-8e-06	8e-06	0.5	-11.258	1.3152
46	11.269	-8e-06	8e-06	-0.5	-11.258	1.3152
46	11.269	-8e-06	8e-06	10	5.1962	1.3152
46	11.269	-8e-06	8e-06	9.5	6.0622	1.3152
46	11.269	6e-06	6e-06	9.5	-6.0622	1.3152
46	11.269	6e-06	6e-06	10	-5.1962	1.3152
46	11.269	6e-06	6e-06	-0.5	11.258	1.3152
46	11.269	6e-06	6e-06	0.5	11.258	1.3152
46	11.269	6e-06	6e-06	-10	-5.1962	1.3152
46	11.269	6e-06	6e-06	-9.5	-6.0622	1.3152
47	11.358	-1e-06	1e-06	-9	6.9282	1.3152
47	11.358	1e-06	1e-06	9	-6.9282	1.3152
47	11.358	-1e-06	1e-06	-10.5	4.3301	1.3152
47	11.358	1e-06	1e-06	10.5	-4.3301	1.3152
47	11.358	-1e-06	1e-06	1.5	-11.258	1.3152
47	11.358	1e-06	1e-06	-1.5	11.258	1.3152
47	11.358	-1e-06	1e-06	-1.5	-11.258	1.3152
47	11.358	1e-06	1e-06	1.5	11.258	1.3152
47	11.358	1e-06	1e-06	-10.5	-4.3301	1.3152
47	11.358	-1e-06	1e-06	10.5	4.3301	1.3152
47	11.358	1e-06	1e-06	-9	-6.9282	1.3152
47	11.358	-1e-06	1e-06	9	6.9282	1.3152
48	11.533	7e-06	7e-06	-6.5	9.5263	1.3152
48	11.533	7e-06	7e-06	5	-10.392	1.3152
48	11.533	7e-06	7e-06	-11.5	0.86603	1.3152
48	11.533	7e-06	7e-06	11.5	0.86603	1.3152
48	11.533	7e-06	7e-06	-5	-10.392	1.3152
48	11.533	7e-06	7e-06	6.5	9.5263	1.3152
48	11.533	6e-06	6e-06	6.5	-9.5263	1.3152
48	11.533	6e-06	6e-06	-5	10.392	1.3152
48	11.533	6e-06	6e-06	11.5	-0.86603	1.3152
48	11.533	6e-06	6e-06	-11.5	-0.86603	1.3152
48	11.533	6e-06	6e-06	5	10.392	1.3152
48	11.533	6e-06	6e-06	-6.5	-9.5263	1.3152
48	11.533	2e-06	2e-06	-8.5	7.7942	1.3152
48	11.533	-2e-06	2e-06	8.5	-7.7942	1.3152
48	11.533	2e-06	2e-06	-11	3.4641	1.3152
48	11.533	-2e-06	2e-06	11	-3.4641	1.3152
48	11.533	2e-06	2e-06	2.5	-11.258	1.3152
48	11.533	-2e-06	2e-06	-2.5	11.258	1.3152
48	11.533	2e-06	2e-06	-2.5	-11.258	1.3152
48	11.533	-2e-06	2e-06	2.5	11.258	1.3152
48	11.533	-2e-06	2e-06	-11	-3.4641	1.3152
48	11.533	2e-06	2e-06	11	3.4641	1.3152
48	11.533	-2e-06	2e-06	-8.5	-7.7942	1.3152
48	11.533	2e-06	2e-06	8.5	7.7942	1.3152
49	11.79	-1.1e-05	1.1e-05	-8	8.6603	1.3152
49	11.79	-1.1e-05	1.1e-05	3.5	-11.258	1.3152
49	11.79	-1.1e-05	1.1e-05	-11.5	2.5981	1.3152
49	11.79	-1.1e-05	1.1e-05	11.5	2.5981	1.3152
49	11.79	-1.1e-05	1.1e-05	-3.5	-11.258	1.3152
49	11.79	-1.1e-05	1.1e-05	8	8.6603	1.3152
49	11.79	-9e-06	9e-06	8	-8.6603	1.3152
49	11.79	-9e-06	9e-06	-3.5	11.258	1.3152
49	11.79	-9e-06	9e-06	11.5	-2.5981	1.3152
49	11.79	-9e-06	9e-06	-11.5	-2.5981	1.3152
49	11.79	-9e-06	9e-06	3.5	11.258	1.3152
49	11.79	-9e-06	9e-06	-8	-8.6603	1.3152
50	12	-4e-06	4e-06	6	-10.392	1.3152
50	12	-4e-06	4e-06	-6	10.392	1.3152
50	12	-4e-06	4e-06	-12	0	1.3152
50	12	-4e-06	4e-06	12	0	1.3152
50	12	-4e-06	4e-06	-6	-10.392	1.3152
50	12	-4e-06	4e-06	6	10.392	1.3152
51	12.124	-8e-06	8e-06	-10.5	6.0622	1.3152
51	12.124	-8e-06	8e-06	-4.3194e-08	-12.124	1.3152
51	12.124	-8e-06	8e-06	10.5	6.0622	1.3152
51	12.124	6e-06	6e-06	10.5	-6.0622	1.3152
51	12.124	6e-06	6e-06	4.3194e-08	12.124	1.3152
51	12.124	6e-06	6e-06	-10.5	-6.0622	1.3152
51	12.124	-3e-06	3e-06	-7.5	9.5263	1.3152
51	12.124	3e-06	3e-06	7.5	-9.5263	1.3152
51	12.124	-3e-06	3e-06	4.5	-11.258	1.3152
51	12.124	3e-06	3e-06	-4.5	11.258	1.3152
51	12.124	-3e-06	3e-06	-12	1.7321	1.3152
51	12.124	3e-06	3e-06	12	-1.7321	1.3152
51	12.124	3e-06	3e-06	-12	-1.7321	1.3152
51	12.124	-3e-06	3e-06	12	1.7321	1.3152
51	12.124	-3e-06	3e-06	-4.5	-11.258	1.3152
51	12.124	3e-06	3e-06	4.5	11.258	1.3152
51	12.124	3e-06	3e-06	-7.5	-9.5263	1.3152
51	12.124	-3e-06	3e-06	7.5	9.5263	1.3152
52	12.166	1e-05	1e-05	10	-6.9282	1.3152
52	12.166	1e-05	1e-05	11	-5.1962	1.3152
52	12.166	1e-05	1e-05	-1	12.124	1.3152
52	12.166	1e-05	1e-05	1	12.124	1.3152
52	12.166	1e-05	1e-05	-11	-5.1962	1.3152
52	12.166	1e-05	1e-05	-10	-6.9282	1.3152
52	12.166	-7e-06	7e-06	-10	6.9282	1.3152
52	12.166	-7e-06	7e-06	-11	5.1962	1.3152
52	12.166	-7e-06	7e-06	1	-12.124	1.3152
52	12.166	-7e-06	7e-06	-1	-12.124	1.3152
52	12.166	-7e-06	7e-06	11	5.1962	1.3152
52	12.166	-7e-06	7e-06	10	6.9282	1.3152
53	12.288	3e-06	3e-06	9.5	-7.7942	1.3152
53	12.288	3e-06	3e-06	11.5	-4.3301	1.3152
53	12.288	3e-06	3e-06	-2	12.124	1.3152
53	12.288	3e-06	3e-06	2	12.124	1.3152
53	12.288	3e-06	3e-06	-11.5	-4.3301	1.3152
53	12.288	3e-06	3e-06	-9.5	-7.7942	1.3152
53	12.288	-1e-06	1e-06	-9.5	7.7942	1.3152
53	12.288	-1e-06	1e-06	-11.5	4.3301	1.3152
53	12.288	-1e-06	1e-06	2	-12.124	1.3152
53	12.288	-1e-06	1e-06	-2	-12.124	1.3152
53	12.288	-1e-06	1e-06	11.5	4.3301	1.3152
53	12.288	-1e-06	1e-06	9.5	7.7942	1.3152
54	12.49	9e-06	9e-06	-9	8.6603	1.3152
54	12.49	9e-06	9e-06	-12	3.4641	1.3152
54	12.49	9e-06	9e-06	3	-12.124	1.3152
54	12.49	9e-06	9e-06	12	3.4641	1.3152
54	12.49	9e-06	9e-06	-3	-12.124	1.3152
54	12.49	9e-06	9e-06	9	8.6603	1.3152
54	12.49	7e-06	7e-06	9	-8.6603	1.3152
54	12.49	7e-06	7e-06	12	-3.4641	1.3152
54	12.49	7e-06	7e-06	-3	12.124	1.3152
54	12.49	7e-06	7e-06	-12	-3.4641	1.3152
54	12.49	7e-06	7e-06	3	12.124	1.3152
54	12.49	7e-06	7e-06	-9	-8.6603	1.3152
55	12.53	4e-06	4e-06	-7	10.392	1.3152
55	12.53	4e-06	4e-06	5.5	-11.258	1.3152
55	12.53	4e-06	4e-06	-12.5	0.86603	1.3152
55	12.53	4e-06	4e-06	12.5	0.86603	1.3152
55	12.53	4e-06	4e-06	-5.5	-11.258	1.3152
55	12.53	4e-06	4e-06	7	10.392	1.3152
55	12.53	0	0	7	-10.392	1.3152
55	12.53	0	0	-5.5	11.258	1.3152
55	12.53	0	0	12.5	-0.86603	1.3152
55	12.53	0	0	-12.5	-0.86603	1.3152
55	12.53	0	0	5.5	11.258	1.3152
55	12.53	0	0	-7	-10.392	1.3152
56	12.767	-2e-06	2e-06	8.5	-9.5263	1.3152
56	12.767	-2e-06	2e-06	-4	12.124	1.3152
56	12.767	-2e-06	2e-06	12.5	-2.5981	1.3152
56	12.767	-2e-06	2e-06	-12.5	-2.5981	1.3152
56	12.767	-2e-06	2e-06	4	12.124	1.3152
56	12.767	-2e-06	2e-06	-8.5	-9.5263	1.3152
56	12.767	1e-06	1e-06	-8.5	9.5263	1.3152
56	12.767	1e-06	1e-06	4	-12.124	1.3152
56	12.767	1e-06	1e-06	-12.5	2.5981	1.3152
56	12.767	1e-06	1e-06	12.5	2.5981	1.3152
56	12.767	1e-06	1e-06	-4	-12.124	1.3152
56	12.767	1e-06	1e-06	8.5	9.5263	1.3152
57	13	-4e-06	4e-06	6.5	-11.258	1.3152
57	13	-4e-06	4e-06	-6.5	11.258	1.3152
57	13	-4e-06	4e-06	-13	0	1.3152
57	13	-4e-06	4e-06	13	0	1.3152
57	13	-4e-06	4e-06	-6.5	-11.258	1.3152
57	13	-4e-06	4e-06	6.5	11.258	1.3152
57	13	2e-06	2e-06	11	-6.9282	1.3152
57	13	2e-06	2e-06	11.5	-6.0622	1.3152
57	13	2e-06	2e-06	-0.5	12.99	1.3152
57	13	2e-06	2e-06	0.5	12.99	1.3152
57	13	2e-06	2e-06	-11.5	-6.0622	1.3152
57	13	2e-06	2e-06	-11	-6.9282	1.3152
57	13	-1e-06	1e-06	-11	6.9282	1.3152
57	13	-1e-06	1e-06	-11.5	6.0622	1.3152
57	13	-1e-06	1e-06	0.5	-12.99	1.3152
57	13	-1e-06	1e-06	-0.5	-12.99	1.3152
57	13	-1e-06	1e-06	11.5	6.0622	1.3152
57	13	-1e-06	1e-06	11	6.9282	1.3152
58	13.077	8e-06	8e-06	10.5	-7.7942	1.3152
58	13.077	8e-06	8e-06	12	-5.1962	1.3152
58	13.077	8e-06	8e-06	-1.5	12.99	1.3152
58	13.077	8e-06	8e-06	1.5	12.99	1.3152
58	13.077	8e-06	8e-06	-12	-5.1962	1.3152
58	13.077	8e-06	8e-06	-10.5	-7.7942	1.3152
58	13.077	3e-06	3e-06	-10.5	7.7942	1.3152
58	13.077	3e-06	3e-06	-12	5.1962	1.3152
58	13.077	3e-06	3e-06	1.5	-12.99	1.3152
58	13.077	3e-06	3e-06	-1.5	-12.99	1.3152
58	13.077	3e-06	3e-06	12	5.1962	1.3152
58	13.077	3e-06	3e-06	10.5	7.7942	1.3152
59	13.115	1e-06	1e-06	-8	10.392	1.3152
59	13.115	-1e-06	1e-06	8	-10.392	1.3152
59	13.115	1e-06	1e-06	5	-12.124	1.3152
59	13.115	-1e-06	1e-06	-5	12.124	1.3152
59	13.115	1e-06	1e-06	-13	1.7321	1.3152
59	13.115	-1e-06	1e-06	13	-1.7321	1.3152
59	13.115	-1e-06	1e-06	-13	-1.7321	1.3152
59	13.115	1e-06	1e-06	13	1.7321	1.3152
59	13.115	1e-06	1e-06	-5	-12.124	1.3152
59	13.115	-1e-06	1e-06	5	12.124	1.3152
59	13.115	-1e-06	1e-06	-8	-10.392	1.3152
59	13.115	1e-06	1e-06	8	10.392	1.3152
60	13.229	-1e-06	1e-06	-10	8.6603	1.3152
60	13.229	-1e-06	1e-06	10	-8.6603	1.3152
60	13.229	-1e-06	1e-06	-12.5	4.3301	1.3152
60	13.229	-1e-06	1e-06	12.5	-4.3301	1.3152
60	13.229	-1e-06	1e-06	2.5	-12.99	1.3152
60	13.229	-1e-06	1e-06	-2.5	12.99	1.3152
60	13.229	-1e-06	1e-06	-2.5	-12.99	1.3152
60	13.229	-1e-06	1e-06	2.5	12.99	1.3152
60	13.229	-1e-06	1e-06	-12.5	-4.3301	1.3152
60	13.229	-1e-06	1e-06	12.5	4.3301	1.3152
60	13.229	-1e-06	1e-06	-10	-8.6603	1.3152
60	13.229	-1e-06	1e-06	10	8.6603	1.3152
61	13.454	1e-06	1e-06	-9.5	9.5263	1.3152
61	13.454	-1e-06	1e-06	9.5	-9.5263	1.3152
61	13.454	1e-06	1e-06	-13	3.4641	1.3152
61	13.454	-1e-06	1e-06	13	-3.4641	1.3152
61	13.454	1e-06	1e-06	3.5	-12.99	1.3152
61	13.454	-1e-06	1e-06	-3.5	12.99	1.3152
61	13.454	-1e-06	1e-06	-13	-3.4641	1.3152
61	13.454	1e-06	1e-06	13	3.4641	1.3152
61	13.454	1e-06	1e-06	-3.5	-12.99	1.3152
61	13.454	-1e-06	1e-06	3.5	12.99	1.3152
61	13.454	-1e-06	1e-06	-9.5	-9.5263	1.3152
61	13.454	1e-06	1e-06	9.5	9.5263	1.3152
62	13.528	5e-06	5e-06	-7.5	11.258	1.3152
62	13.528	5e-06	5e-06	6	-12.124	1.3152
62	13.528	5e-06	5e-06	-13.5	0.86603	1.3152
62	13.528	5e-06	5e-06	13.5	0.86603	1.3152
62	13.528	5e-06	5e-06	-6	-12.124	1.3152
62	13.528	5e-06	5e-06	7.5	11.258	1.3152
62	13.528	1e-06	1e-06	7.5	-11.258	1.3152
62	13.528	1e-06	1e-06	-6	12.124	1.3152
62	13.528	1e-06	1e-06	13.5	-0.86603	1.3152
62	13.528	1e-06	1e-06	-13.5	-0.86603	1.3152
62	13.528	1e-06	1e-06	6	12.124	1.3152
62	13.528	1e-06	1e-06	-7.5	-11.258	1.3152
63	13.748	-6e-06	6e-06	9	-10.392	1.3152
63	13.748	-6e-06	6e-06	-4.5	12.99	1.3152
63	13.748	-6e-06	6e-06	13.5	-2.5981	1.3152
63	13.748	-6e-06	6e-06	-13.5	-2.5981	1.3152
63	13.748	-6e-06	6e-06	4.5	12.99	1.3152
63	13.748	-6e-06	6e-06	-9	-10.392	1.3152
63	13.748	2e-06	2e-06	-9	10.392	1.3152
63	13.748	2e-06	2e-06	4.5	-12.99	1.3152
63	13.748	2e-06	2e-06	-13.5	2.5981	1.3152
63	13.748	2e-06	2e-06	13.5	2.5981	1.3152
63	13.748	2e-06	2e-06	-4.5	-12.99	1.3152
63	13.748	2e-06	2e-06	9	10.392	1.3152
64	13.856	4e-06	4e-06	-12	6.9282	1.3152
64	13.856	4e-06	4e-06	-4.9365e-08	-13.856	1.3152
64	13.856	4e-06	4e-06	12	6.9282	1.3152
64	13.856	3e-06	3e-06	12	-6.9282	1.3152
64	13.856	3e-06	3e-06	4.9365e-08	13.856	1.3152
64	13.856	3e-06	3e-06	-12	-6.9282	1.3152
65	13.892	3e-06	3e-06	11.5	-7.7942	1.3152
65	13.892	3e-06	3e-06	12.5	-6.0622	1.3152
65	13.892	3e-06	3e-06	-1	13.856	1.3152
65	13.892	3e-06	3e-06	1	13.856	1.3152
65	13.892	3e-06	3e-06	-12.5	-6.0622	1.3152
65	13.892	3e-06	3e-06	-11.5	-7.7942	1.3152
65	13.892	1e-06	1e-06	-11.5	7.7942	1.3152
65	13.892	1e-06	1e-06	-12.5	6.0622	1.3152
65	13.892	1e-06	1e-06	1	-13.856	1.3152
65	13.892	1e-06	1e-06	-1	-13.856	1.3152
65	13.892	1e-06	1e-06	12.5	6.0622	1.3152
65	13.892	1e-06	1e-06	11.5	7.7942	1.3152
66	14	3e-06	3e-06	11	-8.6603	1.3152
66	14	3e-06	3e-06	13	-5.1962	1.3152
66	14	3e-06	3e-06	-2	13.856	1.3152
66	14	3e-06	3e-06	2	13.856	1.3152
66	14	3e-06	3e-06	-13	-5.1962	1.3152
66	14	3e-06	3e-06	-11	-8.6603	1.3152
66	14	2e-06	2e-06	-11	8.6603	1.3152
66	14	2e-06	2e-06	-13	5.1962	1.3152
66	14	2e-06	2e-06	2	-13.856	1.3152
66	14	2e-06	2e-06	-2	-13.856	1.3152
66	14	2e-06	2e-06	13	5.1962	1.3152
66	14	2e-06	2e-06	11	8.6603	1.3152
66	14	0	0	7	-12.124	1.3152
66	14	0	0	-7	12.124	1.3152
66	14	0	0	-14	0	1.3152
66	14	0	0	14	0	1.3152
66	14	0	0	-7	-12.124	1.3152
66	14	0	0	7	12.124	1.3152
67	14.107	-6e-06	6e-06	8.5	-11.258	1.3152
67	14.107	-6e-06	6e-06	-5.5	12.99	1.3152
67	14.107	-6e-06	6e-06	14	-1.7321	1.3152
67	14.107	-6e-06	6e-06	-14	-1.7321	1.3152
67	14.107	-6e-06	6e-06	5.5	12.99	1.3152
67	14.107	-6e-06	6e-06	-8.5	-11.258	1.3152
67	14.107	-3e-06	3e-06	-8.5	11.258	1.3152
67	14.107	-3e-06	3e-06	5.5	-12.99	1.3152
67	14.107	-3e-06	3e-06	-14	1.7321	1.3152
67	14.107	-3e-06	3e-06	14	1.7321	1.3152
67	14.107	-3e-06	3e-06	-5.5	-12.99	1.3152
67	14.107	-3e-06	3e-06	8.5	11.258	1.3152
68	14.177	-5e-06	5e-06	-10.5	9.5263	1.3152
68	14.177	-5e-06	5e-06	10.5	-9.5263	1.3152
68	14.177	-5e-06	5e-06	-13.5	4.3301	1.3152
68	14.177	-5e-06	5e-06	13.5	-4.3301	1.3152
68	14.177	-5e-06	5e-06	3	-13.856	1.3152
68	14.177	-5e-06	5e-06	-3	13.856	1.3152
68	14.177	-5e-06	5e-06	-3	-13.856	1.3152
68	14.177	-5e-06	5e-06	3	13.856	1.3152
68	14.177	-5e-06	5e-06	-13.5	-4.3301	1.3152
68	14.177	-5e-06	5e-06	13.5	4.3301	1.3152
68	14.177	-5e-06	5e-06	-10.5	-9.5263	1.3152
68	14.177	-5e-06	5e-06	10.5	9.5263	1.3152
69	14.422	-6e-06	6e-06	10	-10.392	1.3152
69	14.422	-6e-06	6e-06	14	-3.4641	1.3152
69	14.422	-6e-06	6e-06	-4	13.856	1.3152
69	14.422	-6e-06	6e-06	-14	-3.4641	1.3152
69	14.422	-6e-06	6e-06	4	13.856	1.3152
69	14.422	-6e-06	6e-06	-10	-10.392	1.3152
69	14.422	0	0	-10	10.392	1.3152
69	14.422	0	0	-14	3.4641	1.3152
69	14.422	0	0	4	-13.856	1.3152
69	14.422	0	0	14	3.4641	1.3152
69	14.422	0	0	-4	-13.856	1.3152
69	14.422	0	0	10	10.392	1.3152
70	14.526	-5e-06	5e-06	-8	12.124	1.3152
70	14.526	-5e-06	5e-06	6.5	-12.99	1.3152
70	14.526	-5e-06	5e-06	-14.5	0.86603	1.3152
70	14.526	-5e-06	5e-06	14.5	0.86603	1.3152
70	14.526	-5e-06	5e-06	-6.5	-12.99	1.3152
70	14.526	-5e-06	5e-06	8	12.124	1.3152
70	14.526	-3e-06	3e-06	8	-12.124	1.3152
70	14.526	-3e-06	3e-06	-6.5	12.99	1.3152
70	14.526	-3e-06	3e-06	14.5	-0.86603	1.3152
70	14.526	-3e-06	3e-06	-14.5	-0.86603	1.3152
70	14.526	-3e-06	3e-06	6.5	12.99	1.3152
70	14.526	-3e-06	3e-06	-8	-12.124	1.3152
71	14.731	4e-06	4e-06	-9.5	11.258	1.3152
71	14.731	4e-06	4e-06	12.5	-7.7942	1.3152
71	14.731	4e-06	4e-06	13	-6.9282	1.3152
71	14.731	4e-06	4e-06	5	-13.856	1.3152
71	14.731	4e-06	4e-06	-14.5	2.5981	1.3152
71	14.731	4e-06	4e-06	-0.5	14.722	1.3152
71	14.731	4e-06	4e-06	0.5	14.722	1.3152
71	14.731	4e-06	4e-06	14.5	2.5981	1.3152
71	14.731	4e-06	4e-06	-5	-13.856	1.3152
71	14.731	4e-06	4e-06	-13	-6.9282	1.3152
71	14.731	4e-06	4e-06	-12.5	-7.7942	1.3152
71	14.731	4e-06	4e-06	9.5	11.258	1.3152
71	14.731	2e-06	2e-06	-12.5	7.7942	1.3152
71	14.731	2e-06	2e-06	-13	6.9282	1.3152
71	14.731	2e-06	2e-06	0.5	-14.722	1.3152
71	14.731	2e-06	2e-06	-0.5	-14.722	1.3152
71	14.731	2e-06	2e-06	13	6.9282	1.3152
71	14.731	2e-06	2e-06	12.5	7.7942	1.3152
71	14.731	0	0	9.5	-11.258	1.3152
71	14.731	0	0	-5	13.856	1.3152
71	14.731	0	0	14.5	-2.5981	1.3152
71	14.731	0	0	-14.5	-2.5981	1.3152
71	14.731	0	0	5	13.856	1.3152
71	14.731	0	0	-9.5	-11.258	1.3152
72	14.799	7e-06	7e-06	-12	8.6603	1.3152
72	14.799	7e-06	7e-06	-13.5	6.0622	1.3152
72	14.799	7e-06	7e-06	1.5	-14.722	1.3152
72	14.799	7e-06	7e-06	-1.5	-14.722	1.3152
72	14.799	7e-06	7e-06	13.5	6.0622	1.3152
72	14.799	7e-06	7e-06	12	8.6603	1.3152
72	14.799	5e-06	5e-06	12	-8.6603	1.3152
72	14.799	5e-06	5e-06	13.5	-6.0622	1.3152
72	14.799	5e-06	5e-06	-1.5	14.722	1.3152
72	14.799	5e-06	5e-06	1.5	14.722	1.3152
72	14.799	5e-06	5e-06	-13.5	-6.0622	1.3152
72	14.799	5e-06	5e-06	-12	-8.6603	1.3152
73	14.933	-4e-06	4e-06	-11.5	9.5263	1.3152
73	14.933	-4e-06	4e-06	11.5	-9.5263	1.3152
73	14.933	-4e-06	4e-06	-14	5.1962	1.3152
73	14.933	-4e-06	4e-06	14	-5.1962	1.3152
73	14.933	-4e-06	4e-06	2.5	-14.722	1.3152
73	14.933	-4e-06	4e-06	-2.5	14.722	1.3152
73	14.933	-4e-06	4e-06	-2.5	-14.722	1.3152
73	14.933	-4e-06	4e-06	2.5	14.722	1.3152
73	14.933	-4e-06	4e-06	-14	-5.1962	1.3152
73	14.933	-4e-06	4e-06	14	5.1962	1.3152
73	14.933	-4e-06	4e-06	-11.5	-9.5263	1.3152
73	14.933	-4e-06	4e-06	11.5	9.5263	1.3152
74	15	-3e-06	3e-06	7.5	-12.99	1.3152
74	15	-3e-06	3e-06	-7.5	12.99	1.3152
74	15	-3e-06	3e-06	-15	0	1.3152
74	15	-3e-06	3e-06	15	0	1.3152
74	15	-3e-06	3e-06	-7.5	-12.99	1.3152
74	15	-3e-06	3e-06	7.5	12.99	1.3152
75	15.1	-5e-06	5e-06	-9	12.124	1.3152
75	15.1	-5e-06	5e-06	6	-13.856	1.3152
75	15.1	-5e-06	5e-06	-15	1.7321	1.3152
75	15.1	-5e-06	5e-06	15	1.7321	1.3152
75	15.1	-5e-06	5e-06	-6	-13.856	1.3152
75	15.1	-5e-06	5e-06	9	12.124	1.3152
75	15.1	-2e-06	2e-06	9	-12.124	1.3152
75	15.1	-2e-06	2e-06	-6	13.856	1.3152
75	15.1	-2e-06	2e-06	15	-1.7321	1.3152
75	15.1	-2e-06	2e-06	-15	-1.7321	1.3152
75	15.1	-2e-06	2e-06	6	13.856	1.3152
75	15.1	-2e-06	2e-06	-9	-12.124	1.3152
76	15.133	-6e-06	6e-06	-11	10.392	1.3152
76	15.133	-6e-06	6e-06	-14.5	4.3301	1.3152
76	15.133	-6e-06	6e-06	3.5	-14.722	1.3152
76	15.133	-6e-06	6e-06	14.5	4.3301	1.3152
76	15.133	-6e-06	6e-06	-3.5	-14.722	1.3152
76	15.133	-6e-06	6e-06	11	10.392	1.3152
76	15.133	0	0	11	-10.392	1.3152
76	15.133	0	0	14.5	-4.3301	1.3152
76	15.133	0	0	-3.5	14.722	1.3152
76	15.133	0	0	-14.5	-4.3301	1.3152
76	15.133	0	0	3.5	14.722	1.3152
76	15.133	0	0	-11	-10.392	1.3152
77	15.395	-9e-06	9e-06	10.5	-11.258	1.3152
77	15.395	-9e-06	9e-06	-4.5	14.722	1.3152
77	15.395	-9e-06	9e-06	15	-3.4641	1.3152
77	15.395	-9e-06	9e-06	-15	-3.4641	1.3152
77	15.395	-9e-06	9e-06	4.5	14.722	1.3152
77	15.395	-9e-06	9e-06	-10.5	-11.258	1.3152
77	15.395	-6e-06	6e-06	-10.5	11.258	1.3152
77	15.395	-6e-06	6e-06	4.5	-14.722	1.3152
77	15.395	-6e-06	6e-06	-15	3.4641	1.3152
77	15.395	-6e-06	6e-06	15	3.4641	1.3152
77	15.395	-6e-06	6e-06	-4.5	-14.722	1.3152
77	15.395	-6e-06	6e-06	10.5	11.258	1.3152
78	15.524	-2e-06	2e-06	-8.5	12.99	1.3152
78	15.524	-2e-06	2e-06	7	-13.856	1.3152
78	15.524	-2e-06	2e-06	-15.5	0.86603	1.3152
78	15.524	-2e-06	2e-06	15.5	0.86603	1.3152
78	15.524	-2e-06	2e-06	-7	-13.856	1.3152
78	15.524	-2e-06	2e-06	8.5	12.99	1.3152
78	15.524	0	0	8.5	-12.99	1.3152
78	15.524	0	0	-7	13.856	1.3152
78	15.524	0	0	15.5	-0.86603	1.3152
78	15.524	0	0	-15.5	-0.86603	1.3152
78	15.524	0	0	7	13.856	1.3152
78	15.524	0	0	-8.5	-12.99	1.3152
79	15.588	8e-06	8e-06	13.5	-7.7942	1.3152
79	15.588	8e-06	8e-06	5.5535e-08	15.588	1.3152
79	15.588	8e-06	8e-06	-13.5	-7.7942	1.3152
79	15.588	7e-06	7e-06	-13.5	7.7942	1.3152
79	15.588	7e-06	7e-06	-5.5535e-08	-15.588	1.3152
79	15.588	7e-06	7e-06	13.5	7.7942	1.3152
80	15.62	2e-06	2e-06	13	-8.6603	1.3152
80	15.62	2e-06	2e-06	14	-6.9282	1.3152
80	15.62	2e-06	2e-06	-1	15.588	1.3152
80	15.62	2e-06	2e-06	1	15.588	1.3152
80	15.62	2e-06	2e-06	-14	-6.9282	1.3152
80	15.62	2e-06	2e-06	-13	-8.6603	1.3152
80	15.62	1e-06	1e-06	-13	8.6603	1.3152
80	15.62	1e-06	1e-06	-14	6.9282	1.3152
80	15.62	1e-06	1e-06	1	-15.588	1.3152
80	15.62	1e-06	1e-06	-1	-15.588	1.3152
80	15.62	1e-06	1e-06	14	6.9282	1.3152
80	15.62	1e-06	1e-06	13	8.6603	1.3152
81	15.716	6e-06	6e-06	-12.5	9.5263	1.3152
81	15.716	6e-06	6e-06	-14.5	6.0622	1.3152
81	15.716	6e-06	6e-06	2	-15.588	1.3152
81	15.716	6e-06	6e-06	-2	-15.588	1.3152
81	15.716	6e-06	6e-06	14.5	6.0622	1.3152
81	15.716	6e-06	6e-06	12.5	9.5263	1.3152
81	15.716	1e-06	1e-06	12.5	-9.5263	1.3152
81	15.716	1e-06	1e-06	10	-12.124	1.3152
81	15.716	1e-06	1e-06	14.5	-6.0622	1.3152
81	15.716	1e-06	1e-06	-5.5	14.722	1.3152
81	15.716	1e-06	1e-06	15.5	-2.5981	1.3152
81	15.716	1e-06	1e-06	-2	15.588	1.3152
81	15.716	1e-06	1e-06	-15.5	-2.5981	1.3152
81	15.716	1e-06	1e-06	2	15.588	1.3152
81	15.716	1e-06	1e-06	-14.5	-6.0622	1.3152
81	15.716	1e-06	1e-06	5.5	14.722	1.3152
81	15.716	1e-06	1e-06	-12.5	-9.5263	1.3152
81	15.716	1e-06	1e-06	-10	-12.124	1.3152
81	15.716	0	0	-10	12.124	1.3152
81	15.716	0	0	5.5	-14.722	1.3152
81	15.716	0	0	-15.5	2.5981	1.3152
81	15.716	0	0	15.5	2.5981	1.3152
81	15.716	0	0	-5.5	-14.722	1.3152
81	15.716	0	0	10	12.124	1.3152
82	15.875	-4e-06	4e-06	-12	10.392	1.3152
82	15.875	-4e-06	4e-06	-15	5.1962	1.3152
82	15.875	-4e-06	4e-06	3	-15.588	1.3152
82	15.875	-4e-06	4e-06	-3	-15.588	1.3152
82	15.875	-4e-06	4e-06	15	5.1962	1.3152
82	15.875	-4e-06	4e-06	12	10.392	1.3152
82	15.875	-2e-06	2e-06	12	-10.392	1.3152
82	15.875	-2e-06	2e-06	15	-5.1962	1.3152
82	15.875	-2e-06	2e-06	-3	15.588	1.3152
82	15.875	-2e-06	2e-06	3	15.588	1.3152
82	15.875	-2e-06	2e-06	-15	-5.1962	1.3152
82	15.875	-2e-06	2e-06	-12	-10.392	1.3152
83	16	-4e-06	4e-06	8	-13.856	1.3152
83	16	-4e-06	4e-06	-8	13.856	1.3152
83	16	-4e-06	4e-06	-16	0	1.3152
83	16	-4e-06	4e-06	16	0	1.3152
83	16	-4e-06	4e-06	-8	-13.856	1.3152
83	16	-4e-06	4e-06	8	13.856	1.3152
84	16.093	-6e-06	6e-06	11.5	-11.258	1.3152
84	16.093	-6e-06	6e-06	15.5	-4.3301	1.3152
84	16.093	-6e-06	6e-06	-4	15.588	1.3152
84	16.093	-6e-06	6e-06	-15.5	-4.3301	1.3152
84	16.093	-6e-06	6e-06	4	15.588	1.3152
84	16.093	-6e-06	6e-06	-11.5	-11.258	1.3152
84	16.093	-5e-06	5e-06	-11.5	11.258	1.3152
84	16.093	-5e-06	5e-06	-15.5	4.3301	1.3152
84	16.093	-5e-06	5e-06	4	-15.588	1.3152
84	16.093	-5e-06	5e-06	15.5	4.3301	1.3152
84	16.093	-5e-06	5e-06	-4	-15.588	1.3152
84	16.093	-5e-06	5e-06	11.5	11.258	1.3152
84	16.093	-4e-06	4e-06	-9.5	12.99	1.3152
84	16.093	-4e-06	4e-06	9.5	-12.99	1.3152
84	16.093	-4e-06	4e-06	6.5	-14.722	1.3152
84	16.093	-4e-06	4e-06	-6.5	14.722	1.3152
84	16.093	-4e-06	4e-06	-16	1.7321	1.3152
84	16.093	-4e-06	4e-06	16	-1.7321	1.3152
84	16.093	-4e-06	4e-06	-16	-1.7321	1.3152
84	16.093	-4e-06	4e-06	16	1.7321	1.3152
84	16.093	-4e-06	4e-06	-6.5	-14.722	1.3152
84	16.093	-4e-06	4e-06	6.5	14.722	1.3152
84	16.093	-4e-06	4e-06	-9.5	-12.99	1.3152
84	16.093	-4e-06	4e-06	9.5	12.99	1.3152
85	16.371	-7e-06	7e-06	-11	12.124	1.3152
85	16.371	-7e-06	7e-06	5	-15.588	1.3152
85	16.371	-7e-06	7e-06	-16	3.4641	1.3152
85	16.371	-7e-06	7e-06	16	3.4641	1.3152
85	16.371	-7e-06	7e-06	-5	-15.588	1.3152
85	16.371	-7e-06	7e-06	11	12.124	1.3152
85	16.371	-5e-06	5e-06	11	-12.124	1.3152
85	16.371	-5e-06	5e-06	-5	15.588	1.3152
85	16.371	-5e-06	5e-06	16	-3.4641	1.3152
85	16.371	-5e-06	5e-06	-16	-3.4641	1.3152
85	16.371	-5e-06	5e-06	5	15.588	1.3152
85	16.371	-5e-06	5e-06	-11	-12.124	1.3152
86	16.462	-3e-06	3e-06	-14	8.6603	1.3152
86	16.462	-3e-06	3e-06	-14.5	7.7942	1.3152
86	16.462	-3e-06	3e-06	0.5	-16.454	1.3152
86	16.462	-3e-06	3e-06	-0.5	-16.454	1.3152
86	16.462	-3e-06	3e-06	14.5	7.7942	1.3152
86	16.462	-3e-06	3e-06	14	8.6603	1.3152
86	16.462	-2e-06	2e-06	14	-8.6603	1.3152
86	16.462	-2e-06	2e-06	14.5	-7.7942	1.3152
86	16.462	-2e-06	2e-06	-0.5	16.454	1.3152
86	16.462	-2e-06	2e-06	0.5	16.454	1.3152
86	16.462	-2e-06	2e-06	-14.5	-7.7942	1.3152
86	16.462	-2e-06	2e-06	-14	-8.6603	1.3152
87	16.523	-5e-06	5e-06	9	-13.856	1.3152
87	16.523	-5e-06	5e-06	-7.5	14.722	1.3152
87	16.523	-5e-06	5e-06	16.5	-0.86603	1.3152
87	16.523	-5e-06	5e-06	-16.5	-0.86603	1.3152
87	16.523	-5e-06	5e-06	7.5	14.722	1.3152
87	16.523	-5e-06	5e-06	-9	-13.856	1.3152
87	16.523	-4e-06	4e-06	-9	13.856	1.3152
87	16.523	-4e-06	4e-06	7.5	-14.722	1.3152
87	16.523	-4e-06	4e-06	-16.5	0.86603	1.3152
87	16.523	-4e-06	4e-06	16.5	0.86603	1.3152
87	16.523	-4e-06	4e-06	-7.5	-14.722	1.3152
87	16.523	-4e-06	4e-06	9	13.856	1.3152
87	16.523	-2e-06	2e-06	13.5	-9.5263	1.3152
87	16.523	-2e-06	2e-06	15	-6.9282	1.3152
87	16.523	-2e-06	2e-06	-1.5	16.454	1.3152
87	16.523	-2e-06	2e-06	1.5	16.454	1.3152
87	16.523	-2e-06	2e-06	-15	-6.9282	1.3152
87	16.523	-2e-06	2e-06	-13.5	-9.5263	1.3152
87	16.523	-1e-06	1e-06	-13.5	9.5263	1.3152
87	16.523	-1e-06	1e-06	-15	6.9282	1.3152
87	16.523	-1e-06	1e-06	1.5	-16.454	1.3152
87	16.523	-1e-06	1e-06	-1.5	-16.454	1.3152
87	16.523	-1e-06	1e-06	15	6.9282	1.3152
87	16.523	-1e-06	1e-06	13.5	9.5263	1.3152
88	16.643	-3e-06	3e-06	13	-10.392	1.3152
88	16.643	-3e-06	3e-06	15.5	-6.0622	1.3152
88	16.643	-3e-06	3e-06	-2.5	16.454	1.3152
88	16.643	-3e-06	3e-06	2.5	16.454	1.3152
88	16.643	-3e-06	3e-06	-15.5	-6.0622	1.3152
88	16.643	-3e-06	3e-06	-13	-10.392	1.3152
88	16.643	-2e-06	2e-06	-13	10.392	1.3152
88	16.643	-2e-06	2e-06	-15.5	6.0622	1.3152
88	16.643	-2e-06	2e-06	2.5	-16.454	1.3152
88	16.643	-2e-06	2e-06	-2.5	-16.454	1.3152
88	16.643	-2e-06	2e-06	15.5	6.0622	1.3152
88	16.643	-2e-06	2e-06	13	10.392	1.3152
89	16.703	3e-06	3e-06	-10.5	12.99	1.3152
89	16.703	3e-06	3e-06	10.5	-12.99	1.3152
89	16.703	3e-06	3e-06	6	-15.588	1.3152
89	16.703	3e-06	3e-06	-6	15.588	1.3152
89	16.703	3e-06	3e-06	-16.5	2.5981	1.3152
89	16.703	3e-06	3e-06	16.5	-2.5981	1.3152
89	16.703	3e-06	3e-06	-16.5	-2.5981	1.3152
89	16.703	3e-06	3e-06	16.5	2.5981	1.3152
89	16.703	3e-06	3e-06	-6	-15.588	1.3152
89	16.703	3e-06	3e-06	6	15.588	1.3152
89	16.703	3e-06	3e-06	-10.5	-12.99	1.3152
89	16.703	3e-06	3e-06	10.5	12.99	1.3152
90	16.823	-5e-06	5e-06	12.5	-11.258	1.3152
90	16.823	-5e-06	5e-06	16	-5.1962	1.3152
90	16.823	-5e-06	5e-06	-3.5	16.454	1.3152
90	16.823	-5e-06	5e-06	3.5	16.454	1.3152
90	16.823	-5e-06	5e-06	-16	-5.1962	1.3152
90	16.823	-5e-06	5e-06	-12.5	-11.258	1.3152
90	16.823	-2e-06	2e-06	-12.5	11.258	1.3152
90	16.823	-2e-06	2e-06	-16	5.1962	1.3152
90	16.823	-2e-06	2e-06	3.5	-16.454	1.3152
90	16.823	-2e-06	2e-06	-3.5	-16.454	1.3152
90	16.823	-2e-06	2e-06	16	5.1962	1.3152
90	16.823	-2e-06	2e-06	12.5	11.258	1.3152
91	17	2e-06	2e-06	8.5	-14.722	1.3152
91	17	2e-06	2e-06	-8.5	14.722	1.3152
91	17	2e-06	2e-06	-17	0	1.3152
91	17	2e-06	2e-06	17	0	1.3152
91	17	2e-06	2e-06	-8.5	-14.722	1.3152
91	17	2e-06	2e-06	8.5	14.722	1.3152
92	17.059	-4e-06	4e-06	12	-12.124	1.3152
92	17.059	-4e-06	4e-06	16.5	-4.3301	1.3152
92	17.059	-4e-06	4e-06	-4.5	16.454	1.3152
92	17.059	-4e-06	4e-06	-16.5	-4.3301	1.3152
92	17.059	-4e-06	4e-06	4.5	16.454	1.3152
92	17.059	-4e-06	4e-06	-12	-12.124	1.3152
92	17.059	3e-06	3e-06	-12	12.124	1.3152
92	17.059	3e-06	3e-06	-16.5	4.3301	1.3152
92	17.059	3e-06	3e-06	4.5	-16.454	1.3152
92	17.059	3e-06	3e-06	16.5	4.3301	1.3152
92	17.059	3e-06	3e-06	-4.5	-16.454	1.3152
92	17.059	3e-06	3e-06	12	12.124	1.3152
93	17.088	3e-06	3e-06	-10	13.856	1.3152
93	17.088	3e-06	3e-06	7	-15.588	1.3152
93	17.088	3e-06	3e-06	-17	1.7321	1.3152
93	17.088	3e-06	3e-06	17	1.7321	1.3152
93	17.088	3e-06	3e-06	-7	-15.588	1.3152
93	17.088	3e-06	3e-06	10	13.856	1.3152
93	17.088	2e-06	2e-06	10	-13.856	1.3152
93	17.088	2e-06	2e-06	-7	15.588	1.3152
93	17.088	2e-06	2e-06	17	-1.7321	1.3152
93	17.088	2e-06	2e-06	-17	-1.7321	1.3152
93	17.088	2e-06	2e-06	7	15.588	1.3152
93	17.088	2e-06	2e-06	-10	-13.856	1.3152
94	17.321	-9e-06	9e-06	-15	8.6603	1.3152
94	17.321	-9e-06	9e-06	-6.1706e-08	-17.321	1.3152
94	17.321	-9e-06	9e-06	15	8.6603	1.3152
94	17.321	-4e-06	4e-06	15	-8.6603	1.3152
94	17.321	-4e-06	4e-06	6.1706e-08	17.321	1.3152
94	17.321	-4e-06	4e-06	-15	-8.6603	1.3152
95	17.349	-4e-06	4e-06	-14.5	9.5263	1.3152
95	17.349	-4e-06	4e-06	14.5	-9.5263	1.3152
95	17.349	-4e-06	4e-06	-15.5	7.7942	1.3152
95	17.349	-4e-06	4e-06	15.5	-7.7942	1.3152
95	17.349	-4e-06	4e-06	1	-17.321	1.3152
95	17.349	-4e-06	4e-06	-1	17.321	1.3152
95	17.349	-4e-06	4e-06	-1	-17.321	1.3152
95	17.349	-4e-06	4e-06	1	17.321	1.3152
95	17.349	-4e-06	4e-06	-15.5	-7.7942	1.3152
95	17.349	-4e-06	4e-06	15.5	7.7942	1.3152
95	17.349	-4e-06	4e-06	-14.5	-9.5263	1.3152
95	17.349	-4e-06	4e-06	14.5	9.5263	1.3152
95	17.349	1e-06	1e-06	-11.5	12.99	1.3152
95	17.349	-1e-06	1e-06	11.5	-12.99	1.3152
95	17.349	1e-06	1e-06	5.5	-16.454	1.3152
95	17.349	-1e-06	1e-06	-5.5	16.454	1.3152
95	17.349	1e-06	1e-06	-17	3.4641	1.3152
95	17.349	-1e-06	1e-06	17	-3.4641	1.3152
95	17.349	-1e-06	1e-06	-17	-3.4641	1.3152
95	17.349	1e-06	1e-06	17	3.4641	1.3152
95	17.349	1e-06	1e-06	-5.5	-16.454	1.3152
95	17.349	-1e-06	1e-06	5.5	16.454	1.3152
95	17.349	-1e-06	1e-06	-11.5	-12.99	1.3152
95	17.349	1e-06	1e-06	11.5	12.99	1.3152
96	17.436	-5e-06	5e-06	14	-10.392	1.3152
96	17.436	-5e-06	5e-06	16	-6.9282	1.3152
96	17.436	-5e-06	5e-06	-2	17.321	1.3152
96	17.436	-5e-06	5e-06	2	17.321	1.3152
96	17.436	-5e-06	5e-06	-16	-6.9282	1.3152
96	17.436	-5e-06	5e-06	-14	-10.392	1.3152
96	17.436	-1e-06	1e-06	-14	10.392	1.3152
96	17.436	-1e-06	1e-06	-16	6.9282	1.3152
96	17.436	-1e-06	1e-06	2	-17.321	1.3152
96	17.436	-1e-06	1e-06	-2	-17.321	1.3152
96	17.436	-1e-06	1e-06	16	6.9282	1.3152
96	17.436	-1e-06	1e-06	14	10.392	1.3152
97	17.521	-3e-06	3e-06	9.5	-14.722	1.3152
97	17.521	-3e-06	3e-06	-8	15.588	1.3152
97	17.521	-3e-06	3e-06	17.5	-0.86603	1.3152
97	17.521	-3e-06	3e-06	-17.5	-0.86603	1.3152
97	17.521	-3e-06	3e-06	8	15.588	1.3152
97	17.521	-3e-06	3e-06	-9.5	-14.722	1.3152
97	17.521	-1e-06	1e-06	-9.5	14.722	1.3152
97	17.521	-1e-06	1e-06	8	-15.588	1.3152
97	17.521	-1e-06	1e-06	-17.5	0.86603	1.3152
97	17.521	-1e-06	1e-06	17.5	0.86603	1.3152
97	17.521	-1e-06	1e-06	-8	-15.588	1.3152
97	17.521	-1e-06	1e-06	9.5	14.722	1.3152
98	17.578	-3e-06	3e-06	-13.5	11.258	1.3152
98	17.578	-3e-06	3e-06	-16.5	6.0622	1.3152
98	17.578	-3e-06	3e-06	3	-17.321	1.3152
98	17.578	-3e-06	3e-06	-3	-17.321	1.3152
98	17.578	-3e-06	3e-06	16.5	6.0622	1.3152
98	17.578	-3e-06	3e-06	13.5	11.258	1.3152
98	17.578	2e-06	2e-06	13.5	-11.258	1.3152
98	17.578	2e-06	2e-06	16.5	-6.0622	1.3152
98	17.578	2e-06	2e-06	-3	17.321	1.3152
98	17.578	2e-06	2e-06	3	17.321	1.3152
98	17.578	2e-06	2e-06	-16.5	-6.0622	1.3152
98	17.578	2e-06	2e-06	-13.5	-11.258	1.3152
99	17.692	-2e-06	2e-06	-11	13.856	1.3152
99	17.692	-2e-06	2e-06	6.5	-16.454	1.3152
99	17.692	-2e-06	2e-06	-17.5	2.5981	1.3152
99	17.692	-2e-06	2e-06	17.5	2.5981	1.3152
99	17.692	-2e-06	2e-06	-6.5	-16.454	1.3152
99	17.692	-2e-06	2e-06	11	13.856	1.3152
99	17.692	-1e-06	1e-06	11	-13.856	1.3152
99	17.692	-1e-06	1e-06	-6.5	16.454	1.3152
99	17.692	-1e-06	1e-06	17.5	-2.5981	1.3152
99	17.692	-1e-06	1e-06	-17.5	-2.5981	1.3152
99	17.692	-1e-06	1e-06	6.5	16.454	1.3152
99	17.692	-1e-06	1e-06	-11	-13.856	1.3152
100	17.776	2e-06	2e-06	-13	12.124	1.3152
100	17.776	-2e-06	2e-06	13	-12.124	1.3152
100	17.776	2e-06	2e-06	-17	5.1962	1.3152
100	17.776	-2e-06	2e-06	17	-5.1962	1.3152
100	17.776	2e-06	2e-06	4	-17.321	1.3152
100	17.776	-2e-06	2e-06	-4	17.321	1.3152
100	17.776	2e-06	2e-06	-4	-17.321	1.3152
100	17.776	-2e-06	2e-06	4	17.321	1.3152
100	17.776	-2e-06	2e-06	-17	-5.1962	1.3152
100	17.776	2e-06	2e-06	17	5.1962	1.3152
100	17.776	-2e-06	2e-06	-13	-12.124	1.3152
100	17.776	2e-06	2e-06	13	12.124	1.3152
101	18	1e-06	1e-06	9	-15.588	1.3152
101	18	1e-06	1e-06	-9	15.588	1.3152
101	18	1e-06	1e-06	-18	0	1.3152
101	18	1e-06	1e-06	18	0	1.3152
101	18	1e-06	1e-06	-9	-15.588	1.3152
101	18	1e-06	1e-06	9	15.588	1.3152
102	18.028	-5e-06	5e-06	12.5	-12.99	1.3152
102	18.028	-5e-06	5e-06	17.5	-4.3301	1.3152
102	18.028	-5e-06	5e-06	-5	17.321	1.3152
102	18.028	-5e-06	5e-06	-17.5	-4.3301	1.3152
102	18.028	-5e-06	5e-06	5	17.321	1.3152
102	18.028	-5e-06	5e-06	-12.5	-12.99	1.3152
102	18.028	2e-06	2e-06	-12.5	12.99	1.3152
102	18.028	2e-06	2e-06	-17.5	4.3301	1.3152
102	18.028	2e-06	2e-06	5	-17.321	1.3152
102	18.028	2e-06	2e-06	17.5	4.3301	1.3152
102	18.028	2e-06	2e-06	-5	-17.321	1.3152
102	18.028	2e-06	2e-06	12.5	12.99	1.3152
103	18.083	-1e-06	1e-06	10.5	-14.722	1.3152
103	18.083	-1e-06	1e-06	-7.5	16.454	1.3152
103	18.083	-1e-06	1e-06	18	-1.7321	1.3152
103	18.083	-1e-06	1e-06	-18	-1.7321	1.3152
103	18.083	-1e-06	1e-06	7.5	16.454	1.3152
103	18.083	-1e-06	1e-06	-10.5	-14.722	1.3152
103	18.083	0	0	-10.5	14.722	1.3152
103	18.083	0	0	7.5	-16.454	1.3152
103	18.083	0	0	-18	1.7321	1.3152
103	18.083	0	0	18	1.7321	1.3152
103	18.083	0	0	-7.5	-16.454	1.3152
103	18.083	0	0	10.5	14.722	1.3152
104	18.193	-7e-06	7e-06	15.5	-9.5263	1.3152
104	18.193	-7e-06	7e-06	16	-8.6603	1.3152
104	18.193	-7e-06	7e-06	-0.5	18.187	1.3152
104	18.193	-7e-06	7e-06	0.5	18.187	1.3152
104	18.193	-7e-06	7e-06	-16	-8.6603	1.3152
104	18.193	-7e-06	7e-06	-15.5	-9.5263	1.3152
104	18.193	-4e-06	4e-06	-15.5	9.5263	1.3152
104	18.193	-4e-06	4e-06	-16	8.6603	1.3152
104	18.193	-4e-06	4e-06	0.5	-18.187	1.3152
104	18.193	-4e-06	4e-06	-0.5	-18.187	1.3152
104	18.193	-4e-06	4e-06	16	8.6603	1.3152
104	18.193	-4e-06	4e-06	15.5	9.5263	1.3152
105	18.248	-4e-06	4e-06	15	-10.392	1.3152
105	18.248	-4e-06	4e-06	16.5	-7.7942	1.3152
105	18.248	-4e-06	4e-06	-1.5	18.187	1.3152
105	18.248	-4e-06	4e-06	1.5	18.187	1.3152
105	18.248	-4e-06	4e-06	-16.5	-7.7942	1.3152
105	18.248	-4e-06	4e-06	-15	-10.392	1.3152
105	18.248	0	0	-15	10.392	1.3152
105	18.248	0	0	-16.5	7.7942	1.3152
105	18.248	0	0	1.5	-18.187	1.3152
105	18.248	0	0	-1.5	-18.187	1.3152
105	18.248	0	0	16.5	7.7942	1.3152
105	18.248	0	0	15	10.392	1.3152
106	18.33	3e-06	3e-06	-12	13.856	1.3152
106	18.33	3e-06	3e-06	12	-13.856	1.3152
106	18.33	3e-06	3e-06	6	-17.321	1.3152
106	18.33	3e-06	3e-06	-6	17.321	1.3152
106	18.33	3e-06	3e-06	-18	3.4641	1.3152
106	18.33	3e-06	3e-06	18	-3.4641	1.3152
106	18.33	3e-06	3e-06	-18	-3.4641	1.3152
106	18.33	3e-06	3e-06	18	3.4641	1.3152
106	18.33	3e-06	3e-06	-6	-17.321	1.3152
106	18.33	3e-06	3e-06	6	17.321	1.3152
106	18.33	3e-06	3e-06	-12	-13.856	1.3152
106	18.33	3e-06	3e-06	12	13.856	1.3152
107	18.358	-4e-06	4e-06	-14.5	11.258	1.3152
107	18.358	-4e-06	4e-06	-17	6.9282	1.3152
107	18.358	-4e-06	4e-06	2.5	-18.187	1.3152
107	18.358	-4e-06	4e-06	-2.5	-18.187	1.3152
107	18.358	-4e-06	4e-06	17	6.9282	1.3152
107	18.358	-4e-06	4e-06	14.5	11.258	1.3152
107	18.358	-1e-06	1e-06	14.5	-11.258	1.3152
107	18.358	-1e-06	1e-06	17	-6.9282	1.3152
107	18.358	-1e-06	1e-06	-2.5	18.187	1.3152
107	18.358	-1e-06	1e-06	2.5	18.187	1.3152
107	18.358	-1e-06	1e-06	-17	-6.9282	1.3152
107	18.358	-1e-06	1e-06	-14.5	-11.258	1.3152
108	18.52	6e-06	6e-06	-10	15.588	1.3152
108	18.52	6e-06	6e-06	10	-15.588	1.3152
108	18.52	6e-06	6e-06	8.5	-16.454	1.3152
108	18.52	6e-06	6e-06	-8.5	16.454	1.3152
108	18.52	6e-06	6e-06	-18.5	0.86603	1.3152
108	18.52	6e-06	6e-06	18.5	-0.86603	1.3152
108	18.52	6e-06	6e-06	-18.5	-0.86603	1.3152
108	18.52	6e-06	6e-06	18.5	0.86603	1.3152
108	18.52	6e-06	6e-06	-8.5	-16.454	1.3152
108	18.52	6e-06	6e-06	8.5	16.454	1.3152
108	18.52	6e-06	6e-06	-10	-15.588	1.3152
108	18.52	6e-06	6e-06	10	15.588	1.3152
108	18.52	-1e-06	1e-06	-14	12.124	1.3152
108	18.52	-1e-06	1e-06	-17.5	6.0622	1.3152
108	18.52	-1e-06	1e-06	3.5	-18.187	1.3152
108	18.52	-1e-06	1e-06	-3.5	-18.187	1.3152
108	18.52	-1e-06	1e-06	17.5	6.0622	1.3152
108	18.52	-1e-06	1e-06	14	12.124	1.3152
108	18.52	0	0	14	-12.124	1.3152
108	18.52	0	0	17.5	-6.0622	1.3152
108	18.52	0	0	-3.5	18.187	1.3152
108	18.52	0	0	3.5	18.187	1.3152
108	18.52	0	0	-17.5	-6.0622	1.3152
108	18.52	0	0	-14	-12.124	1.3152
109	18.682	-3e-06	3e-06	-11.5	14.722	1.3152
109	18.682	-3e-06	3e-06	7	-17.321	1.3152
109	18.682	-3e-06	3e-06	-18.5	2.5981	1.3152
109	18.682	-3e-06	3e-06	18.5	2.5981	1.3152
109	18.682	-3e-06	3e-06	-7	-17.321	1.3152
109	18.682	-3e-06	3e-06	11.5	14.722	1.3152
109	18.682	2e-06	2e-06	11.5	-14.722	1.3152
109	18.682	2e-06	2e-06	-7	17.321	1.3152
109	18.682	2e-06	2e-06	18.5	-2.5981	1.3152
109	18.682	2e-06	2e-06	-18.5	-2.5981	1.3152
109	18.682	2e-06	2e-06	7	17.321	1.3152
109	18.682	2e-06	2e-06	-11.5	-14.722	1.3152
110	18.735	6e-06	6e-06	-13.5	12.99	1.3152
110	18.735	6e-06	6e-06	-18	5.1962	1.3152
110	18.735	6e-06	6e-06	4.5	-18.187	1.3152
110	18.735	6e-06	6e-06	18	5.1962	1.3152
110	18.735	6e-06	6e-06	-4.5	-18.187	1.3152
110	18.735	6e-06	6e-06	13.5	12.99	1.3152
110	18.735	1e-06	1e-06	13.5	-12.99	1.3152
110	18.735	1e-06	1e-06	18	-5.1962	1.3152
110	18.735	1e-06	1e-06	-4.5	18.187	1.3152
110	18.735	1e-06	1e-06	-18	-5.1962	1.3152
110	18.735	1e-06	1e-06	4.5	18.187	1.3152
110	18.735	1e-06	1e-06	-13.5	-12.99	1.3152
111	19	6e-06	6e-06	9.5	-16.454	1.3152
111	19	6e-06	6e-06	-9.5	16.454	1.3152
111	19	6e-06	6e-06	-19	0	1.3152
111	19	6e-06	6e-06	19	0	1.3152
111	19	6e-06	6e-06	-9.5	-16.454	1.3152
111	19	6e-06	6e-06	9.5	16.454	1.3152
111	19	3e-06	3e-06	-13	13.856	1.3152
111	19	3e-06	3e-06	13	-13.856	1.3152
111	19	3e-06	3e-06	-18.5	4.3301	1.3152
111	19	3e-06	3e-06	18.5	-4.3301	1.3152
111	19	3e-06	3e-06	5.5	-18.187	1.3152
111	19	3e-06	3e-06	-5.5	18.187	1.3152
111	19	3e-06	3e-06	-18.5	-4.3301	1.3152
111	19	3e-06	3e-06	18.5	4.3301	1.3152
111	19	3e-06	3e-06	-5.5	-18.187	1.3152
111	19	3e-06	3e-06	5.5	18.187	1.3152
111	19	3e-06	3e-06	-13	-13.856	1.3152
111	19	3e-06	3e-06	13	13.856	1.3152
112	19.053	-6e-06	6e-06	16.5	-9.5263	1.3152
112	19.053	-6e-06	6e-06	6.7877e-08	19.053	1.3152
112	19.053	-6e-06	6e-06	-16.5	-9.5263	1.3152
112	19.053	2e-06	2e-06	-16.5	9.5263	1.3152
112	19.053	2e-06	2e-06	-6.7877e-08	-19.053	1.3152
112	19.053	2e-06	2e-06	16.5	9.5263	1.3152
113	19.079	6e-06	6e-06	-11	15.588	1.3152
113	19.079	6e-06	6e-06	8	-17.321	1.3152
113	19.079	6e-06	6e-06	-19	1.7321	1.3152
113	19.079	6e-06	6e-06	19	1.7321	1.3152
113	19.079	6e-06	6e-06	-8	-17.321	1.3152
113	19.079	6e-06	6e-06	11	15.588	1.3152
113	19.079	4e-06	4e-06	11	-15.588	1.3152
113	19.079	4e-06	4e-06	-8	17.321	1.3152
113	19.079	4e-06	4e-06	19	-1.7321	1.3152
113	19.079	4e-06	4e-06	-19	-1.7321	1.3152
113	19.079	4e-06	4e-06	8	17.321	1.3152
113	19.079	4e-06	4e-06	-11	-15.588	1.3152
113	19.079	3e-06	3e-06	-16	10.392	1.3152
113	19.079	3e-06	3e-06	-17	8.6603	1.3152
113	19.079	3e-06	3e-06	1	-19.053	1.3152
113	19.079	3e-06	3e-06	-1	-19.053	1.3152
113	19.079	3e-06	3e-06	17	8.6603	1.3152
113	19.079	3e-06	3e-06	16	10.392	1.3152
113	19.079	1e-06	1e-06	16	-10.392	1.3152
113	19.079	1e-06	1e-06	17	-8.6603	1.3152
113	19.079	1e-06	1e-06	-1	19.053	1.3152
113	19.079	1e-06	1e-06	1	19.053	1.3152
113	19.079	1e-06	1e-06	-17	-8.6603	1.3152
113	19.079	1e-06	1e-06	-16	-10.392	1.3152
114	19.157	3e-06	3e-06	-15.5	11.258	1.3152
114	19.157	3e-06	3e-06	-17.5	7.7942	1.3152
114	19.157	3e-06	3e-06	2	-19.053	1.3152
114	19.157	3e-06	3e-06	-2	-19.053	1.3152
114	19.157	3e-06	3e-06	17.5	7.7942	1.3152
114	19.157	3e-06	3e-06	15.5	11.258	1.3152
114	19.157	1e-06	1e-06	15.5	-11.258	1.3152
114	19.157	1e-06	1e-06	17.5	-7.7942	1.3152
114	19.157	1e-06	1e-06	-2	19.053	1.3152
114	19.157	1e-06	1e-06	2	19.053	1.3152
114	19.157	1e-06	1e-06	-17.5	-7.7942	1.3152
114	19.157	1e-06	1e-06	-15.5	-11.258	1.3152
115	19.287	2e-06	2e-06	15	-12.124	1.3152
115	19.287	2e-06	2e-06	18	-6.9282	1.3152
115	19.287	2e-06	2e-06	-3	19.053	1.3152
115	19.287	2e-06	2e-06	3	19.053	1.3152
115	19.287	2e-06	2e-06	-18	-6.9282	1.3152
115	19.287	2e-06	2e-06	-15	-12.124	1.3152
115	19.287	1e-06	1e-06	-15	12.124	1.3152
115	19.287	1e-06	1e-06	-18	6.9282	1.3152
115	19.287	1e-06	1e-06	3	-19.053	1.3152
115	19.287	1e-06	1e-06	-3	-19.053	1.3152
115	19.287	1e-06	1e-06	18	6.9282	1.3152
115	19.287	1e-06	1e-06	15	12.124	1.3152
116	19.313	-2e-06	2e-06	-12.5	14.722	1.3152
116	19.313	2e-06	2e-06	12.5	-14.722	1.3152
116	19.313	-2e-06	2e-06	6.5	-18.187	1.3152
116	19.313	2e-06	2e-06	-6.5	18.187	1.3152
116	19.313	-2e-06	2e-06	-19	3.4641	1.3152
116	19.313	2e-06	2e-06	19	-3.4641	1.3152
116	19.313	2e-06	2e-06	-19	-3.4641	1.3152
116	19.313	-2e-06	2e-06	19	3.4641	1.3152
116	19.313	-2e-06	2e-06	-6.5	-18.187	1.3152
116	19.313	2e-06	2e-06	6.5	18.187	1.3152
116	19.313	2e-06	2e-06	-12.5	-14.722	1.3152
116	19.313	-2e-06	2e-06	12.5	14.722	1.3152
117	19.468	-5e-06	5e-06	-14.5	12.99	1.3152
117	19.468	-5e-06	5e-06	14.5	-12.99	1.3152
117	19.468	-5e-06	5e-06	-18.5	6.0622	1.3152
117	19.468	-5e-06	5e-06	18.5	-6.0622	1.3152
117	19.468	-5e-06	5e-06	4	-19.053	1.3152
117	19.468	-5e-06	5e-06	-4	19.053	1.3152
117	19.468	-5e-06	5e-06	-4	-19.053	1.3152
117	19.468	-5e-06	5e-06	4	19.053	1.3152
117	19.468	-5e-06	5e-06	-18.5	-6.0622	1.3152
117	19.468	-5e-06	5e-06	18.5	6.0622	1.3152
117	19.468	-5e-06	5e-06	-14.5	-12.99	1.3152
117	19.468	-5e-06	5e-06	14.5	12.99	1.3152
118	19.519	-4e-06	4e-06	10.5	-16.454	1.3152
118	19.519	-4e-06	4e-06	-9	17.321	1.3152
118	19.519	-4e-06	4e-06	19.5	-0.86603	1.3152
118	19.519	-4e-06	4e-06	-19.5	-0.86603	1.3152
118	19.519	-4e-06	4e-06	9	17.321	1.3152
118	19.519	-4e-06	4e-06	-10.5	-16.454	1.3152
118	19.519	-1e-06	1e-06	-10.5	16.454	1.3152
118	19.519	-1e-06	1e-06	9	-17.321	1.3152
118	19.519	-1e-06	1e-06	-19.5	0.86603	1.3152
118	19.519	-1e-06	1e-06	19.5	0.86603	1.3152
118	19.519	-1e-06	1e-06	-9	-17.321	1.3152
118	19.519	-1e-06	1e-06	10.5	16.454	1.3152
119	19.672	-2e-06	2e-06	-12	15.588	1.3152
119	19.672	2e-06	2e-06	12	-15.588	1.3152
119	19.672	-2e-06	2e-06	7.5	-18.187	1.3152
119	19.672	2e-06	2e-06	-7.5	18.187	1.3152
119	19.672	-2e-06	2e-06	-19.5	2.5981	1.3152
119	19.672	2e-06	2e-06	19.5	-2.5981	1.3152
119	19.672	2e-06	2e-06	-19.5	-2.5981	1.3152
119	19.672	-2e-06	2e-06	19.5	2.5981	1.3152
119	19.672	-2e-06	2e-06	-7.5	-18.187	1.3152
119	19.672	2e-06	2e-06	7.5	18.187	1.3152
119	19.672	2e-06	2e-06	-12	-15.588	1.3152
119	19.672	-2e-06	2e-06	12	15.588	1.3152
120	19.698	2e-06	2e-06	-14	13.856	1.3152
120	19.698	2e-06	2e-06	-19	5.1962	1.3152
120	19.698	2e-06	2e-06	5	-19.053	1.3152
120	19.698	2e-06	2e-06	19	5.1962	1.3152
120	19.698	2e-06	2e-06	-5	-19.053	1.3152
120	19.698	2e-06	2e-06	14	13.856	1.3152
120	19.698	0	0	14	-13.856	1.3152
120	19.698	0	0	19	-5.1962	1.3152
120	19.698	0	0	-5	19.053	1.3152
120	19.698	0	0	-19	-5.1962	1.3152
120	19.698	0	0	5	19.053	1.3152
120	19.698	0	0	-14	-13.856	1.3152
121	19.925	0	0	-17	10.392	1.3152
121	19.925	0	0	17	-10.392	1.3152
121	19.925	0	0	-17.5	9.5263	1.3152
121	19.925	0	0	17.5	-9.5263	1.3152
121	19.925	0	0	0.5	-19.919	1.3152
121	19.925	0	0	-0.5	19.919	1.3152
121	19.925	0	0	-0.5	-19.919	1.3152
121	19.925	0	0	0.5	19.919	1.3152
121	19.925	0	0	-17.5	-9.5263	1.3152
121	19.925	0	0	17.5	9.5263	1.3152
121	19.925	0	0	-17	-10.392	1.3152
121	19.925	0	0	17	10.392	1.3152
122	19.975	-3e-06	3e-06	-13.5	14.722	1.3152
122	19.975	-3e-06	3e-06	6	-19.053	1.3152
122	19.975	-3e-06	3e-06	-19.5	4.3301	1.3152
122	19.975	-3e-06	3e-06	19.5	4.3301	1.3152
122	19.975	-3e-06	3e-06	-6	-19.053	1.3152
122	19.975	-3e-06	3e-06	13.5	14.722	1.3152
122	19.975	2e-06	2e-06	13.5	-14.722	1.3152
122	19.975	2e-06	2e-06	-6	19.053	1.3152
122	19.975	2e-06	2e-06	19.5	-4.3301	1.3152
122	19.975	2e-06	2e-06	-19.5	-4.3301	1.3152
122	19.975	2e-06	2e-06	6	19.053	1.3152
122	19.975	2e-06	2e-06	-13.5	-14.722	1.3152
122	19.975	1e-06	1e-06	-16.5	11.258	1.3152
122	19.975	-1e-06	1e-06	16.5	-11.258	1.3152
122	19.975	1e-06	1e-06	-18	8.6603	1.3152
122	19.975	-1e-06	1e-06	18	-8.6603	1.3152
122	19.975	1e-06	1e-06	1.5	-19.919	1.3152
122	19.975	-1e-06	1e-06	-1.5	19.919	1.3152
122	19.975	1e-06	1e-06	-1.5	-19.919	1.3152
122	19.975	-1e-06	1e-06	1.5	19.919	1.3152
122	19.975	-1e-06	1e-06	-18	-8.6603	1.3152
122	19.975	1e-06	1e-06	18	8.6603	1.3152
122	19.975	-1e-06	1e-06	-16.5	-11.258	1.3152
122	19.975	1e-06	1e-06	16.5	11.258	1.3152
123	20	6e-06	6e-06	10	-17.321	1.3152
123	20	6e-06	6e-06	-10	17.321	1.3152
123	20	6e-06	6e-06	-20	0	1.3152
123	20	6e-06	6e-06	20	0	1.3152
123	20	6e-06	6e-06	-10	-17.321	1.3152
123	20	6e-06	6e-06	10	17.321	1.3152
124	20.075	8e-06	8e-06	-16	12.124	1.3152
124	20.075	8e-06	8e-06	-18.5	7.7942	1.3152
124	20.075	8e-06	8e-06	2.5	-19.919	1.3152
124	20.075	8e-06	8e-06	-2.5	-19.919	1.3152
124	20.075	8e-06	8e-06	18.5	7.7942	1.3152
124	20.075	8e-06	8e-06	16	12.124	1.3152
124	20.075	6e-06	6e-06	16	-12.124	1.3152
124	20.075	6e-06	6e-06	18.5	-7.7942	1.3152
124	20.075	6e-06	6e-06	-2.5	19.919	1.3152
124	20.075	6e-06	6e-06	2.5	19.919	1.3152
124	20.075	6e-06	6e-06	-18.5	-7.7942	1.3152
124	20.075	6e-06	6e-06	-16	-12.124	1.3152
124	20.075	-3e-06	3e-06	11.5	-16.454	1.3152
124	20.075	-3e-06	3e-06	-8.5	18.187	1.3152
124	20.075	-3e-06	3e-06	20	-1.7321	1.3152
124	20.075	-3e-06	3e-06	-20	-1.7321	1.3152
124	20.075	-3e-06	3e-06	8.5	18.187	1.3152
124	20.075	-3e-06	3e-06	-11.5	-16.454	1.3152
124	20.075	0	0	-11.5	16.454	1.3152
124	20.075	0	0	8.5	-18.187	1.3152
124	20.075	0	0	-20	1.7321	1.3152
124	20.075	0	0	20	1.7321	1.3152
124	20.075	0	0	-8.5	-18.187	1.3152
124	20.075	0	0	11.5	16.454	1.3152
125	20.224	-8e-06	8e-06	-15.5	12.99	1.3152
125	20.224	-8e-06	8e-06	-19	6.9282	1.3152
125	20.224	-8e-06	8e-06	3.5	-19.919	1.3152
125	20.224	-8e-06	8e-06	-3.5	-19.919	1.3152
125	20.224	-8e-06	8e-06	19	6.9282	1.3152
125	20.224	-8e-06	8e-06	15.5	12.99	1.3152
125	20.224	-3e-06	3e-06	15.5	-12.99	1.3152
125	20.224	-3e-06	3e-06	19	-6.9282	1.3152
125	20.224	-3e-06	3e-06	-3.5	19.919	1.3152
125	20.224	-3e-06	3e-06	3.5	19.919	1.3152
125	20.224	-3e-06	3e-06	-19	-6.9282	1.3152
125	20.224	-3e-06	3e-06	-15.5	-12.99	1.3152
126	20.298	-4e-06	4e-06	-13	15.588	1.3152
126	20.298	-4e-06	4e-06	7	-19.053	1.3152
126	20.298	-4e-06	4e-06	-20	3.4641	1.3152
126	20.298	-4e-06	4e-06	20	3.4641	1.3152
126	20.298	-4e-06	4e-06	-7	-19.053	1.3152
126	20.298	-4e-06	4e-06	13	15.588	1.3152
126	20.298	1e-06	1e-06	13	-15.588	1.3152
126	20.298	1e-06	1e-06	-7	19.053	1.3152
126	20.298	1e-06	1e-06	20	-3.4641	1.3152
126	20.298	1e-06	1e-06	-20	-3.4641	1.3152
126	20.298	1e-06	1e-06	7	19.053	1.3152
126	20.298	1e-06	1e-06	-13	-15.588	1.3152
127	20.421	-5e-06	5e-06	15	-13.856	1.3152
127	20.421	-5e-06	5e-06	19.5	-6.0622	1.3152
127	20.421	-5e-06	5e-06	-4.5	19.919	1.3152
127	20.421	-5e-06	5e-06	4.5	19.919	1.3152
127	20.421	-5e-06	5e-06	-19.5	-6.0622	1.3152
127	20.421	-5e-06	5e-06	-15	-13.856	1.3152
127	20.421	-3e-06	3e-06	-15	13.856	1.3152
127	20.421	-3e-06	3e-06	-19.5	6.0622	1.3152
127	20.421	-3e-06	3e-06	4.5	-19.919	1.3152
127	20.421	-3e-06	3e-06	-4.5	-19.919	1.3152
127	20.421	-3e-06	3e-06	19.5	6.0622	1.3152
127	20.421	-3e-06	3e-06	15	13.856	1.3152
128	20.518	-3e-06	3e-06	11	-17.321	1.3152
128	20.518	-3e-06	3e-06	-9.5	18.187	1.3152
128	20.518	-3e-06	3e-06	20.5	-0.86603	1.3152
128	20.518	-3e-06	3e-06	-20.5	-0.86603	1.3152
128	20.518	-3e-06	3e-06	9.5	18.187	1.3152
128	20.518	-3e-06	3e-06	-11	-17.321	1.3152
128	20.518	2e-06	2e-06	-11	17.321	1.3152
128	20.518	2e-06	2e-06	9.5	-18.187	1.3152
128	20.518	2e-06	2e-06	-20.5	0.86603	1.3152
128	20.518	2e-06	2e-06	20.5	0.86603	1.3152
128	20.518	2e-06	2e-06	-9.5	-18.187	1.3152
128	20.518	2e-06	2e-06	11	17.321	1.3152
129	20.664	-5e-06	5e-06	-12.5	16.454	1.3152
129	20.664	-5e-06	5e-06	8	-19.053	1.3152
129	20.664	-5e-06	5e-06	-20.5	2.5981	1.3152
129	20.664	-5e-06	5e-06	20.5	2.5981	1.3152
129	20.664	-5e-06	5e-06	-8	-19.053	1.3152
129	20.664	-5e-06	5e-06	12.5	16.454	1.3152
129	20.664	-2e-06	2e-06	-14.5	14.722	1.3152
129	20.664	-2e-06	2e-06	-20	5.1962	1.3152
129	20.664	-2e-06	2e-06	5.5	-19.919	1.3152
129	20.664	-2e-06	2e-06	20	5.1962	1.3152
129	20.664	-2e-06	2e-06	-5.5	-19.919	1.3152
129	20.664	-2e-06	2e-06	14.5	14.722	1.3152
129	20.664	1e-06	1e-06	14.5	-14.722	1.3152
129	20.664	1e-06	1e-06	20	-5.1962	1.3152
129	20.664	1e-06	1e-06	-5.5	19.919	1.3152
129	20.664	1e-06	1e-06	-20	-5.1962	1.3152
129	20.664	1e-06	1e-06	5.5	19.919	1.3152
129	20.664	1e-06	1e-06	-14.5	-14.722	1.3152
129	20.664	0	0	12.5	-16.454	1.3152
129	20.664	0	0	-8	19.053	1.3152
129	20.664	0	0	20.5	-2.5981	1.3152
129	20.664	0	0	-20.5	-2.5981	1.3152
129	20.664	0	0	8	19.053	1.3152
129	20.664	0	0	-12.5	-16.454	1.3152
130	20.785	-5e-06	5e-06	-18	10.392	1.3152
130	20.785	-5e-06	5e-06	-7.4047e-08	-20.785	1.3152
130	20.785	-5e-06	5e-06	18	10.392	1.3152
130	20.785	1e-06	1e-06	18	-10.392	1.3152
130	20.785	1e-06	1e-06	7.4047e-08	20.785	1.3152
130	20.785	1e-06	1e-06	-18	-10.392	1.3152
131	20.809	-6e-06	6e-06	-17.5	11.258	1.3152
131	20.809	-6e-06	6e-06	-18.5	9.5263	1.3152
131	20.809	-6e-06	6e-06	1	-20.785	1.3152
131	20.809	-6e-06	6e-06	-1	-20.785	1.3152
131	20.809	-6e-06	6e-06	18.5	9.5263	1.3152
131	20.809	-6e-06	6e-06	17.5	11.258	1.3152
131	20.809	-1e-06	1e-06	17.5	-11.258	1.3152
131	20.809	-1e-06	1e-06	18.5	-9.5263	1.3152
131	20.809	-1e-06	1e-06	-1	20.785	1.3152
131	20.809	-1e-06	1e-06	1	20.785	1.3152
131	20.809	-1e-06	1e-06	-18.5	-9.5263	1.3152
131	20.809	-1e-06	1e-06	-17.5	-11.258	1.3152
132	20.881	3e-06	3e-06	-17	12.124	1.3152
132	20.881	3e-06	3e-06	-19	8.6603	1.3152
132	20.881	3e-06	3e-06	2	-20.785	1.3152
132	20.881	3e-06	3e-06	-2	-20.785	1.3152
132	20.881	3e-06	3e-06	19	8.6603	1.3152
132	20.881	3e-06	3e-06	17	12.124	1.3152
132	20.881	1e-06	1e-06	17	-12.124	1.3152
132	20.881	1e-06	1e-06	19	-8.6603	1.3152
132	20.881	1e-06	1e-06	-2	20.785	1.3152
132	20.881	1e-06	1e-06	2	20.785	1.3152
132	20.881	1e-06	1e-06	-19	-8.6603	1.3152
132	20.881	1e-06	1e-06	-17	-12.124	1.3152
133	20.952	-3e-06	3e-06	-14	15.588	1.3152
133	20.952	3e-06	3e-06	14	-15.588	1.3152
133	20.952	-3e-06	3e-06	6.5	-19.919	1.3152
133	20.952	3e-06	3e-06	-6.5	19.919	1.3152
133	20.952	-3e-06	3e-06	-20.5	4.3301	1.3152
133	20.952	3e-06	3e-06	20.5	-4.3301	1.3152
133	20.952	3e-06	3e-06	-20.5	-4.3301	1.3152
133	20.952	-3e-06	3e-06	20.5	4.3301	1.3152
133	20.952	-3e-06	3e-06	-6.5	-19.919	1.3152
133	20.952	3e-06	3e-06	6.5	19.919	1.3152
133	20.952	3e-06	3e-06	-14	-15.588	1.3152
133	20.952	-3e-06	3e-06	14	15.588	1.3152
134	21	1e-05	1e-05	10.5	-18.187	1.3152
134	21	1e-05	1e-05	-10.5	18.187	1.3152
134	21	1e-05	1e-05	-21	0	1.3152
134	21	1e-05	1e-05	21	0	1.3152
134	21	1e-05	1e-05	-10.5	-18.187	1.3152
134	21	1e-05	1e-05	10.5	18.187	1.3152
134	21	0	0	-16.5	12.99	1.3152
134	21	0	0	16.5	-12.99	1.3152
134	21	0	0	-19.5	7.7942	1.3152
134	21	0	0	19.5	-7.7942	1.3152
134	21	0	0	3	-20.785	1.3152
134	21	0	0	-3	20.785	1.3152
134	21	0	0	-3	-20.785	1.3152
134	21	0	0	3	20.785	1.3152
134	21	0	0	-19.5	-7.7942	1.3152
134	21	0	0	19.5	7.7942	1.3152
134	21	0	0	-16.5	-12.99	1.3152
134	21	0	0	16.5	12.99	1.3152
135	21.071	7e-06	7e-06	-12	17.321	1.3152
135	21.071	7e-06	7e-06	-21	1.7321	1.3152
135	21.071	7e-06	7e-06	-9	-19.053	1.3152
135	21.071	5e-06	5e-06	12	-17.321	1.3152
135	21.071	5e-06	5e-06	21	-1.7321	1.3152
135	21.071	5e-06	5e-06	9	19.053	1.3152
136	21.166	-3e-06	3e-06	16	-13.856	1.3152
136	21.166	-3e-06	3e-06	20	-6.9282	1.3152
136	21.166	-3e-06	3e-06	-4	20.785	1.3152
136	21.166	-3e-06	3e-06	4	20.785	1.3152
136	21.166	-3e-06	3e-06	-20	-6.9282	1.3152
136	21.166	-3e-06	3e-06	-16	-13.856	1.3152
136	21.166	2e-06	2e-06	-16	13.856	1.3152
136	21.166	2e-06	2e-06	-20	6.9282	1.3152
136	21.166	2e-06	2e-06	4	-20.785	1.3152
136	21.166	2e-06	2e-06	-4	-20.785	1.3152
136	21.166	2e-06	2e-06	20	6.9282	1.3152
136	21.166	2e-06	2e-06	16	13.856	1.3152
137	21.284	6e-06	6e-06	13.5	-16.454	1.3152
137	21.284	6e-06	6e-06	21	-3.4641	1.3152
137	21.284	6e-06	6e-06	7.5	19.919	1.3152
137	21.284	1e-06	1e-06	-13.5	16.454	1.3152
137	21.284	1e-06	1e-06	-21	3.4641	1.3152
137	21.284	1e-06	1e-06	-7.5	-19.919	1.3152
138	21.378	5e-06	5e-06	-15.5	14.722	1.3152
138	21.378	5e-06	5e-06	-20.5	6.0622	1.3152
138	21.378	5e-06	5e-06	5	-20.785	1.3152
138	21.378	5e-06	5e-06	20.5	6.0622	1.3152
138	21.378	5e-06	5e-06	-5	-20.785	1.3152
138	21.378	5e-06	5e-06	15.5	14.722	1.3152
138	21.378	-4e-06	4e-06	15.5	-14.722	1.3152
138	21.378	-4e-06	4e-06	20.5	-6.0622	1.3152
138	21.378	-4e-06	4e-06	-5	20.785	1.3152
138	21.378	-4e-06	4e-06	-20.5	-6.0622	1.3152
138	21.378	-4e-06	4e-06	5	20.785	1.3152
138	21.378	-4e-06	4e-06	-15.5	-14.722	1.3152
139	21.633	-4e-06	4e-06	15	-15.588	1.3152
139	21.633	-4e-06	4e-06	21	-5.1962	1.3152
139	21.633	-4e-06	4e-06	6	20.785	1.3152
139	21.633	-3e-06	3e-06	-15	15.588	1.3152
139	21.633	-3e-06	3e-06	-21	5.1962	1.3152
139	21.633	-3e-06	3e-06	-6	-20.785	1.3152
140	21.656	-5e-06	5e-06	-18.5	11.258	1.3152
140	21.656	-5e-06	5e-06	-19	10.392	1.3152
140	21.656	-5e-06	5e-06	0.5	-21.651	1.3152
140	21.656	-5e-06	5e-06	-0.5	-21.651	1.3152
140	21.656	-5e-06	5e-06	19	10.392	1.3152
140	21.656	-5e-06	5e-06	18.5	11.258	1.3152
140	21.656	2e-06	2e-06	18.5	-11.258	1.3152
140	21.656	2e-06	2e-06	19	-10.392	1.3152
140	21.656	2e-06	2e-06	-0.5	21.651	1.3152
140	21.656	2e-06	2e-06	0.5	21.651	1.3152
140	21.656	2e-06	2e-06	-19	-10.392	1.3152
140	21.656	2e-06	2e-06	-18.5	-11.258	1.3152
141	21.703	-3e-06	3e-06	-18	12.124	1.3152
141	21.703	-3e-06	3e-06	-19.5	9.5263	1.3152
141	21.703	-3e-06	3e-06	1.5	-21.651	1.3152
141	21.703	-3e-06	3e-06	-1.5	-21.651	1.3152
141	21.703	-3e-06	3e-06	19.5	9.5263	1.3152
141	21.703	-3e-06	3e-06	18	12.124	1.3152
141	21.703	-1e-06	1e-06	18	-12.124	1.3152
141	21.703	-1e-06	1e-06	19.5	-9.5263	1.3152
141	21.703	-1e-06	1e-06	-1.5	21.651	1.3152
141	21.703	-1e-06	1e-06	1.5	21.651	1.3152
141	21.703	-1e-06	1e-06	-19.5	-9.5263	1.3152
141	21.703	-1e-06	1e-06	-18	-12.124	1.3152
142	21.794	-2e-06	2e-06	17.5	-12.99	1.3152
142	21.794	-2e-06	2e-06	20	-8.6603	1.3152
142	21.794	-2e-06	2e-06	-2.5	21.651	1.3152
142	21.794	-2e-06	2e-06	2.5	21.651	1.3152
142	21.794	-2e-06	2e-06	-20	-8.6603	1.3152
142	21.794	-2e-06	2e-06	-17.5	-12.99	1.3152
142	21.794	-1e-06	1e-06	-17.5	12.99	1.3152
142	21.794	-1e-06	1e-06	-20	8.6603	1.3152
142	21.794	-1e-06	1e-06	2.5	-21.651	1.3152
142	21.794	-1e-06	1e-06	-2.5	-21.651	1.3152
142	21.794	-1e-06	1e-06	20	8.6603	1.3152
142	21.794	-1e-06	1e-06	17.5	12.99	1.3152
143	21.932	5e-06	5e-06	-17	13.856	1.3152
143	21.932	5e-06	5e-06	-20.5	7.7942	1.3152
143	21.932	5e-06	5e-06	3.5	-21.651	1.3152
143	21.932	5e-06	5e-06	-3.5	-21.651	1.3152
143	21.932	5e-06	5e-06	20.5	7.7942	1.3152
143	21.932	5e-06	5e-06	17	13.856	1.3152
143	21.932	1e-06	1e-06	17	-13.856	1.3152
143	21.932	1e-06	1e-06	20.5	-7.7942	1.3152
143	21.932	1e-06	1e-06	-3.5	21.651	1.3152
143	21.932	1e-06	1e-06	3.5	21.651	1.3152
143	21.932	1e-06	1e-06	-20.5	-7.7942	1.3152
143	21.932	1e-06	1e-06	-17	-13.856	1.3152
144	22.113	6e-06	6e-06	-16.5	14.722	1.3152
144	22.113	6e-06	6e-06	-21	6.9282	1.3152
144	22.113	6e-06	6e-06	-4.5	-21.651	1.3152
144	22.113	-5e-06	5e-06	16.5	-14.722	1.3152
144	22.113	-5e-06	5e-06	21	-6.9282	1.3152
144	22.113	-5e-06	5e-06	4.5	21.651	1.3152
145	22.517	2e-06	2e-06	19.5	-11.258	1.3152
145	22.517	2e-06	2e-06	8.0218e-08	22.517	1.3152
145	22.517	2e-06	2e-06	-19.5	-11.258	1.3152
145	22.517	-1e-06	1e-06	-19.5	11.258	1.3152
145	22.517	-1e-06	1e-06	-8.0218e-08	-22.517	1.3152
145	22.517	-1e-06	1e-06	19.5	11.258	1.3152
146	22.539	2e-06	2e-06	19	-12.124	1.3152
146	22.539	2e-06	2e-06	20	-10.392	1.3152
146	22.539	2e-06	2e-06	-1	22.517	1.3152
146	22.539	2e-06	2e-06	1	22.517	1.3152
146	22.539	2e-06	2e-06	-20	-10.392	1.3152
146	22.539	2e-06	2e-06	-19	-12.124	1.3152
146	22.539	0	0	-19	12.124	1.3152
146	22.539	0	0	-20	10.392	1.3152
146	22.539	0	0	1	-22.517	1.3152
146	22.539	0	0	-1	-22.517	1.3152
146	22.539	0	0	20	10.392	1.3152
146	22.539	0	0	19	12.124	1.3152
147	22.605	-2e-06	2e-06	18.5	-12.99	1.3152
147	22.605	-2e-06	2e-06	20.5	-9.5263	1.3152
147	22.605	-2e-06	2e-06	-2	22.517	1.3152
147	22.605	-2e-06	2e-06	2	22.517	1.3152
147	22.605	-2e-06	2e-06	-20.5	-9.5263	1.3152
147	22.605	-2e-06	2e-06	-18.5	-12.99	1.3152
147	22.605	-1e-06	1e-06	-18.5	12.99	1.3152
147	22.605	-1e-06	1e-06	-20.5	9.5263	1.3152
147	22.605	-1e-06	1e-06	2	-22.517	1.3152
147	22.605	-1e-06	1e-06	-2	-22.517	1.3152
147	22.605	-1e-06	1e-06	20.5	9.5263	1.3152
147	22.605	-1e-06	1e-06	18.5	12.99	1.3152
148	22.716	3e-06	3e-06	-18	13.856	1.3152
148	22.716	3e-06	3e-06	-21	8.6603	1.3152
148	22.716	3e-06	3e-06	-3	-22.517	1.3152
148	22.716	2e-06	2e-06	18	-13.856	1.3152
148	22.716	2e-06	2e-06	21	-8.6603	1.3152
148	22.716	2e-06	2e-06	3	22.517	1.3152
149	23.388	2e-06	2e-06	20	-12.124	1.3152
149	23.388	2e-06	2e-06	20.5	-11.258	1.3152
149	23.388	2e-06	2e-06	-0.5	23.383	1.3152
149	23.388	2e-06	2e-06	0.5	23.383	1.3152
149	23.388	2e-06	2e-06	-20.5	-11.258	1.3152
149	23.388	2e-06	2e-06	-20	-12.124	1.3152
149	23.388	1e-06	1e-06	-20	12.124	1.3152
149	23.388	1e-06	1e-06	-20.5	11.258	1.3152
149	23.388	1e-06	1e-06	0.5	-23.383	1.3152
149	23.388	1e-06	1e-06	-0.5	-23.383	1.3152
149	23.388	1e-06	1e-06	20.5	11.258	1.3152
149	23.388	1e-06	1e-06	20	12.124	1.3152
150	23.431	8e-06	8e-06	-19.5	12.99	1.3152
150	23.431	8e-06	8e-06	-21	10.392	1.3152
150	23.431	8e-06	8e-06	-1.5	-23.383	1.3152
150	23.431	3e-06	3e-06	19.5	-12.99	1.3152
150	23.431	3e-06	3e-06	21	-10.392	1.3152
150	23.431	3e-06	3e-06	1.5	23.383	1.3152
151	24.249	0	0	0	0	0
