1	0.57735	-0.017551	0.017551	0	0.57735	1.3152
1	0.57735	-0.017551	0.017551	0.5	-0.28868	1.3152
1	0.57735	-0.017551	0.017551	-0.5	-0.28868	1.3152
2	1.1547	-0.047214	0.047214	-1	0.57735	1.3152
2	1.1547	-0.047214	0.047214	1	0.57735	1.3152
2	1.1547	-0.047214	0.047214	-6.1706e-09	-1.1547	1.3152
3	1.5275	0.020652	0.020652	1.5	-0.28868	1.3152
3	1.5275	0.020652	0.020652	-0.5	1.4434	1.3152
3	1.5275	0.020652	0.020652	1	-1.1547	1.3152
3	1.5275	0.020652	0.020652	0.5	1.4434	1.3152
3	1.5275	0.020652	0.020652	-1.5	-0.28868	1.3152
3	1.5275	0.020652	0.020652	-1	-1.1547	1.3152
4	2.0817	0.007562	0.007562	-1.5	1.4434	1.3152
4	2.0817	0.007562	0.007562	-2	0.57735	1.3152
4	2.0817	0.007562	0.007562	2	0.57735	1.3152
4	2.0817	0.007562	0.007562	0.5	-2.0207	1.3152
4	2.0817	0.007562	0.007562	1.5	1.4434	1.3152
4	2.0817	0.007562	0.007562	-0.5	-2.0207	1.3152
5	2.3094	0.007116	0.007116	2	-1.1547	1.3152
5	2.3094	0.007116	0.007116	6.1706e-09	2.3094	1.3152
5	2.3094	0.007116	0.007116	-2	-1.1547	1.3152
6	2.5166	0.002963	0.002963	-1	2.3094	1.3152
6	2.5166	0.002963	0.002963	1.5	-2.0207	1.3152
6	2.5166	0.002963	0.002963	2.5	-0.28868	1.3152
6	2.5166	0.002963	0.002963	1	2.3094	1.3152
6	2.5166	0.002963	0.002963	-2.5	-0.28868	1.3152
6	2.5166	0.002963	0.002963	-1.5	-2.0207	1.3152
7	2.8868	0.001618	0.001618	-2.5	1.4434	1.3152
7	2.8868	0.001618	0.001618	2.5	1.4434	1.3152
7	2.8868	0.001618	0.001618	-1.2341e-08	-2.8868	1.3152
8	3.0551	0.002165	0.002165	-2	2.3094	1.3152
8	3.0551	0.002165	0.002165	1	-2.8868	1.3152
8	3.0551	0.002165	0.002165	-3	0.57735	1.3152
8	3.0551	0.002165	0.002165	3	0.57735	1.3152
8	3.0551	0.002165	0.002165	2	2.3094	1.3152
8	3.0551	0.002165	0.002165	-1	-2.8868	1.3152
9	3.2146	0.000877	0.000877	2.5	-2.0207	1.3152
9	3.2146	0.000877	0.000877	3	-1.1547	1.3152
9	3.2146	0.000877	0.000877	-0.5	3.1754	1.3152
9	3.2146	0.000877	0.000877	0.5	3.1754	1.3152
9	3.2146	0.000877	0.000877	-3	-1.1547	1.3152
9	3.2146	0.000877	0.000877	-2.5	-2.0207	1.3152
10	3.5119	0.000124	0.000124	-1.5	3.1754	1.3152
10	3.5119	0.000124	0.000124	2	-2.8868	1.3152
10	3.5119	0.000124	0.000124	3.5	-0.28868	1.3152
10	3.5119	0.000124	0.000124	1.5	3.1754	1.3152
10	3.5119	0.000124	0.000124	-3.5	-0.28868	1.3152
10	3.5119	0.000124	0.000124	-2	-2.8868	1.3152
11	3.7859	0.000289	0.000289	-3	2.3094	1.3152
11	3.7859	0.000289	0.000289	-3.5	1.4434	1.3152
11	3.7859	0.000289	0.000289	0.5	-3.7528	1.3152
11	3.7859	0.000289	0.000289	3.5	1.4434	1.3152
11	3.7859	0.000289	0.000289	3	2.3094	1.3152
11	3.7859	0.000289	0.000289	-0.5	-3.7528	1.3152
12	4.0415	9.6e-05	9.6e-05	3.5	-2.0207	1.3152
12	4.0415	9.6e-05	9.6e-05	1.2341e-08	4.0415	1.3152
12	4.0415	9.6e-05	9.6e-05	-3.5	-2.0207	1.3152
12	4.0415	-3.5e-05	3.5e-05	-2.5	3.1754	1.3152
12	4.0415	-3.5e-05	3.5e-05	1.5	-3.7528	1.3152
12	4.0415	-3.5e-05	3.5e-05	-4	0.57735	1.3152
12	4.0415	-3.5e-05	3.5e-05	4	0.57735	1.3152
12	4.0415	-3.5e-05	3.5e-05	2.5	3.1754	1.3152
12	4.0415	-3.5e-05	3.5e-05	-1.5	-3.7528	1.3152
13	4.1633	-0.000227	0.000227	3	-2.8868	1.3152
13	4.1633	-0.000227	0.000227	4	-1.1547	1.3152
13	4.1633	-0.000227	0.000227	-1	4.0415	1.3152
13	4.1633	-0.000227	0.000227	1	4.0415	1.3152
13	4.1633	-0.000227	0.000227	-4	-1.1547	1.3152
13	4.1633	-0.000227	0.000227	-3	-2.8868	1.3152
14	4.5092	-0.000108	0.000108	-2	4.0415	1.3152
14	4.5092	-0.000108	0.000108	2.5	-3.7528	1.3152
14	4.5092	-0.000108	0.000108	4.5	-0.28868	1.3152
14	4.5092	-0.000108	0.000108	-4.5	-0.28868	1.3152
14	4.5092	-0.000108	0.000108	2	4.0415	1.3152
14	4.5092	-0.000108	0.000108	-2.5	-3.7528	1.3152
15	4.6188	-6.1e-05	6.1e-05	-4	2.3094	1.3152
15	4.6188	-6.1e-05	6.1e-05	-1.8512e-08	-4.6188	1.3152
15	4.6188	-6.1e-05	6.1e-05	4	2.3094	1.3152
16	4.7258	-9.8e-05	9.8e-05	-3.5	3.1754	1.3152
16	4.7258	-9.8e-05	9.8e-05	-4.5	1.4434	1.3152
16	4.7258	-9.8e-05	9.8e-05	1	-4.6188	1.3152
16	4.7258	-9.8e-05	9.8e-05	4.5	1.4434	1.3152
16	4.7258	-9.8e-05	9.8e-05	3.5	3.1754	1.3152
16	4.7258	-9.8e-05	9.8e-05	-1	-4.6188	1.3152
17	4.9329	-8.3e-05	8.3e-05	4	-2.8868	1.3152
17	4.9329	-8.3e-05	8.3e-05	4.5	-2.0207	1.3152
17	4.9329	-8.3e-05	8.3e-05	-0.5	4.9075	1.3152
17	4.9329	-8.3e-05	8.3e-05	0.5	4.9075	1.3152
17	4.9329	-8.3e-05	8.3e-05	-4.5	-2.0207	1.3152
17	4.9329	-8.3e-05	8.3e-05	-4	-2.8868	1.3152
18	5.0332	-0.00015	0.00015	-3	4.0415	1.3152
18	5.0332	-0.00015	0.00015	2	-4.6188	1.3152
18	5.0332	-0.00015	0.00015	-5	0.57735	1.3152
18	5.0332	-0.00015	0.00015	5	0.57735	1.3152
18	5.0332	-0.00015	0.00015	3	4.0415	1.3152
18	5.0332	-0.00015	0.00015	-2	-4.6188	1.3152
19	5.1316	-7.3e-05	7.3e-05	3.5	-3.7528	1.3152
19	5.1316	-7.3e-05	7.3e-05	5	-1.1547	1.3152
19	5.1316	-7.3e-05	7.3e-05	-1.5	4.9075	1.3152
19	5.1316	-7.3e-05	7.3e-05	1.5	4.9075	1.3152
19	5.1316	-7.3e-05	7.3e-05	-5	-1.1547	1.3152
19	5.1316	-7.3e-05	7.3e-05	-3.5	-3.7528	1.3152
20	5.5076	-8.1e-05	8.1e-05	-2.5	4.9075	1.3152
20	5.5076	-8.1e-05	8.1e-05	3	-4.6188	1.3152
20	5.5076	-8.1e-05	8.1e-05	5.5	-0.28868	1.3152
20	5.5076	-8.1e-05	8.1e-05	-5.5	-0.28868	1.3152
20	5.5076	-8.1e-05	8.1e-05	2.5	4.9075	1.3152
20	5.5076	-8.1e-05	8.1e-05	-3	-4.6188	1.3152
20	5.5076	-7.1e-05	7.1e-05	-4.5	3.1754	1.3152
20	5.5076	-7.1e-05	7.1e-05	-5	2.3094	1.3152
20	5.5076	-7.1e-05	7.1e-05	0.5	-5.4848	1.3152
20	5.5076	-7.1e-05	7.1e-05	5	2.3094	1.3152
20	5.5076	-7.1e-05	7.1e-05	-0.5	-5.4848	1.3152
20	5.5076	-7.1e-05	7.1e-05	4.5	3.1754	1.3152
21	5.6862	-3.2e-05	3.2e-05	-4	4.0415	1.3152
21	5.6862	-3.2e-05	3.2e-05	-5.5	1.4434	1.3152
21	5.6862	-3.2e-05	3.2e-05	1.5	-5.4848	1.3152
21	5.6862	-3.2e-05	3.2e-05	5.5	1.4434	1.3152
21	5.6862	-3.2e-05	3.2e-05	4	4.0415	1.3152
21	5.6862	-3.2e-05	3.2e-05	-1.5	-5.4848	1.3152
22	5.7735	-1.8e-05	1.8e-05	5	-2.8868	1.3152
22	5.7735	-1.8e-05	1.8e-05	1.8512e-08	5.7735	1.3152
22	5.7735	-1.8e-05	1.8e-05	-5	-2.8868	1.3152
23	5.8595	-4.2e-05	4.2e-05	4.5	-3.7528	1.3152
23	5.8595	-4.2e-05	4.2e-05	5.5	-2.0207	1.3152
23	5.8595	-4.2e-05	4.2e-05	-1	5.7735	1.3152
23	5.8595	-4.2e-05	4.2e-05	1	5.7735	1.3152
23	5.8595	-4.2e-05	4.2e-05	-5.5	-2.0207	1.3152
23	5.8595	-4.2e-05	4.2e-05	-4.5	-3.7528	1.3152
24	6.0277	-0.000102	0.000102	-3.5	4.9075	1.3152
24	6.0277	-0.000102	0.000102	2.5	-5.4848	1.3152
24	6.0277	-0.000102	0.000102	-6	0.57735	1.3152
24	6.0277	-0.000102	0.000102	6	0.57735	1.3152
24	6.0277	-0.000102	0.000102	3.5	4.9075	1.3152
24	6.0277	-0.000102	0.000102	-2.5	-5.4848	1.3152
25	6.1101	-8.2e-05	8.2e-05	4	-4.6188	1.3152
25	6.1101	-8.2e-05	8.2e-05	-2	5.7735	1.3152
25	6.1101	-8.2e-05	8.2e-05	6	-1.1547	1.3152
25	6.1101	-8.2e-05	8.2e-05	2	5.7735	1.3152
25	6.1101	-8.2e-05	8.2e-05	-6	-1.1547	1.3152
25	6.1101	-8.2e-05	8.2e-05	-4	-4.6188	1.3152
26	6.3509	-7e-05	7e-05	-5.5	3.1754	1.3152
26	6.3509	-7e-05	7e-05	-2.4682e-08	-6.3509	1.3152
26	6.3509	-7e-05	7e-05	5.5	3.1754	1.3152
27	6.4291	-4.3e-05	4.3e-05	-5	4.0415	1.3152
27	6.4291	-4.3e-05	4.3e-05	-6	2.3094	1.3152
27	6.4291	-4.3e-05	4.3e-05	1	-6.3509	1.3152
27	6.4291	-4.3e-05	4.3e-05	6	2.3094	1.3152
27	6.4291	-4.3e-05	4.3e-05	-1	-6.3509	1.3152
27	6.4291	-4.3e-05	4.3e-05	5	4.0415	1.3152
28	6.5064	-2.5e-05	2.5e-05	-3	5.7735	1.3152
28	6.5064	-2.5e-05	2.5e-05	3.5	-5.4848	1.3152
28	6.5064	-2.5e-05	2.5e-05	6.5	-0.28868	1.3152
28	6.5064	-2.5e-05	2.5e-05	-6.5	-0.28868	1.3152
28	6.5064	-2.5e-05	2.5e-05	3	5.7735	1.3152
28	6.5064	-2.5e-05	2.5e-05	-3.5	-5.4848	1.3152
29	6.6583	-3.8e-05	3.8e-05	-4.5	4.9075	1.3152
29	6.6583	-3.8e-05	3.8e-05	2	-6.3509	1.3152
29	6.6583	-3.8e-05	3.8e-05	-6.5	1.4434	1.3152
29	6.6583	-3.8e-05	3.8e-05	6.5	1.4434	1.3152
29	6.6583	-3.8e-05	3.8e-05	4.5	4.9075	1.3152
29	6.6583	-3.8e-05	3.8e-05	-2	-6.3509	1.3152
29	6.6583	-1.6e-05	1.6e-05	5.5	-3.7528	1.3152
29	6.6583	-1.6e-05	1.6e-05	6	-2.8868	1.3152
29	6.6583	-1.6e-05	1.6e-05	-0.5	6.6395	1.3152
29	6.6583	-1.6e-05	1.6e-05	0.5	6.6395	1.3152
29	6.6583	-1.6e-05	1.6e-05	-6	-2.8868	1.3152
29	6.6583	-1.6e-05	1.6e-05	-5.5	-3.7528	1.3152
30	6.8069	1.4e-05	1.4e-05	5	-4.6188	1.3152
30	6.8069	1.4e-05	1.4e-05	6.5	-2.0207	1.3152
30	6.8069	1.4e-05	1.4e-05	-1.5	6.6395	1.3152
30	6.8069	1.4e-05	1.4e-05	1.5	6.6395	1.3152
30	6.8069	1.4e-05	1.4e-05	-6.5	-2.0207	1.3152
30	6.8069	1.4e-05	1.4e-05	-5	-4.6188	1.3152
31	7.0238	-1.7e-05	1.7e-05	-4	5.7735	1.3152
31	7.0238	-1.7e-05	1.7e-05	3	-6.3509	1.3152
31	7.0238	-1.7e-05	1.7e-05	-7	0.57735	1.3152
31	7.0238	-1.7e-05	1.7e-05	7	0.57735	1.3152
31	7.0238	-1.7e-05	1.7e-05	4	5.7735	1.3152
31	7.0238	-1.7e-05	1.7e-05	-3	-6.3509	1.3152
32	7.0946	-6e-06	6e-06	4.5	-5.4848	1.3152
32	7.0946	-6e-06	6e-06	-2.5	6.6395	1.3152
32	7.0946	-6e-06	6e-06	7	-1.1547	1.3152
32	7.0946	-6e-06	6e-06	-7	-1.1547	1.3152
32	7.0946	-6e-06	6e-06	2.5	6.6395	1.3152
32	7.0946	-6e-06	6e-06	-4.5	-5.4848	1.3152
33	7.2342	-1.5e-05	1.5e-05	-6	4.0415	1.3152
33	7.2342	-1.5e-05	1.5e-05	-6.5	3.1754	1.3152
33	7.2342	-1.5e-05	1.5e-05	0.5	-7.2169	1.3152
33	7.2342	-1.5e-05	1.5e-05	-0.5	-7.2169	1.3152
33	7.2342	-1.5e-05	1.5e-05	6.5	3.1754	1.3152
33	7.2342	-1.5e-05	1.5e-05	6	4.0415	1.3152
34	7.3711	-3e-05	3e-05	-5.5	4.9075	1.3152
34	7.3711	-3e-05	3e-05	-7	2.3094	1.3152
34	7.3711	-3e-05	3e-05	1.5	-7.2169	1.3152
34	7.3711	-3e-05	3e-05	7	2.3094	1.3152
34	7.3711	-3e-05	3e-05	-1.5	-7.2169	1.3152
34	7.3711	-3e-05	3e-05	5.5	4.9075	1.3152
35	7.5056	-5.1e-05	5.1e-05	6.5	-3.7528	1.3152
35	7.5056	-5.1e-05	5.1e-05	2.4682e-08	7.5056	1.3152
35	7.5056	-5.1e-05	5.1e-05	-6.5	-3.7528	1.3152
35	7.5056	-2.9e-05	2.9e-05	-3.5	6.6395	1.3152
35	7.5056	-2.9e-05	2.9e-05	4	-6.3509	1.3152
35	7.5056	-2.9e-05	2.9e-05	7.5	-0.28868	1.3152
35	7.5056	-2.9e-05	2.9e-05	-7.5	-0.28868	1.3152
35	7.5056	-2.9e-05	2.9e-05	3.5	6.6395	1.3152
35	7.5056	-2.9e-05	2.9e-05	-4	-6.3509	1.3152
36	7.5719	-3.2e-05	3.2e-05	6	-4.6188	1.3152
36	7.5719	-3.2e-05	3.2e-05	7	-2.8868	1.3152
36	7.5719	-3.2e-05	3.2e-05	-1	7.5056	1.3152
36	7.5719	-3.2e-05	3.2e-05	1	7.5056	1.3152
36	7.5719	-3.2e-05	3.2e-05	-7	-2.8868	1.3152
36	7.5719	-3.2e-05	3.2e-05	-6	-4.6188	1.3152
37	7.6376	1.2e-05	1.2e-05	-5	5.7735	1.3152
37	7.6376	1.2e-05	1.2e-05	2.5	-7.2169	1.3152
37	7.6376	1.2e-05	1.2e-05	-7.5	1.4434	1.3152
37	7.6376	1.2e-05	1.2e-05	7.5	1.4434	1.3152
37	7.6376	1.2e-05	1.2e-05	5	5.7735	1.3152
37	7.6376	1.2e-05	1.2e-05	-2.5	-7.2169	1.3152
38	7.7675	-5e-05	5e-05	5.5	-5.4848	1.3152
38	7.7675	-5e-05	5e-05	7.5	-2.0207	1.3152
38	7.7675	-5e-05	5e-05	-2	7.5056	1.3152
38	7.7675	-5e-05	5e-05	2	7.5056	1.3152
38	7.7675	-5e-05	5e-05	-7.5	-2.0207	1.3152
38	7.7675	-5e-05	5e-05	-5.5	-5.4848	1.3152
39	8.0208	-2e-06	2e-06	-4.5	6.6395	1.3152
39	8.0208	-2e-06	2e-06	3.5	-7.2169	1.3152
39	8.0208	-2e-06	2e-06	-8	0.57735	1.3152
39	8.0208	-2e-06	2e-06	8	0.57735	1.3152
39	8.0208	-2e-06	2e-06	4.5	6.6395	1.3152
39	8.0208	-2e-06	2e-06	-3.5	-7.2169	1.3152
40	8.0829	-1.1e-05	1.1e-05	5	-6.3509	1.3152
40	8.0829	-1.1e-05	1.1e-05	-3	7.5056	1.3152
40	8.0829	-1.1e-05	1.1e-05	8	-1.1547	1.3152
40	8.0829	-1.1e-05	1.1e-05	-8	-1.1547	1.3152
40	8.0829	-1.1e-05	1.1e-05	3	7.5056	1.3152
40	8.0829	-1.1e-05	1.1e-05	-5	-6.3509	1.3152
40	8.0829	6e-06	6e-06	-7	4.0415	1.3152
40	8.0829	6e-06	6e-06	-3.0853e-08	-8.0829	1.3152
40	8.0829	6e-06	6e-06	7	4.0415	1.3152
41	8.1445	7e-06	7e-06	-6.5	4.9075	1.3152
41	8.1445	7e-06	7e-06	-7.5	3.1754	1.3152
41	8.1445	7e-06	7e-06	1	-8.0829	1.3152
41	8.1445	7e-06	7e-06	-1	-8.0829	1.3152
41	8.1445	7e-06	7e-06	7.5	3.1754	1.3152
41	8.1445	7e-06	7e-06	6.5	4.9075	1.3152
42	8.3267	3e-06	3e-06	-6	5.7735	1.3152
42	8.3267	3e-06	3e-06	-8	2.3094	1.3152
42	8.3267	3e-06	3e-06	2	-8.0829	1.3152
42	8.3267	3e-06	3e-06	8	2.3094	1.3152
42	8.3267	3e-06	3e-06	-2	-8.0829	1.3152
42	8.3267	3e-06	3e-06	6	5.7735	1.3152
43	8.3865	-3e-06	3e-06	7	-4.6188	1.3152
43	8.3865	-3e-06	3e-06	7.5	-3.7528	1.3152
43	8.3865	-3e-06	3e-06	-0.5	8.3716	1.3152
43	8.3865	-3e-06	3e-06	0.5	8.3716	1.3152
43	8.3865	-3e-06	3e-06	-7.5	-3.7528	1.3152
43	8.3865	-3e-06	3e-06	-7	-4.6188	1.3152
44	8.5049	8e-06	8e-06	6.5	-5.4848	1.3152
44	8.5049	8e-06	8e-06	8	-2.8868	1.3152
44	8.5049	8e-06	8e-06	-1.5	8.3716	1.3152
44	8.5049	8e-06	8e-06	1.5	8.3716	1.3152
44	8.5049	8e-06	8e-06	-8	-2.8868	1.3152
44	8.5049	8e-06	8e-06	-6.5	-5.4848	1.3152
44	8.5049	4e-06	4e-06	-4	7.5056	1.3152
44	8.5049	4e-06	4e-06	4.5	-7.2169	1.3152
44	8.5049	4e-06	4e-06	8.5	-0.28868	1.3152
44	8.5049	4e-06	4e-06	-8.5	-0.28868	1.3152
44	8.5049	4e-06	4e-06	4	7.5056	1.3152
44	8.5049	4e-06	4e-06	-4.5	-7.2169	1.3152
45	8.6217	-1.7e-05	1.7e-05	-5.5	6.6395	1.3152
45	8.6217	-1.7e-05	1.7e-05	3	-8.0829	1.3152
45	8.6217	-1.7e-05	1.7e-05	-8.5	1.4434	1.3152
45	8.6217	-1.7e-05	1.7e-05	8.5	1.4434	1.3152
45	8.6217	-1.7e-05	1.7e-05	5.5	6.6395	1.3152
45	8.6217	-1.7e-05	1.7e-05	-3	-8.0829	1.3152
46	8.7369	-2e-06	2e-06	6	-6.3509	1.3152
46	8.7369	-2e-06	2e-06	8.5	-2.0207	1.3152
46	8.7369	-2e-06	2e-06	-2.5	8.3716	1.3152
46	8.7369	-2e-06	2e-06	2.5	8.3716	1.3152
46	8.7369	-2e-06	2e-06	-8.5	-2.0207	1.3152
46	8.7369	-2e-06	2e-06	-6	-6.3509	1.3152
47	8.9629	4.7e-05	4.7e-05	-7.5	4.9075	1.3152
47	8.9629	4.7e-05	4.7e-05	-8	4.0415	1.3152
47	8.9629	4.7e-05	4.7e-05	0.5	-8.9489	1.3152
47	8.9629	4.7e-05	4.7e-05	-0.5	-8.9489	1.3152
47	8.9629	4.7e-05	4.7e-05	8	4.0415	1.3152
47	8.9629	4.7e-05	4.7e-05	7.5	4.9075	1.3152
48	9.0185	3.1e-05	3.1e-05	-5	7.5056	1.3152
48	9.0185	3.1e-05	3.1e-05	4	-8.0829	1.3152
48	9.0185	3.1e-05	3.1e-05	-9	0.57735	1.3152
48	9.0185	3.1e-05	3.1e-05	9	0.57735	1.3152
48	9.0185	3.1e-05	3.1e-05	5	7.5056	1.3152
48	9.0185	3.1e-05	3.1e-05	-4	-8.0829	1.3152
49	9.0738	-2.7e-05	2.7e-05	5.5	-7.2169	1.3152
49	9.0738	-2.7e-05	2.7e-05	-3.5	8.3716	1.3152
49	9.0738	-2.7e-05	2.7e-05	9	-1.1547	1.3152
49	9.0738	-2.7e-05	2.7e-05	-9	-1.1547	1.3152
49	9.0738	-2.7e-05	2.7e-05	3.5	8.3716	1.3152
49	9.0738	-2.7e-05	2.7e-05	-5.5	-7.2169	1.3152
49	9.0738	-2e-05	2e-05	-7	5.7735	1.3152
49	9.0738	-2e-05	2e-05	-8.5	3.1754	1.3152
49	9.0738	-2e-05	2e-05	1.5	-8.9489	1.3152
49	9.0738	-2e-05	2e-05	8.5	3.1754	1.3152
49	9.0738	-2e-05	2e-05	-1.5	-8.9489	1.3152
49	9.0738	-2e-05	2e-05	7	5.7735	1.3152
50	9.2376	3.1e-05	3.1e-05	8	-4.6188	1.3152
50	9.2376	3.1e-05	3.1e-05	3.0853e-08	9.2376	1.3152
50	9.2376	3.1e-05	3.1e-05	-8	-4.6188	1.3152
51	9.2916	1.2e-05	1.2e-05	7.5	-5.4848	1.3152
51	9.2916	1.2e-05	1.2e-05	8.5	-3.7528	1.3152
51	9.2916	1.2e-05	1.2e-05	-1	9.2376	1.3152
51	9.2916	1.2e-05	1.2e-05	1	9.2376	1.3152
51	9.2916	1.2e-05	1.2e-05	-8.5	-3.7528	1.3152
51	9.2916	1.2e-05	1.2e-05	-7.5	-5.4848	1.3152
51	9.2916	5e-06	5e-06	-6.5	6.6395	1.3152
51	9.2916	5e-06	5e-06	-9	2.3094	1.3152
51	9.2916	5e-06	5e-06	2.5	-8.9489	1.3152
51	9.2916	5e-06	5e-06	9	2.3094	1.3152
51	9.2916	5e-06	5e-06	-2.5	-8.9489	1.3152
51	9.2916	5e-06	5e-06	6.5	6.6395	1.3152
52	9.4516	3.1e-05	3.1e-05	7	-6.3509	1.3152
52	9.4516	3.1e-05	3.1e-05	9	-2.8868	1.3152
52	9.4516	3.1e-05	3.1e-05	-2	9.2376	1.3152
52	9.4516	3.1e-05	3.1e-05	2	9.2376	1.3152
52	9.4516	3.1e-05	3.1e-05	-9	-2.8868	1.3152
52	9.4516	3.1e-05	3.1e-05	-7	-6.3509	1.3152
53	9.5044	7e-06	7e-06	-4.5	8.3716	1.3152
53	9.5044	7e-06	7e-06	5	-8.0829	1.3152
53	9.5044	7e-06	7e-06	9.5	-0.28868	1.3152
53	9.5044	7e-06	7e-06	-9.5	-0.28868	1.3152
53	9.5044	7e-06	7e-06	4.5	8.3716	1.3152
53	9.5044	7e-06	7e-06	-5	-8.0829	1.3152
54	9.609	1.3e-05	1.3e-05	-6	7.5056	1.3152
54	9.609	1.3e-05	1.3e-05	3.5	-8.9489	1.3152
54	9.609	1.3e-05	1.3e-05	-9.5	1.4434	1.3152
54	9.609	1.3e-05	1.3e-05	9.5	1.4434	1.3152
54	9.609	1.3e-05	1.3e-05	6	7.5056	1.3152
54	9.609	1.3e-05	1.3e-05	-3.5	-8.9489	1.3152
55	9.7125	-1.5e-05	1.5e-05	6.5	-7.2169	1.3152
55	9.7125	-1.5e-05	1.5e-05	-3	9.2376	1.3152
55	9.7125	-1.5e-05	1.5e-05	9.5	-2.0207	1.3152
55	9.7125	-1.5e-05	1.5e-05	-9.5	-2.0207	1.3152
55	9.7125	-1.5e-05	1.5e-05	3	9.2376	1.3152
55	9.7125	-1.5e-05	1.5e-05	-6.5	-7.2169	1.3152
56	9.815	4e-06	4e-06	-8.5	4.9075	1.3152
56	9.815	4e-06	4e-06	-3.7024e-08	-9.815	1.3152
56	9.815	4e-06	4e-06	8.5	4.9075	1.3152
57	9.8658	2e-05	2e-05	-8	5.7735	1.3152
57	9.8658	2e-05	2e-05	-9	4.0415	1.3152
57	9.8658	2e-05	2e-05	1	-9.815	1.3152
57	9.8658	2e-05	2e-05	-1	-9.815	1.3152
57	9.8658	2e-05	2e-05	9	4.0415	1.3152
57	9.8658	2e-05	2e-05	8	5.7735	1.3152
58	10.017	-9e-06	9e-06	-7.5	6.6395	1.3152
58	10.017	-9e-06	9e-06	-9.5	3.1754	1.3152
58	10.017	-9e-06	9e-06	2	-9.815	1.3152
58	10.017	-9e-06	9e-06	9.5	3.1754	1.3152
58	10.017	-9e-06	9e-06	-2	-9.815	1.3152
58	10.017	-9e-06	9e-06	7.5	6.6395	1.3152
58	10.017	-5e-06	5e-06	-5.5	8.3716	1.3152
58	10.017	-5e-06	5e-06	4.5	-8.9489	1.3152
58	10.017	-5e-06	5e-06	-10	0.57735	1.3152
58	10.017	-5e-06	5e-06	10	0.57735	1.3152
58	10.017	-5e-06	5e-06	5.5	8.3716	1.3152
58	10.017	-5e-06	5e-06	-4.5	-8.9489	1.3152
59	10.066	-2.3e-05	2.3e-05	-10	-1.1547	1.3152
59	10.066	-2.2e-05	2.2e-05	6	-8.0829	1.3152
59	10.066	-2.2e-05	2.2e-05	-4	9.2376	1.3152
59	10.066	-2.2e-05	2.2e-05	10	-1.1547	1.3152
59	10.066	-2.2e-05	2.2e-05	4	9.2376	1.3152
59	10.066	-2.2e-05	2.2e-05	-6	-8.0829	1.3152
60	10.116	-1.7e-05	1.7e-05	8.5	-5.4848	1.3152
60	10.116	-1.7e-05	1.7e-05	9	-4.6188	1.3152
60	10.116	-1.7e-05	1.7e-05	-0.5	10.104	1.3152
60	10.116	-1.7e-05	1.7e-05	0.5	10.104	1.3152
60	10.116	-1.7e-05	1.7e-05	-9	-4.6188	1.3152
60	10.116	-1.7e-05	1.7e-05	-8.5	-5.4848	1.3152
61	10.214	2.5e-05	2.5e-05	8	-6.3509	1.3152
61	10.214	2.5e-05	2.5e-05	9.5	-3.7528	1.3152
61	10.214	2.5e-05	2.5e-05	-1.5	10.104	1.3152
61	10.214	2.5e-05	2.5e-05	1.5	10.104	1.3152
61	10.214	2.5e-05	2.5e-05	-9.5	-3.7528	1.3152
61	10.214	2.5e-05	2.5e-05	-8	-6.3509	1.3152
62	10.263	3e-05	3e-05	-7	7.5056	1.3152
62	10.263	3e-05	3e-05	3	-9.815	1.3152
62	10.263	3e-05	3e-05	-10	2.3094	1.3152
62	10.263	3e-05	3e-05	10	2.3094	1.3152
62	10.263	3e-05	3e-05	-3	-9.815	1.3152
62	10.263	3e-05	3e-05	7	7.5056	1.3152
63	10.408	2e-06	2e-06	7.5	-7.2169	1.3152
63	10.408	2e-06	2e-06	10	-2.8868	1.3152
63	10.408	2e-06	2e-06	-2.5	10.104	1.3152
63	10.408	2e-06	2e-06	2.5	10.104	1.3152
63	10.408	2e-06	2e-06	-10	-2.8868	1.3152
63	10.408	2e-06	2e-06	-7.5	-7.2169	1.3152
64	10.504	1.1e-05	1.1e-05	-5	9.2376	1.3152
64	10.504	1.1e-05	1.1e-05	5.5	-8.9489	1.3152
64	10.504	1.1e-05	1.1e-05	10.5	-0.28868	1.3152
64	10.504	1.1e-05	1.1e-05	-10.5	-0.28868	1.3152
64	10.504	1.1e-05	1.1e-05	5	9.2376	1.3152
64	10.504	1.1e-05	1.1e-05	-5.5	-8.9489	1.3152
65	10.599	-8e-06	8e-06	-6.5	8.3716	1.3152
65	10.599	-8e-06	8e-06	4	-9.815	1.3152
65	10.599	-8e-06	8e-06	-10.5	1.4434	1.3152
65	10.599	-8e-06	8e-06	10.5	1.4434	1.3152
65	10.599	-8e-06	8e-06	6.5	8.3716	1.3152
65	10.599	-8e-06	8e-06	-4	-9.815	1.3152
66	10.693	1.7e-05	1.7e-05	7	-8.0829	1.3152
66	10.693	1.7e-05	1.7e-05	-3.5	10.104	1.3152
66	10.693	1.7e-05	1.7e-05	10.5	-2.0207	1.3152
66	10.693	1.7e-05	1.7e-05	-10.5	-2.0207	1.3152
66	10.693	1.7e-05	1.7e-05	3.5	10.104	1.3152
66	10.693	1.7e-05	1.7e-05	-7	-8.0829	1.3152
66	10.693	1e-06	1e-06	-9	5.7735	1.3152
66	10.693	1e-06	1e-06	-9.5	4.9075	1.3152
66	10.693	1e-06	1e-06	0.5	-10.681	1.3152
66	10.693	1e-06	1e-06	-0.5	-10.681	1.3152
66	10.693	1e-06	1e-06	9.5	4.9075	1.3152
66	10.693	1e-06	1e-06	9	5.7735	1.3152
67	10.786	-7e-06	7e-06	-8.5	6.6395	1.3152
67	10.786	-7e-06	7e-06	-10	4.0415	1.3152
67	10.786	-7e-06	7e-06	1.5	-10.681	1.3152
67	10.786	-7e-06	7e-06	-1.5	-10.681	1.3152
67	10.786	-7e-06	7e-06	10	4.0415	1.3152
67	10.786	-7e-06	7e-06	8.5	6.6395	1.3152
68	10.97	-2.2e-05	2.2e-05	-8	7.5056	1.3152
68	10.97	-2.2e-05	2.2e-05	-10.5	3.1754	1.3152
68	10.97	-2.2e-05	2.2e-05	2.5	-10.681	1.3152
68	10.97	-2.2e-05	2.2e-05	10.5	3.1754	1.3152
68	10.97	-2.2e-05	2.2e-05	-2.5	-10.681	1.3152
68	10.97	-2.2e-05	2.2e-05	8	7.5056	1.3152
68	10.97	-1.8e-05	1.8e-05	9.5	-5.4848	1.3152
68	10.97	-1.8e-05	1.8e-05	3.7024e-08	10.97	1.3152
68	10.97	-1.8e-05	1.8e-05	-9.5	-5.4848	1.3152
69	11.015	-2.6e-05	2.6e-05	9	-6.3509	1.3152
69	11.015	-2.6e-05	2.6e-05	10	-4.6188	1.3152
69	11.015	-2.6e-05	2.6e-05	-1	10.97	1.3152
69	11.015	-2.6e-05	2.6e-05	1	10.97	1.3152
69	11.015	-2.6e-05	2.6e-05	-10	-4.6188	1.3152
69	11.015	-2.6e-05	2.6e-05	-9	-6.3509	1.3152
69	11.015	-1e-05	1e-05	-6	9.2376	1.3152
69	11.015	-1e-05	1e-05	5	-9.815	1.3152
69	11.015	-1e-05	1e-05	-11	0.57735	1.3152
69	11.015	-1e-05	1e-05	11	0.57735	1.3152
69	11.015	-1e-05	1e-05	6	9.2376	1.3152
69	11.015	-1e-05	1e-05	-5	-9.815	1.3152
70	11.06	1.1e-05	1.1e-05	6.5	-8.9489	1.3152
70	11.06	1.1e-05	1.1e-05	-4.5	10.104	1.3152
70	11.06	1.1e-05	1.1e-05	11	-1.1547	1.3152
70	11.06	1.1e-05	1.1e-05	-11	-1.1547	1.3152
70	11.06	1.1e-05	1.1e-05	4.5	10.104	1.3152
70	11.06	1.1e-05	1.1e-05	-6.5	-8.9489	1.3152
71	11.15	1.5e-05	1.5e-05	8.5	-7.2169	1.3152
71	11.15	1.5e-05	1.5e-05	10.5	-3.7528	1.3152
71	11.15	1.5e-05	1.5e-05	-2	10.97	1.3152
71	11.15	1.5e-05	1.5e-05	2	10.97	1.3152
71	11.15	1.5e-05	1.5e-05	-10.5	-3.7528	1.3152
71	11.15	1.5e-05	1.5e-05	-8.5	-7.2169	1.3152
72	11.24	0	0	-7.5	8.3716	1.3152
72	11.24	0	0	3.5	-10.681	1.3152
72	11.24	0	0	-11	2.3094	1.3152
72	11.24	0	0	11	2.3094	1.3152
72	11.24	0	0	-3.5	-10.681	1.3152
72	11.24	0	0	7.5	8.3716	1.3152
73	11.372	1e-06	1e-06	8	-8.0829	1.3152
73	11.372	1e-06	1e-06	11	-2.8868	1.3152
73	11.372	1e-06	1e-06	-3	10.97	1.3152
73	11.372	1e-06	1e-06	3	10.97	1.3152
73	11.372	1e-06	1e-06	-11	-2.8868	1.3152
73	11.372	1e-06	1e-06	-8	-8.0829	1.3152
74	11.504	2.3e-05	2.3e-05	-5.5	10.104	1.3152
74	11.504	2.3e-05	2.3e-05	6	-9.815	1.3152
74	11.504	2.3e-05	2.3e-05	11.5	-0.28868	1.3152
74	11.504	2.3e-05	2.3e-05	-11.5	-0.28868	1.3152
74	11.504	2.3e-05	2.3e-05	5.5	10.104	1.3152
74	11.504	2.3e-05	2.3e-05	-6	-9.815	1.3152
75	11.547	2.1e-05	2.1e-05	-10	5.7735	1.3152
75	11.547	2.1e-05	2.1e-05	-4.3194e-08	-11.547	1.3152
75	11.547	2.1e-05	2.1e-05	10	5.7735	1.3152
76	11.59	2.8e-05	2.8e-05	-9.5	6.6395	1.3152
76	11.59	2.8e-05	2.8e-05	-10.5	4.9075	1.3152
76	11.59	2.8e-05	2.8e-05	1	-11.547	1.3152
76	11.59	2.8e-05	2.8e-05	-1	-11.547	1.3152
76	11.59	2.8e-05	2.8e-05	10.5	4.9075	1.3152
76	11.59	2.8e-05	2.8e-05	9.5	6.6395	1.3152
76	11.59	1.8e-05	1.8e-05	-7	9.2376	1.3152
76	11.59	1.8e-05	1.8e-05	4.5	-10.681	1.3152
76	11.59	1.8e-05	1.8e-05	-11.5	1.4434	1.3152
76	11.59	1.8e-05	1.8e-05	11.5	1.4434	1.3152
76	11.59	1.8e-05	1.8e-05	7	9.2376	1.3152
76	11.59	1.8e-05	1.8e-05	-4.5	-10.681	1.3152
77	11.676	8e-06	8e-06	7.5	-8.9489	1.3152
77	11.676	8e-06	8e-06	-4	10.97	1.3152
77	11.676	8e-06	8e-06	11.5	-2.0207	1.3152
77	11.676	8e-06	8e-06	-11.5	-2.0207	1.3152
77	11.676	8e-06	8e-06	4	10.97	1.3152
77	11.676	8e-06	8e-06	-7.5	-8.9489	1.3152
78	11.719	-3e-06	3e-06	-9	7.5056	1.3152
78	11.719	-3e-06	3e-06	-11	4.0415	1.3152
78	11.719	-3e-06	3e-06	2	-11.547	1.3152
78	11.719	-3e-06	3e-06	11	4.0415	1.3152
78	11.719	-3e-06	3e-06	-2	-11.547	1.3152
78	11.719	-3e-06	3e-06	9	7.5056	1.3152
79	11.846	-2.5e-05	2.5e-05	10	-6.3509	1.3152
79	11.846	-2.5e-05	2.5e-05	10.5	-5.4848	1.3152
79	11.846	-2.5e-05	2.5e-05	-0.5	11.836	1.3152
79	11.846	-2.5e-05	2.5e-05	0.5	11.836	1.3152
79	11.846	-2.5e-05	2.5e-05	-10.5	-5.4848	1.3152
79	11.846	-2.5e-05	2.5e-05	-10	-6.3509	1.3152
80	11.93	-3e-06	3e-06	-8.5	8.3716	1.3152
80	11.93	-3e-06	3e-06	-11.5	3.1754	1.3152
80	11.93	-3e-06	3e-06	3	-11.547	1.3152
80	11.93	-3e-06	3e-06	11.5	3.1754	1.3152
80	11.93	-3e-06	3e-06	-3	-11.547	1.3152
80	11.93	-3e-06	3e-06	8.5	8.3716	1.3152
80	11.93	-2e-06	2e-06	9.5	-7.2169	1.3152
80	11.93	-2e-06	2e-06	11	-4.6188	1.3152
80	11.93	-2e-06	2e-06	-1.5	11.836	1.3152
80	11.93	-2e-06	2e-06	1.5	11.836	1.3152
80	11.93	-2e-06	2e-06	-11	-4.6188	1.3152
80	11.93	-2e-06	2e-06	-9.5	-7.2169	1.3152
81	12.014	-3e-06	3e-06	-6.5	10.104	1.3152
81	12.014	-3e-06	3e-06	5.5	-10.681	1.3152
81	12.014	-3e-06	3e-06	-12	0.57735	1.3152
81	12.014	-3e-06	3e-06	12	0.57735	1.3152
81	12.014	-3e-06	3e-06	6.5	10.104	1.3152
81	12.014	-3e-06	3e-06	-5.5	-10.681	1.3152
82	12.055	-9e-06	9e-06	7	-9.815	1.3152
82	12.055	-9e-06	9e-06	-5	10.97	1.3152
82	12.055	-9e-06	9e-06	12	-1.1547	1.3152
82	12.055	-9e-06	9e-06	-12	-1.1547	1.3152
82	12.055	-9e-06	9e-06	5	10.97	1.3152
82	12.055	-9e-06	9e-06	-7	-9.815	1.3152
83	12.097	-1e-06	1e-06	9	-8.0829	1.3152
83	12.097	-1e-06	1e-06	11.5	-3.7528	1.3152
83	12.097	-1e-06	1e-06	-2.5	11.836	1.3152
83	12.097	-1e-06	1e-06	2.5	11.836	1.3152
83	12.097	-1e-06	1e-06	-11.5	-3.7528	1.3152
83	12.097	-1e-06	1e-06	-9	-8.0829	1.3152
84	12.22	1.7e-05	1.7e-05	-8	9.2376	1.3152
84	12.22	1.7e-05	1.7e-05	4	-11.547	1.3152
84	12.22	1.7e-05	1.7e-05	-12	2.3094	1.3152
84	12.22	1.7e-05	1.7e-05	12	2.3094	1.3152
84	12.22	1.7e-05	1.7e-05	-4	-11.547	1.3152
84	12.22	1.7e-05	1.7e-05	8	9.2376	1.3152
85	12.342	-1e-05	1e-05	8.5	-8.9489	1.3152
85	12.342	-1e-05	1e-05	12	-2.8868	1.3152
85	12.342	-1e-05	1e-05	-3.5	11.836	1.3152
85	12.342	-1e-05	1e-05	3.5	11.836	1.3152
85	12.342	-1e-05	1e-05	-12	-2.8868	1.3152
85	12.342	-1e-05	1e-05	-8.5	-8.9489	1.3152
86	12.423	1.6e-05	1.6e-05	-10.5	6.6395	1.3152
86	12.423	1.6e-05	1.6e-05	-11	5.7735	1.3152
86	12.423	1.6e-05	1.6e-05	0.5	-12.413	1.3152
86	12.423	1.6e-05	1.6e-05	-0.5	-12.413	1.3152
86	12.423	1.6e-05	1.6e-05	11	5.7735	1.3152
86	12.423	1.6e-05	1.6e-05	10.5	6.6395	1.3152
87	12.503	3.2e-05	3.2e-05	-6	10.97	1.3152
87	12.503	3.2e-05	3.2e-05	6.5	-10.681	1.3152
87	12.503	3.2e-05	3.2e-05	12.5	-0.28868	1.3152
87	12.503	3.2e-05	3.2e-05	-12.5	-0.28868	1.3152
87	12.503	3.2e-05	3.2e-05	6	10.97	1.3152
87	12.503	3.2e-05	3.2e-05	-6.5	-10.681	1.3152
87	12.503	2.7e-05	2.7e-05	-10	7.5056	1.3152
87	12.503	2.7e-05	2.7e-05	-11.5	4.9075	1.3152
87	12.503	2.7e-05	2.7e-05	1.5	-12.413	1.3152
87	12.503	2.7e-05	2.7e-05	-1.5	-12.413	1.3152
87	12.503	2.7e-05	2.7e-05	11.5	4.9075	1.3152
87	12.503	2.7e-05	2.7e-05	10	7.5056	1.3152
88	12.583	6e-06	6e-06	-7.5	10.104	1.3152
88	12.583	6e-06	6e-06	5	-11.547	1.3152
88	12.583	6e-06	6e-06	-12.5	1.4434	1.3152
88	12.583	6e-06	6e-06	12.5	1.4434	1.3152
88	12.583	6e-06	6e-06	7.5	10.104	1.3152
88	12.583	6e-06	6e-06	-5	-11.547	1.3152
89	12.662	-1.1e-05	1.1e-05	-9.5	8.3716	1.3152
89	12.662	-1.1e-05	1.1e-05	-12	4.0415	1.3152
89	12.662	-1.1e-05	1.1e-05	2.5	-12.413	1.3152
89	12.662	-1.1e-05	1.1e-05	12	4.0415	1.3152
89	12.662	-1.1e-05	1.1e-05	-2.5	-12.413	1.3152
89	12.662	-1.1e-05	1.1e-05	9.5	8.3716	1.3152
89	12.662	-5e-06	5e-06	8	-9.815	1.3152
89	12.662	-5e-06	5e-06	-4.5	11.836	1.3152
89	12.662	-5e-06	5e-06	12.5	-2.0207	1.3152
89	12.662	-5e-06	5e-06	-12.5	-2.0207	1.3152
89	12.662	-5e-06	5e-06	4.5	11.836	1.3152
89	12.662	-5e-06	5e-06	-8	-9.815	1.3152
90	12.702	-1.3e-05	1.3e-05	11	-6.3509	1.3152
90	12.702	-1.3e-05	1.3e-05	4.3194e-08	12.702	1.3152
90	12.702	-1.3e-05	1.3e-05	-11	-6.3509	1.3152
91	12.741	-1.2e-05	1.2e-05	10.5	-7.2169	1.3152
91	12.741	-1.2e-05	1.2e-05	11.5	-5.4848	1.3152
91	12.741	-1.2e-05	1.2e-05	-1	12.702	1.3152
91	12.741	-1.2e-05	1.2e-05	1	12.702	1.3152
91	12.741	-1.2e-05	1.2e-05	-11.5	-5.4848	1.3152
91	12.741	-1.2e-05	1.2e-05	-10.5	-7.2169	1.3152
92	12.858	-3e-06	3e-06	10	-8.0829	1.3152
92	12.858	-3e-06	3e-06	12	-4.6188	1.3152
92	12.858	-3e-06	3e-06	-2	12.702	1.3152
92	12.858	-3e-06	3e-06	2	12.702	1.3152
92	12.858	-3e-06	3e-06	-12	-4.6188	1.3152
92	12.858	-3e-06	3e-06	-10	-8.0829	1.3152
93	12.897	-8e-06	8e-06	-9	9.2376	1.3152
93	12.897	-8e-06	8e-06	-12.5	3.1754	1.3152
93	12.897	-8e-06	8e-06	3.5	-12.413	1.3152
93	12.897	-8e-06	8e-06	12.5	3.1754	1.3152
93	12.897	-8e-06	8e-06	-3.5	-12.413	1.3152
93	12.897	-8e-06	8e-06	9	9.2376	1.3152
94	13.013	-1e-06	1e-06	-7	10.97	1.3152
94	13.013	-1e-06	1e-06	6	-11.547	1.3152
94	13.013	-1e-06	1e-06	-13	0.57735	1.3152
94	13.013	-1e-06	1e-06	13	0.57735	1.3152
94	13.013	-1e-06	1e-06	7	10.97	1.3152
94	13.013	-1e-06	1e-06	-6	-11.547	1.3152
95	13.051	2.1e-05	2.1e-05	7.5	-10.681	1.3152
95	13.051	2.1e-05	2.1e-05	-5.5	11.836	1.3152
95	13.051	2.1e-05	2.1e-05	13	-1.1547	1.3152
95	13.051	2.1e-05	2.1e-05	-13	-1.1547	1.3152
95	13.051	2.1e-05	2.1e-05	5.5	11.836	1.3152
95	13.051	2.1e-05	2.1e-05	-7.5	-10.681	1.3152
95	13.051	1e-05	1e-05	9.5	-8.9489	1.3152
95	13.051	1e-05	1e-05	12.5	-3.7528	1.3152
95	13.051	1e-05	1e-05	-3	12.702	1.3152
95	13.051	1e-05	1e-05	3	12.702	1.3152
95	13.051	1e-05	1e-05	-12.5	-3.7528	1.3152
95	13.051	1e-05	1e-05	-9.5	-8.9489	1.3152
96	13.204	-3e-05	3e-05	-8.5	10.104	1.3152
96	13.204	-3e-05	3e-05	4.5	-12.413	1.3152
96	13.204	-3e-05	3e-05	-13	2.3094	1.3152
96	13.204	-3e-05	3e-05	13	2.3094	1.3152
96	13.204	-3e-05	3e-05	-4.5	-12.413	1.3152
96	13.204	-3e-05	3e-05	8.5	10.104	1.3152
97	13.279	-5e-06	5e-06	-11.5	6.6395	1.3152
97	13.279	-5e-06	5e-06	-4.9365e-08	-13.279	1.3152
97	13.279	-5e-06	5e-06	11.5	6.6395	1.3152
98	13.317	1.8e-05	1.8e-05	-11	7.5056	1.3152
98	13.317	1.8e-05	1.8e-05	-12	5.7735	1.3152
98	13.317	1.8e-05	1.8e-05	1	-13.279	1.3152
98	13.317	1.8e-05	1.8e-05	-1	-13.279	1.3152
98	13.317	1.8e-05	1.8e-05	12	5.7735	1.3152
98	13.317	1.8e-05	1.8e-05	11	7.5056	1.3152
98	13.317	1.4e-05	1.4e-05	9	-9.815	1.3152
98	13.317	1.4e-05	1.4e-05	-4	12.702	1.3152
98	13.317	1.4e-05	1.4e-05	13	-2.8868	1.3152
98	13.317	1.4e-05	1.4e-05	-13	-2.8868	1.3152
98	13.317	1.4e-05	1.4e-05	4	12.702	1.3152
98	13.317	1.4e-05	1.4e-05	-9	-9.815	1.3152
99	13.429	-2e-06	2e-06	-10.5	8.3716	1.3152
99	13.429	-2e-06	2e-06	-12.5	4.9075	1.3152
99	13.429	-2e-06	2e-06	2	-13.279	1.3152
99	13.429	-2e-06	2e-06	-2	-13.279	1.3152
99	13.429	-2e-06	2e-06	12.5	4.9075	1.3152
99	13.429	-2e-06	2e-06	10.5	8.3716	1.3152
100	13.503	1.3e-05	1.3e-05	-6.5	11.836	1.3152
100	13.503	1.3e-05	1.3e-05	7	-11.547	1.3152
100	13.503	1.3e-05	1.3e-05	13.5	-0.28868	1.3152
100	13.503	1.3e-05	1.3e-05	-13.5	-0.28868	1.3152
100	13.503	1.3e-05	1.3e-05	6.5	11.836	1.3152
100	13.503	1.3e-05	1.3e-05	-7	-11.547	1.3152
101	13.577	3e-06	3e-06	11.5	-7.2169	1.3152
101	13.577	3e-06	3e-06	12	-6.3509	1.3152
101	13.577	3e-06	3e-06	-0.5	13.568	1.3152
101	13.577	3e-06	3e-06	0.5	13.568	1.3152
101	13.577	3e-06	3e-06	-12	-6.3509	1.3152
101	13.577	3e-06	3e-06	-11.5	-7.2169	1.3152
101	13.577	-2e-06	2e-06	-8	10.97	1.3152
101	13.577	-2e-06	2e-06	5.5	-12.413	1.3152
101	13.577	-2e-06	2e-06	-13.5	1.4434	1.3152
101	13.577	-2e-06	2e-06	13.5	1.4434	1.3152
101	13.577	-2e-06	2e-06	8	10.97	1.3152
101	13.577	-2e-06	2e-06	-5.5	-12.413	1.3152
102	13.614	3e-06	3e-06	-10	9.2376	1.3152
102	13.614	3e-06	3e-06	-13	4.0415	1.3152
102	13.614	3e-06	3e-06	3	-13.279	1.3152
102	13.614	3e-06	3e-06	13	4.0415	1.3152
102	13.614	3e-06	3e-06	-3	-13.279	1.3152
102	13.614	3e-06	3e-06	10	9.2376	1.3152
103	13.65	7e-06	7e-06	8.5	-10.681	1.3152
103	13.65	7e-06	7e-06	-5	12.702	1.3152
103	13.65	7e-06	7e-06	13.5	-2.0207	1.3152
103	13.65	7e-06	7e-06	-13.5	-2.0207	1.3152
103	13.65	7e-06	7e-06	5	12.702	1.3152
103	13.65	7e-06	7e-06	-8.5	-10.681	1.3152
103	13.65	5e-06	5e-06	11	-8.0829	1.3152
103	13.65	5e-06	5e-06	12.5	-5.4848	1.3152
103	13.65	5e-06	5e-06	-1.5	13.568	1.3152
103	13.65	5e-06	5e-06	1.5	13.568	1.3152
103	13.65	5e-06	5e-06	-12.5	-5.4848	1.3152
103	13.65	5e-06	5e-06	-11	-8.0829	1.3152
104	13.796	-1.1e-05	1.1e-05	10.5	-8.9489	1.3152
104	13.796	-1.1e-05	1.1e-05	13	-4.6188	1.3152
104	13.796	-1.1e-05	1.1e-05	-2.5	13.568	1.3152
104	13.796	-1.1e-05	1.1e-05	2.5	13.568	1.3152
104	13.796	-1.1e-05	1.1e-05	-13	-4.6188	1.3152
104	13.796	-1.1e-05	1.1e-05	-10.5	-8.9489	1.3152
105	13.868	-2e-06	2e-06	-9.5	10.104	1.3152
105	13.868	-2e-06	2e-06	4	-13.279	1.3152
105	13.868	-2e-06	2e-06	-13.5	3.1754	1.3152
105	13.868	-2e-06	2e-06	13.5	3.1754	1.3152
105	13.868	-2e-06	2e-06	-4	-13.279	1.3152
105	13.868	-2e-06	2e-06	9.5	10.104	1.3152
106	14.012	1.1e-05	1.1e-05	10	-9.815	1.3152
106	14.012	1.1e-05	1.1e-05	13.5	-3.7528	1.3152
106	14.012	1.1e-05	1.1e-05	-3.5	13.568	1.3152
106	14.012	1.1e-05	1.1e-05	3.5	13.568	1.3152
106	14.012	1.1e-05	1.1e-05	-13.5	-3.7528	1.3152
106	14.012	1.1e-05	1.1e-05	-10	-9.815	1.3152
106	14.012	-5e-06	5e-06	-7.5	11.836	1.3152
106	14.012	-5e-06	5e-06	6.5	-12.413	1.3152
106	14.012	-5e-06	5e-06	-14	0.57735	1.3152
106	14.012	-5e-06	5e-06	14	0.57735	1.3152
106	14.012	-5e-06	5e-06	7.5	11.836	1.3152
106	14.012	-5e-06	5e-06	-6.5	-12.413	1.3152
107	14.048	-4e-06	4e-06	8	-11.547	1.3152
107	14.048	-4e-06	4e-06	-6	12.702	1.3152
107	14.048	-4e-06	4e-06	14	-1.1547	1.3152
107	14.048	-4e-06	4e-06	-14	-1.1547	1.3152
107	14.048	-4e-06	4e-06	6	12.702	1.3152
107	14.048	-4e-06	4e-06	-8	-11.547	1.3152
108	14.154	-1.6e-05	1.6e-05	-12	7.5056	1.3152
108	14.154	-1.6e-05	1.6e-05	-12.5	6.6395	1.3152
108	14.154	-1.6e-05	1.6e-05	0.5	-14.145	1.3152
108	14.154	-1.6e-05	1.6e-05	-0.5	-14.145	1.3152
108	14.154	-1.6e-05	1.6e-05	12.5	6.6395	1.3152
108	14.154	-1.6e-05	1.6e-05	12	7.5056	1.3152
109	14.189	-1.4e-05	1.4e-05	-9	10.97	1.3152
109	14.189	-1.4e-05	1.4e-05	5	-13.279	1.3152
109	14.189	-1.4e-05	1.4e-05	-14	2.3094	1.3152
109	14.189	-1.4e-05	1.4e-05	14	2.3094	1.3152
109	14.189	-1.4e-05	1.4e-05	-5	-13.279	1.3152
109	14.189	-1.4e-05	1.4e-05	9	10.97	1.3152
110	14.224	-6e-06	6e-06	-11.5	8.3716	1.3152
110	14.224	-6e-06	6e-06	-13	5.7735	1.3152
110	14.224	-6e-06	6e-06	1.5	-14.145	1.3152
110	14.224	-6e-06	6e-06	-1.5	-14.145	1.3152
110	14.224	-6e-06	6e-06	13	5.7735	1.3152
110	14.224	-6e-06	6e-06	11.5	8.3716	1.3152
111	14.295	2e-05	2e-05	9.5	-10.681	1.3152
111	14.295	2e-05	2e-05	-4.5	13.568	1.3152
111	14.295	2e-05	2e-05	14	-2.8868	1.3152
111	14.295	2e-05	2e-05	-14	-2.8868	1.3152
111	14.295	2e-05	2e-05	4.5	13.568	1.3152
111	14.295	2e-05	2e-05	-9.5	-10.681	1.3152
112	14.364	2e-05	2e-05	-11	9.2376	1.3152
112	14.364	2e-05	2e-05	-13.5	4.9075	1.3152
112	14.364	2e-05	2e-05	2.5	-14.145	1.3152
112	14.364	2e-05	2e-05	13.5	4.9075	1.3152
112	14.364	2e-05	2e-05	-2.5	-14.145	1.3152
112	14.364	2e-05	2e-05	11	9.2376	1.3152
113	14.434	-1.3e-05	1.3e-05	12.5	-7.2169	1.3152
113	14.434	-1.3e-05	1.3e-05	4.9365e-08	14.434	1.3152
113	14.434	-1.3e-05	1.3e-05	-12.5	-7.2169	1.3152
114	14.468	-8e-06	8e-06	12	-8.0829	1.3152
114	14.468	-8e-06	8e-06	13	-6.3509	1.3152
114	14.468	-8e-06	8e-06	-1	14.434	1.3152
114	14.468	-8e-06	8e-06	1	14.434	1.3152
114	14.468	-8e-06	8e-06	-13	-6.3509	1.3152
114	14.468	-8e-06	8e-06	-12	-8.0829	1.3152
115	14.503	-9e-06	9e-06	-7	12.702	1.3152
115	14.503	-9e-06	9e-06	7.5	-12.413	1.3152
115	14.503	-9e-06	9e-06	14.5	-0.28868	1.3152
115	14.503	-9e-06	9e-06	-14.5	-0.28868	1.3152
115	14.503	-9e-06	9e-06	7	12.702	1.3152
115	14.503	-9e-06	9e-06	-7.5	-12.413	1.3152
116	14.572	1.4e-05	1.4e-05	-8.5	11.836	1.3152
116	14.572	1.4e-05	1.4e-05	6	-13.279	1.3152
116	14.572	1.4e-05	1.4e-05	-14.5	1.4434	1.3152
116	14.572	1.4e-05	1.4e-05	14.5	1.4434	1.3152
116	14.572	1.4e-05	1.4e-05	8.5	11.836	1.3152
116	14.572	1.4e-05	1.4e-05	-6	-13.279	1.3152
116	14.572	5e-06	5e-06	11.5	-8.9489	1.3152
116	14.572	5e-06	5e-06	13.5	-5.4848	1.3152
116	14.572	5e-06	5e-06	-2	14.434	1.3152
116	14.572	5e-06	5e-06	2	14.434	1.3152
116	14.572	5e-06	5e-06	-13.5	-5.4848	1.3152
116	14.572	5e-06	5e-06	-11.5	-8.9489	1.3152
116	14.572	-3e-06	3e-06	-10.5	10.104	1.3152
116	14.572	-3e-06	3e-06	-14	4.0415	1.3152
116	14.572	-3e-06	3e-06	3.5	-14.145	1.3152
116	14.572	-3e-06	3e-06	14	4.0415	1.3152
116	14.572	-3e-06	3e-06	-3.5	-14.145	1.3152
116	14.572	-3e-06	3e-06	10.5	10.104	1.3152
117	14.64	5e-06	5e-06	9	-11.547	1.3152
117	14.64	5e-06	5e-06	-5.5	13.568	1.3152
117	14.64	5e-06	5e-06	14.5	-2.0207	1.3152
117	14.64	5e-06	5e-06	-14.5	-2.0207	1.3152
117	14.64	5e-06	5e-06	5.5	13.568	1.3152
117	14.64	5e-06	5e-06	-9	-11.547	1.3152
118	14.742	8e-06	8e-06	11	-9.815	1.3152
118	14.742	8e-06	8e-06	14	-4.6188	1.3152
118	14.742	8e-06	8e-06	-3	14.434	1.3152
118	14.742	8e-06	8e-06	3	14.434	1.3152
118	14.742	8e-06	8e-06	-14	-4.6188	1.3152
118	14.742	8e-06	8e-06	-11	-9.815	1.3152
119	14.844	-1e-05	1e-05	-10	10.97	1.3152
119	14.844	-1e-05	1e-05	4.5	-14.145	1.3152
119	14.844	-1e-05	1e-05	-14.5	3.1754	1.3152
119	14.844	-1e-05	1e-05	14.5	3.1754	1.3152
119	14.844	-1e-05	1e-05	-4.5	-14.145	1.3152
119	14.844	-1e-05	1e-05	10	10.97	1.3152
120	14.978	9e-06	9e-06	10.5	-10.681	1.3152
120	14.978	9e-06	9e-06	14.5	-3.7528	1.3152
120	14.978	9e-06	9e-06	-4	14.434	1.3152
120	14.978	9e-06	9e-06	4	14.434	1.3152
120	14.978	9e-06	9e-06	-14.5	-3.7528	1.3152
120	14.978	9e-06	9e-06	-10.5	-10.681	1.3152
121	15.011	8e-06	8e-06	-13	7.5056	1.3152
121	15.011	8e-06	8e-06	-5.5535e-08	-15.011	1.3152
121	15.011	8e-06	8e-06	13	7.5056	1.3152
121	15.011	5e-06	5e-06	-8	12.702	1.3152
121	15.011	5e-06	5e-06	7	-13.279	1.3152
121	15.011	5e-06	5e-06	-15	0.57735	1.3152
121	15.011	5e-06	5e-06	15	0.57735	1.3152
121	15.011	5e-06	5e-06	8	12.702	1.3152
121	15.011	5e-06	5e-06	-7	-13.279	1.3152
122	15.044	5e-06	5e-06	8.5	-12.413	1.3152
122	15.044	5e-06	5e-06	-6.5	13.568	1.3152
122	15.044	5e-06	5e-06	15	-1.1547	1.3152
122	15.044	5e-06	5e-06	-15	-1.1547	1.3152
122	15.044	5e-06	5e-06	6.5	13.568	1.3152
122	15.044	5e-06	5e-06	-8.5	-12.413	1.3152
122	15.044	-3e-06	3e-06	-12.5	8.3716	1.3152
122	15.044	-3e-06	3e-06	-13.5	6.6395	1.3152
122	15.044	-3e-06	3e-06	1	-15.011	1.3152
122	15.044	-3e-06	3e-06	-1	-15.011	1.3152
122	15.044	-3e-06	3e-06	13.5	6.6395	1.3152
122	15.044	-3e-06	3e-06	12.5	8.3716	1.3152
123	15.144	-1.8e-05	1.8e-05	-12	9.2376	1.3152
123	15.144	-1.8e-05	1.8e-05	-14	5.7735	1.3152
123	15.144	-1.8e-05	1.8e-05	2	-15.011	1.3152
123	15.144	-1.8e-05	1.8e-05	-2	-15.011	1.3152
123	15.144	-1.8e-05	1.8e-05	14	5.7735	1.3152
123	15.144	-1.8e-05	1.8e-05	12	9.2376	1.3152
124	15.177	8e-06	8e-06	-9.5	11.836	1.3152
124	15.177	8e-06	8e-06	5.5	-14.145	1.3152
124	15.177	8e-06	8e-06	-15	2.3094	1.3152
124	15.177	8e-06	8e-06	15	2.3094	1.3152
124	15.177	8e-06	8e-06	-5.5	-14.145	1.3152
124	15.177	8e-06	8e-06	9.5	11.836	1.3152
125	15.275	2e-06	2e-06	10	-11.547	1.3152
125	15.275	2e-06	2e-06	-5	14.434	1.3152
125	15.275	2e-06	2e-06	15	-2.8868	1.3152
125	15.275	2e-06	2e-06	-15	-2.8868	1.3152
125	15.275	2e-06	2e-06	5	14.434	1.3152
125	15.275	2e-06	2e-06	-10	-11.547	1.3152
126	15.308	1e-05	1e-05	-11.5	10.104	1.3152
126	15.308	1e-05	1e-05	-14.5	4.9075	1.3152
126	15.308	1e-05	1e-05	3	-15.011	1.3152
126	15.308	1e-05	1e-05	14.5	4.9075	1.3152
126	15.308	1e-05	1e-05	-3	-15.011	1.3152
126	15.308	1e-05	1e-05	11.5	10.104	1.3152
126	15.308	0	0	13	-8.0829	1.3152
126	15.308	0	0	13.5	-7.2169	1.3152
126	15.308	0	0	-0.5	15.3	1.3152
126	15.308	0	0	0.5	15.3	1.3152
126	15.308	0	0	-13.5	-7.2169	1.3152
126	15.308	0	0	-13	-8.0829	1.3152
127	15.373	2e-06	2e-06	12.5	-8.9489	1.3152
127	15.373	2e-06	2e-06	14	-6.3509	1.3152
127	15.373	2e-06	2e-06	-1.5	15.3	1.3152
127	15.373	2e-06	2e-06	1.5	15.3	1.3152
127	15.373	2e-06	2e-06	-14	-6.3509	1.3152
127	15.373	2e-06	2e-06	-12.5	-8.9489	1.3152
128	15.503	3e-06	3e-06	12	-9.815	1.3152
128	15.503	-3e-06	3e-06	-7.5	13.568	1.3152
128	15.503	-3e-06	3e-06	8	-13.279	1.3152
128	15.503	3e-06	3e-06	14.5	-5.4848	1.3152
128	15.503	3e-06	3e-06	-2.5	15.3	1.3152
128	15.503	-3e-06	3e-06	15.5	-0.28868	1.3152
128	15.503	-3e-06	3e-06	-15.5	-0.28868	1.3152
128	15.503	3e-06	3e-06	2.5	15.3	1.3152
128	15.503	3e-06	3e-06	-14.5	-5.4848	1.3152
128	15.503	-3e-06	3e-06	7.5	13.568	1.3152
128	15.503	-3e-06	3e-06	-8	-13.279	1.3152
128	15.503	3e-06	3e-06	-12	-9.815	1.3152
129	15.535	1.2e-05	1.2e-05	-11	10.97	1.3152
129	15.535	1.2e-05	1.2e-05	-15	4.0415	1.3152
129	15.535	1.2e-05	1.2e-05	4	-15.011	1.3152
129	15.535	1.2e-05	1.2e-05	15	4.0415	1.3152
129	15.535	1.2e-05	1.2e-05	-4	-15.011	1.3152
129	15.535	1.2e-05	1.2e-05	11	10.97	1.3152
130	15.567	2.6e-05	2.6e-05	-9	12.702	1.3152
130	15.567	2.6e-05	2.6e-05	6.5	-14.145	1.3152
130	15.567	2.6e-05	2.6e-05	-15.5	1.4434	1.3152
130	15.567	2.6e-05	2.6e-05	15.5	1.4434	1.3152
130	15.567	2.6e-05	2.6e-05	9	12.702	1.3152
130	15.567	2.6e-05	2.6e-05	-6.5	-14.145	1.3152
131	15.631	3e-06	3e-06	9.5	-12.413	1.3152
131	15.631	3e-06	3e-06	-6	14.434	1.3152
131	15.631	3e-06	3e-06	15.5	-2.0207	1.3152
131	15.631	3e-06	3e-06	-15.5	-2.0207	1.3152
131	15.631	3e-06	3e-06	6	14.434	1.3152
131	15.631	3e-06	3e-06	-9.5	-12.413	1.3152
132	15.695	2e-06	2e-06	11.5	-10.681	1.3152
132	15.695	2e-06	2e-06	15	-4.6188	1.3152
132	15.695	2e-06	2e-06	-3.5	15.3	1.3152
132	15.695	2e-06	2e-06	3.5	15.3	1.3152
132	15.695	2e-06	2e-06	-15	-4.6188	1.3152
132	15.695	2e-06	2e-06	-11.5	-10.681	1.3152
133	15.822	1e-05	1e-05	-10.5	11.836	1.3152
133	15.822	1e-05	1e-05	5	-15.011	1.3152
133	15.822	1e-05	1e-05	-15.5	3.1754	1.3152
133	15.822	1e-05	1e-05	15.5	3.1754	1.3152
133	15.822	1e-05	1e-05	-5	-15.011	1.3152
133	15.822	1e-05	1e-05	10.5	11.836	1.3152
134	15.885	-9e-06	9e-06	-13.5	8.3716	1.3152
134	15.885	-9e-06	9e-06	-14	7.5056	1.3152
134	15.885	-9e-06	9e-06	0.5	-15.877	1.3152
134	15.885	-9e-06	9e-06	-0.5	-15.877	1.3152
134	15.885	-9e-06	9e-06	14	7.5056	1.3152
134	15.885	-9e-06	9e-06	13.5	8.3716	1.3152
135	15.948	-1e-06	1e-06	11	-11.547	1.3152
135	15.948	1e-06	1e-06	-13	9.2376	1.3152
135	15.948	1e-06	1e-06	-14.5	6.6395	1.3152
135	15.948	-1e-06	1e-06	15.5	-3.7528	1.3152
135	15.948	-1e-06	1e-06	-4.5	15.3	1.3152
135	15.948	1e-06	1e-06	1.5	-15.877	1.3152
135	15.948	1e-06	1e-06	-1.5	-15.877	1.3152
135	15.948	-1e-06	1e-06	-15.5	-3.7528	1.3152
135	15.948	-1e-06	1e-06	4.5	15.3	1.3152
135	15.948	1e-06	1e-06	14.5	6.6395	1.3152
135	15.948	1e-06	1e-06	13	9.2376	1.3152
135	15.948	-1e-06	1e-06	-11	-11.547	1.3152
136	16.01	1.9e-05	1.9e-05	-8.5	13.568	1.3152
136	16.01	1.9e-05	1.9e-05	7.5	-14.145	1.3152
136	16.01	1.9e-05	1.9e-05	-16	0.57735	1.3152
136	16.01	1.9e-05	1.9e-05	16	0.57735	1.3152
136	16.01	1.9e-05	1.9e-05	8.5	13.568	1.3152
136	16.01	1.9e-05	1.9e-05	-7.5	-14.145	1.3152
137	16.042	4e-06	4e-06	9	-13.279	1.3152
137	16.042	4e-06	4e-06	-7	14.434	1.3152
137	16.042	4e-06	4e-06	16	-1.1547	1.3152
137	16.042	4e-06	4e-06	-16	-1.1547	1.3152
137	16.042	4e-06	4e-06	7	14.434	1.3152
137	16.042	4e-06	4e-06	-9	-13.279	1.3152
138	16.073	-8e-06	8e-06	-12.5	10.104	1.3152
138	16.073	-8e-06	8e-06	-15	5.7735	1.3152
138	16.073	-8e-06	8e-06	2.5	-15.877	1.3152
138	16.073	-8e-06	8e-06	-2.5	-15.877	1.3152
138	16.073	-8e-06	8e-06	15	5.7735	1.3152
138	16.073	-8e-06	8e-06	12.5	10.104	1.3152
139	16.166	-8e-06	8e-06	14	-8.0829	1.3152
139	16.166	-8e-06	8e-06	5.5535e-08	16.166	1.3152
139	16.166	-8e-06	8e-06	-14	-8.0829	1.3152
139	16.166	2e-06	2e-06	-10	12.702	1.3152
139	16.166	2e-06	2e-06	6	-15.011	1.3152
139	16.166	2e-06	2e-06	-16	2.3094	1.3152
139	16.166	2e-06	2e-06	16	2.3094	1.3152
139	16.166	2e-06	2e-06	-6	-15.011	1.3152
139	16.166	2e-06	2e-06	10	12.702	1.3152
140	16.197	-4e-06	4e-06	13.5	-8.9489	1.3152
140	16.197	-4e-06	4e-06	14.5	-7.2169	1.3152
140	16.197	-4e-06	4e-06	-1	16.166	1.3152
140	16.197	-4e-06	4e-06	1	16.166	1.3152
140	16.197	-4e-06	4e-06	-14.5	-7.2169	1.3152
140	16.197	-4e-06	4e-06	-13.5	-8.9489	1.3152
141	16.258	1.1e-05	1.1e-05	-12	10.97	1.3152
141	16.258	1.1e-05	1.1e-05	-15.5	4.9075	1.3152
141	16.258	1.1e-05	1.1e-05	3.5	-15.877	1.3152
141	16.258	1.1e-05	1.1e-05	15.5	4.9075	1.3152
141	16.258	1.1e-05	1.1e-05	-3.5	-15.877	1.3152
141	16.258	1.1e-05	1.1e-05	12	10.97	1.3152
141	16.258	5e-06	5e-06	10.5	-12.413	1.3152
141	16.258	5e-06	5e-06	-5.5	15.3	1.3152
141	16.258	5e-06	5e-06	16	-2.8868	1.3152
141	16.258	5e-06	5e-06	-16	-2.8868	1.3152
141	16.258	5e-06	5e-06	5.5	15.3	1.3152
141	16.258	5e-06	5e-06	-10.5	-12.413	1.3152
142	16.289	-4e-06	4e-06	13	-9.815	1.3152
142	16.289	-4e-06	4e-06	15	-6.3509	1.3152
142	16.289	-4e-06	4e-06	-2	16.166	1.3152
142	16.289	-4e-06	4e-06	2	16.166	1.3152
142	16.289	-4e-06	4e-06	-15	-6.3509	1.3152
142	16.289	-4e-06	4e-06	-13	-9.815	1.3152
143	16.442	-6e-06	6e-06	12.5	-10.681	1.3152
143	16.442	-6e-06	6e-06	15.5	-5.4848	1.3152
143	16.442	-6e-06	6e-06	-3	16.166	1.3152
143	16.442	-6e-06	6e-06	3	16.166	1.3152
143	16.442	-6e-06	6e-06	-15.5	-5.4848	1.3152
143	16.442	-6e-06	6e-06	-12.5	-10.681	1.3152
144	16.503	-3e-06	3e-06	-11.5	11.836	1.3152
144	16.503	-3e-06	3e-06	-16	4.0415	1.3152
144	16.503	-3e-06	3e-06	4.5	-15.877	1.3152
144	16.503	-3e-06	3e-06	16	4.0415	1.3152
144	16.503	-3e-06	3e-06	-4.5	-15.877	1.3152
144	16.503	-3e-06	3e-06	11.5	11.836	1.3152
144	16.503	2e-06	2e-06	-8	14.434	1.3152
144	16.503	2e-06	2e-06	8.5	-14.145	1.3152
144	16.503	2e-06	2e-06	16.5	-0.28868	1.3152
144	16.503	2e-06	2e-06	-16.5	-0.28868	1.3152
144	16.503	2e-06	2e-06	8	14.434	1.3152
144	16.503	2e-06	2e-06	-8.5	-14.145	1.3152
145	16.563	9e-06	9e-06	-9.5	13.568	1.3152
145	16.563	9e-06	9e-06	7	-15.011	1.3152
145	16.563	9e-06	9e-06	-16.5	1.4434	1.3152
145	16.563	9e-06	9e-06	16.5	1.4434	1.3152
145	16.563	9e-06	9e-06	9.5	13.568	1.3152
145	16.563	9e-06	9e-06	-7	-15.011	1.3152
146	16.623	1e-06	1e-06	10	-13.279	1.3152
146	16.623	1e-06	1e-06	-6.5	15.3	1.3152
146	16.623	1e-06	1e-06	16.5	-2.0207	1.3152
146	16.623	1e-06	1e-06	-16.5	-2.0207	1.3152
146	16.623	1e-06	1e-06	6.5	15.3	1.3152
146	16.623	1e-06	1e-06	-10	-13.279	1.3152
147	16.653	2.2e-05	2.2e-05	12	-11.547	1.3152
147	16.653	2.2e-05	2.2e-05	16	-4.6188	1.3152
147	16.653	2.2e-05	2.2e-05	-4	16.166	1.3152
147	16.653	2.2e-05	2.2e-05	4	16.166	1.3152
147	16.653	2.2e-05	2.2e-05	-16	-4.6188	1.3152
147	16.653	2.2e-05	2.2e-05	-12	-11.547	1.3152
148	16.743	1.9e-05	1.9e-05	-14.5	8.3716	1.3152
148	16.743	1.9e-05	1.9e-05	-6.1706e-08	-16.743	1.3152
148	16.743	1.9e-05	1.9e-05	14.5	8.3716	1.3152
149	16.773	7e-06	7e-06	-14	9.2376	1.3152
149	16.773	7e-06	7e-06	-15	7.5056	1.3152
149	16.773	7e-06	7e-06	1	-16.743	1.3152
149	16.773	7e-06	7e-06	-1	-16.743	1.3152
149	16.773	7e-06	7e-06	15	7.5056	1.3152
149	16.773	7e-06	7e-06	14	9.2376	1.3152
150	16.803	3e-06	3e-06	-11	12.702	1.3152
150	16.803	3e-06	3e-06	5.5	-15.877	1.3152
150	16.803	3e-06	3e-06	-16.5	3.1754	1.3152
150	16.803	3e-06	3e-06	16.5	3.1754	1.3152
150	16.803	3e-06	3e-06	-5.5	-15.877	1.3152
150	16.803	3e-06	3e-06	11	12.702	1.3152
151	16.862	2e-06	2e-06	-13.5	10.104	1.3152
151	16.862	2e-06	2e-06	-15.5	6.6395	1.3152
151	16.862	2e-06	2e-06	2	-16.743	1.3152
151	16.862	2e-06	2e-06	-2	-16.743	1.3152
151	16.862	2e-06	2e-06	15.5	6.6395	1.3152
151	16.862	2e-06	2e-06	13.5	10.104	1.3152
152	16.921	9e-06	9e-06	11.5	-12.413	1.3152
152	16.921	9e-06	9e-06	-5	16.166	1.3152
152	16.921	9e-06	9e-06	16.5	-3.7528	1.3152
152	16.921	9e-06	9e-06	-16.5	-3.7528	1.3152
152	16.921	9e-06	9e-06	5	16.166	1.3152
152	16.921	9e-06	9e-06	-11.5	-12.413	1.3152
153	17.01	-1.2e-05	1.2e-05	-9	14.434	1.3152
153	17.01	-1.2e-05	1.2e-05	8	-15.011	1.3152
153	17.01	-1.2e-05	1.2e-05	-17	0.57735	1.3152
153	17.01	-1.2e-05	1.2e-05	17	0.57735	1.3152
153	17.01	-1.2e-05	1.2e-05	9	14.434	1.3152
153	17.01	-1.2e-05	1.2e-05	-8	-15.011	1.3152
153	17.01	8e-06	8e-06	-13	10.97	1.3152
153	17.01	8e-06	8e-06	-16	5.7735	1.3152
153	17.01	8e-06	8e-06	3	-16.743	1.3152
153	17.01	8e-06	8e-06	-3	-16.743	1.3152
153	17.01	8e-06	8e-06	16	5.7735	1.3152
153	17.01	8e-06	8e-06	13	10.97	1.3152
154	17.039	9e-06	9e-06	14.5	-8.9489	1.3152
154	17.039	9e-06	9e-06	15	-8.0829	1.3152
154	17.039	9e-06	9e-06	-0.5	17.032	1.3152
154	17.039	9e-06	9e-06	0.5	17.032	1.3152
154	17.039	9e-06	9e-06	-15	-8.0829	1.3152
154	17.039	9e-06	9e-06	-14.5	-8.9489	1.3152
154	17.039	4e-06	4e-06	9.5	-14.145	1.3152
154	17.039	4e-06	4e-06	-7.5	15.3	1.3152
154	17.039	4e-06	4e-06	17	-1.1547	1.3152
154	17.039	4e-06	4e-06	-17	-1.1547	1.3152
154	17.039	4e-06	4e-06	7.5	15.3	1.3152
154	17.039	4e-06	4e-06	-9.5	-14.145	1.3152
155	17.098	1e-06	1e-06	14	-9.815	1.3152
155	17.098	1e-06	1e-06	15.5	-7.2169	1.3152
155	17.098	1e-06	1e-06	-1.5	17.032	1.3152
155	17.098	1e-06	1e-06	1.5	17.032	1.3152
155	17.098	1e-06	1e-06	-15.5	-7.2169	1.3152
155	17.098	1e-06	1e-06	-14	-9.815	1.3152
156	17.156	5e-06	5e-06	-10.5	13.568	1.3152
156	17.156	5e-06	5e-06	6.5	-15.877	1.3152
156	17.156	5e-06	5e-06	-17	2.3094	1.3152
156	17.156	5e-06	5e-06	17	2.3094	1.3152
156	17.156	5e-06	5e-06	-6.5	-15.877	1.3152
156	17.156	5e-06	5e-06	10.5	13.568	1.3152
157	17.214	-8e-06	8e-06	-12.5	11.836	1.3152
157	17.214	-8e-06	8e-06	-16.5	4.9075	1.3152
157	17.214	-8e-06	8e-06	4	-16.743	1.3152
157	17.214	-8e-06	8e-06	16.5	4.9075	1.3152
157	17.214	-8e-06	8e-06	-4	-16.743	1.3152
157	17.214	-8e-06	8e-06	12.5	11.836	1.3152
157	17.214	3e-06	3e-06	13.5	-10.681	1.3152
157	17.214	3e-06	3e-06	16	-6.3509	1.3152
157	17.214	3e-06	3e-06	-2.5	17.032	1.3152
157	17.214	3e-06	3e-06	2.5	17.032	1.3152
157	17.214	3e-06	3e-06	-16	-6.3509	1.3152
157	17.214	3e-06	3e-06	-13.5	-10.681	1.3152
158	17.243	-2.4e-05	2.4e-05	11	-13.279	1.3152
158	17.243	-2.4e-05	2.4e-05	-6	16.166	1.3152
158	17.243	-2.4e-05	2.4e-05	17	-2.8868	1.3152
158	17.243	-2.4e-05	2.4e-05	-17	-2.8868	1.3152
158	17.243	-2.4e-05	2.4e-05	6	16.166	1.3152
158	17.243	-2.4e-05	2.4e-05	-11	-13.279	1.3152
159	17.388	3e-06	3e-06	13	-11.547	1.3152
159	17.388	3e-06	3e-06	16.5	-5.4848	1.3152
159	17.388	3e-06	3e-06	-3.5	17.032	1.3152
159	17.388	3e-06	3e-06	3.5	17.032	1.3152
159	17.388	3e-06	3e-06	-16.5	-5.4848	1.3152
159	17.388	3e-06	3e-06	-13	-11.547	1.3152
160	17.474	-9e-06	9e-06	-12	12.702	1.3152
160	17.474	-9e-06	9e-06	-17	4.0415	1.3152
160	17.474	-9e-06	9e-06	5	-16.743	1.3152
160	17.474	-9e-06	9e-06	17	4.0415	1.3152
160	17.474	-9e-06	9e-06	-5	-16.743	1.3152
160	17.474	-9e-06	9e-06	12	12.702	1.3152
161	17.502	-7e-06	7e-06	-8.5	15.3	1.3152
161	17.502	-7e-06	7e-06	9	-15.011	1.3152
161	17.502	-7e-06	7e-06	17.5	-0.28868	1.3152
161	17.502	-7e-06	7e-06	-17.5	-0.28868	1.3152
161	17.502	-7e-06	7e-06	8.5	15.3	1.3152
161	17.502	-7e-06	7e-06	-9	-15.011	1.3152
162	17.559	-8e-06	8e-06	-10	14.434	1.3152
162	17.559	-8e-06	8e-06	7.5	-15.877	1.3152
162	17.559	-8e-06	8e-06	-17.5	1.4434	1.3152
162	17.559	-8e-06	8e-06	17.5	1.4434	1.3152
162	17.559	-8e-06	8e-06	10	14.434	1.3152
162	17.559	-8e-06	8e-06	-7.5	-15.877	1.3152
163	17.616	1.5e-05	1.5e-05	-15	9.2376	1.3152
163	17.616	1.5e-05	1.5e-05	-15.5	8.3716	1.3152
163	17.616	1.5e-05	1.5e-05	0.5	-17.609	1.3152
163	17.616	1.5e-05	1.5e-05	-0.5	-17.609	1.3152
163	17.616	1.5e-05	1.5e-05	15.5	8.3716	1.3152
163	17.616	1.5e-05	1.5e-05	15	9.2376	1.3152
163	17.616	1e-05	1e-05	10.5	-14.145	1.3152
163	17.616	1e-05	1e-05	-7	16.166	1.3152
163	17.616	1e-05	1e-05	17.5	-2.0207	1.3152
163	17.616	1e-05	1e-05	-17.5	-2.0207	1.3152
163	17.616	1e-05	1e-05	7	16.166	1.3152
163	17.616	1e-05	1e-05	-10.5	-14.145	1.3152
163	17.616	9e-06	9e-06	12.5	-12.413	1.3152
163	17.616	9e-06	9e-06	17	-4.6188	1.3152
163	17.616	9e-06	9e-06	-4.5	17.032	1.3152
163	17.616	9e-06	9e-06	4.5	17.032	1.3152
163	17.616	9e-06	9e-06	-17	-4.6188	1.3152
163	17.616	9e-06	9e-06	-12.5	-12.413	1.3152
164	17.673	-6e-06	6e-06	-14.5	10.104	1.3152
164	17.673	-6e-06	6e-06	-16	7.5056	1.3152
164	17.673	-6e-06	6e-06	1.5	-17.609	1.3152
164	17.673	-6e-06	6e-06	-1.5	-17.609	1.3152
164	17.673	-6e-06	6e-06	16	7.5056	1.3152
164	17.673	-6e-06	6e-06	14.5	10.104	1.3152
165	17.786	-2e-06	2e-06	-11.5	13.568	1.3152
165	17.786	-2e-06	2e-06	6	-16.743	1.3152
165	17.786	-2e-06	2e-06	-17.5	3.1754	1.3152
165	17.786	-2e-06	2e-06	17.5	3.1754	1.3152
165	17.786	-2e-06	2e-06	-6	-16.743	1.3152
165	17.786	-2e-06	2e-06	11.5	13.568	1.3152
165	17.786	1e-06	1e-06	-14	10.97	1.3152
165	17.786	1e-06	1e-06	-16.5	6.6395	1.3152
165	17.786	1e-06	1e-06	2.5	-17.609	1.3152
165	17.786	1e-06	1e-06	-2.5	-17.609	1.3152
165	17.786	1e-06	1e-06	16.5	6.6395	1.3152
165	17.786	1e-06	1e-06	14	10.97	1.3152
166	17.898	1.6e-05	1.6e-05	12	-13.279	1.3152
166	17.898	1.6e-05	1.6e-05	-5.5	17.032	1.3152
166	17.898	1.6e-05	1.6e-05	17.5	-3.7528	1.3152
166	17.898	1.6e-05	1.6e-05	-17.5	-3.7528	1.3152
166	17.898	1.6e-05	1.6e-05	5.5	17.032	1.3152
166	17.898	1.6e-05	1.6e-05	-12	-13.279	1.3152
166	17.898	1e-05	1e-05	15.5	-8.9489	1.3152
166	17.898	1e-05	1e-05	6.1706e-08	17.898	1.3152
166	17.898	1e-05	1e-05	-15.5	-8.9489	1.3152
167	17.926	1.2e-05	1.2e-05	15	-9.815	1.3152
167	17.926	1.2e-05	1.2e-05	16	-8.0829	1.3152
167	17.926	1.2e-05	1.2e-05	-1	17.898	1.3152
167	17.926	1.2e-05	1.2e-05	1	17.898	1.3152
167	17.926	1.2e-05	1.2e-05	-16	-8.0829	1.3152
167	17.926	1.2e-05	1.2e-05	-15	-9.815	1.3152
168	17.954	1.7e-05	1.7e-05	-13.5	11.836	1.3152
168	17.954	1.7e-05	1.7e-05	-17	5.7735	1.3152
168	17.954	1.7e-05	1.7e-05	3.5	-17.609	1.3152
168	17.954	1.7e-05	1.7e-05	17	5.7735	1.3152
168	17.954	1.7e-05	1.7e-05	-3.5	-17.609	1.3152
168	17.954	1.7e-05	1.7e-05	13.5	11.836	1.3152
169	18.009	1.4e-05	1.4e-05	14.5	-10.681	1.3152
169	18.009	1.4e-05	1.4e-05	16.5	-7.2169	1.3152
169	18.009	1.4e-05	1.4e-05	-2	17.898	1.3152
169	18.009	1.4e-05	1.4e-05	2	17.898	1.3152
169	18.009	1.4e-05	1.4e-05	-16.5	-7.2169	1.3152
169	18.009	1.4e-05	1.4e-05	-14.5	-10.681	1.3152
169	18.009	-2e-06	2e-06	-9.5	15.3	1.3152
169	18.009	-2e-06	2e-06	8.5	-15.877	1.3152
169	18.009	-2e-06	2e-06	-18	0.57735	1.3152
169	18.009	-2e-06	2e-06	18	0.57735	1.3152
169	18.009	-2e-06	2e-06	9.5	15.3	1.3152
169	18.009	-2e-06	2e-06	-8.5	-15.877	1.3152
170	18.037	-7e-06	7e-06	10	-15.011	1.3152
170	18.037	-7e-06	7e-06	-8	16.166	1.3152
170	18.037	-7e-06	7e-06	18	-1.1547	1.3152
170	18.037	-7e-06	7e-06	-18	-1.1547	1.3152
170	18.037	-7e-06	7e-06	8	16.166	1.3152
170	18.037	-7e-06	7e-06	-10	-15.011	1.3152
171	18.148	-1.3e-05	1.3e-05	14	-11.547	1.3152
171	18.148	-1.3e-05	1.3e-05	17	-6.3509	1.3152
171	18.148	-1.3e-05	1.3e-05	-3	17.898	1.3152
171	18.148	-1.3e-05	1.3e-05	3	17.898	1.3152
171	18.148	-1.3e-05	1.3e-05	-17	-6.3509	1.3152
171	18.148	-1.3e-05	1.3e-05	-14	-11.547	1.3152
171	18.148	-4e-06	4e-06	-11	14.434	1.3152
171	18.148	-4e-06	4e-06	7	-16.743	1.3152
171	18.148	-4e-06	4e-06	-18	2.3094	1.3152
171	18.148	-4e-06	4e-06	18	2.3094	1.3152
171	18.148	-4e-06	4e-06	-7	-16.743	1.3152
171	18.148	-4e-06	4e-06	11	14.434	1.3152
172	18.175	-1.7e-05	1.7e-05	-13	12.702	1.3152
172	18.175	-1.7e-05	1.7e-05	-17.5	4.9075	1.3152
172	18.175	-1.7e-05	1.7e-05	4.5	-17.609	1.3152
172	18.175	-1.7e-05	1.7e-05	17.5	4.9075	1.3152
172	18.175	-1.7e-05	1.7e-05	-4.5	-17.609	1.3152
172	18.175	-1.7e-05	1.7e-05	13	12.702	1.3152
173	18.23	5e-06	5e-06	11.5	-14.145	1.3152
173	18.23	5e-06	5e-06	-6.5	17.032	1.3152
173	18.23	5e-06	5e-06	18	-2.8868	1.3152
173	18.23	5e-06	5e-06	-18	-2.8868	1.3152
173	18.23	5e-06	5e-06	6.5	17.032	1.3152
173	18.23	5e-06	5e-06	-11.5	-14.145	1.3152
174	18.339	1.4e-05	1.4e-05	13.5	-12.413	1.3152
174	18.339	1.4e-05	1.4e-05	17.5	-5.4848	1.3152
174	18.339	1.4e-05	1.4e-05	-4	17.898	1.3152
174	18.339	1.4e-05	1.4e-05	4	17.898	1.3152
174	18.339	1.4e-05	1.4e-05	-17.5	-5.4848	1.3152
174	18.339	1.4e-05	1.4e-05	-13.5	-12.413	1.3152
175	18.448	-1e-05	1e-05	-12.5	13.568	1.3152
175	18.448	-1e-05	1e-05	5.5	-17.609	1.3152
175	18.448	-1e-05	1e-05	-18	4.0415	1.3152
175	18.448	-1e-05	1e-05	18	4.0415	1.3152
175	18.448	-1e-05	1e-05	-5.5	-17.609	1.3152
175	18.448	-1e-05	1e-05	12.5	13.568	1.3152
176	18.475	-1e-06	1e-06	-16	9.2376	1.3152
176	18.475	-1e-06	1e-06	-6.7877e-08	-18.475	1.3152
176	18.475	-1e-06	1e-06	16	9.2376	1.3152
177	18.502	-9e-06	9e-06	-9	16.166	1.3152
177	18.502	-9e-06	9e-06	9.5	-15.877	1.3152
177	18.502	-9e-06	9e-06	18.5	-0.28868	1.3152
177	18.502	-9e-06	9e-06	-18.5	-0.28868	1.3152
177	18.502	-9e-06	9e-06	9	16.166	1.3152
177	18.502	-9e-06	9e-06	-9.5	-15.877	1.3152
177	18.502	6e-06	6e-06	-15.5	10.104	1.3152
177	18.502	6e-06	6e-06	-16.5	8.3716	1.3152
177	18.502	6e-06	6e-06	1	-18.475	1.3152
177	18.502	6e-06	6e-06	-1	-18.475	1.3152
177	18.502	6e-06	6e-06	16.5	8.3716	1.3152
177	18.502	6e-06	6e-06	15.5	10.104	1.3152
178	18.556	-1.2e-05	1.2e-05	-10.5	15.3	1.3152
178	18.556	-1.2e-05	1.2e-05	8	-16.743	1.3152
178	18.556	-1.2e-05	1.2e-05	-18.5	1.4434	1.3152
178	18.556	-1.2e-05	1.2e-05	18.5	1.4434	1.3152
178	18.556	-1.2e-05	1.2e-05	10.5	15.3	1.3152
178	18.556	-1.2e-05	1.2e-05	-8	-16.743	1.3152
179	18.583	-1.3e-05	1.3e-05	13	-13.279	1.3152
179	18.583	-1.3e-05	1.3e-05	18	-4.6188	1.3152
179	18.583	-1.3e-05	1.3e-05	-5	17.898	1.3152
179	18.583	-1.3e-05	1.3e-05	-18	-4.6188	1.3152
179	18.583	-1.3e-05	1.3e-05	5	17.898	1.3152
179	18.583	-1.3e-05	1.3e-05	-13	-13.279	1.3152
179	18.583	-7e-06	7e-06	-15	10.97	1.3152
179	18.583	-7e-06	7e-06	-17	7.5056	1.3152
179	18.583	-7e-06	7e-06	2	-18.475	1.3152
179	18.583	-7e-06	7e-06	-2	-18.475	1.3152
179	18.583	-7e-06	7e-06	17	7.5056	1.3152
179	18.583	-7e-06	7e-06	15	10.97	1.3152
180	18.61	-2.7e-05	2.7e-05	11	-15.011	1.3152
180	18.61	-2.7e-05	2.7e-05	-7.5	17.032	1.3152
180	18.61	-2.7e-05	2.7e-05	18.5	-2.0207	1.3152
180	18.61	-2.7e-05	2.7e-05	-18.5	-2.0207	1.3152
180	18.61	-2.7e-05	2.7e-05	7.5	17.032	1.3152
180	18.61	-2.7e-05	2.7e-05	-11	-15.011	1.3152
181	18.717	1.8e-05	1.8e-05	-14.5	11.836	1.3152
181	18.717	1.8e-05	1.8e-05	-17.5	6.6395	1.3152
181	18.717	1.8e-05	1.8e-05	3	-18.475	1.3152
181	18.717	1.8e-05	1.8e-05	-3	-18.475	1.3152
181	18.717	1.8e-05	1.8e-05	17.5	6.6395	1.3152
181	18.717	1.8e-05	1.8e-05	14.5	11.836	1.3152
182	18.771	2.3e-05	2.3e-05	-12	14.434	1.3152
182	18.771	2.3e-05	2.3e-05	6.5	-17.609	1.3152
182	18.771	2.3e-05	2.3e-05	-18.5	3.1754	1.3152
182	18.771	2.3e-05	2.3e-05	18.5	3.1754	1.3152
182	18.771	2.3e-05	2.3e-05	-6.5	-17.609	1.3152
182	18.771	2.3e-05	2.3e-05	12	14.434	1.3152
182	18.771	1.9e-05	1.9e-05	16	-9.815	1.3152
182	18.771	1.9e-05	1.9e-05	16.5	-8.9489	1.3152
182	18.771	1.9e-05	1.9e-05	-0.5	18.764	1.3152
182	18.771	1.9e-05	1.9e-05	0.5	18.764	1.3152
182	18.771	1.9e-05	1.9e-05	-16.5	-8.9489	1.3152
182	18.771	1.9e-05	1.9e-05	-16	-9.815	1.3152
183	18.824	2e-06	2e-06	15.5	-10.681	1.3152
183	18.824	2e-06	2e-06	17	-8.0829	1.3152
183	18.824	2e-06	2e-06	-1.5	18.764	1.3152
183	18.824	2e-06	2e-06	1.5	18.764	1.3152
183	18.824	2e-06	2e-06	-17	-8.0829	1.3152
183	18.824	2e-06	2e-06	-15.5	-10.681	1.3152
184	18.877	-8e-06	8e-06	12.5	-14.145	1.3152
184	18.877	-8e-06	8e-06	-6	17.898	1.3152
184	18.877	-8e-06	8e-06	18.5	-3.7528	1.3152
184	18.877	-8e-06	8e-06	-18.5	-3.7528	1.3152
184	18.877	-8e-06	8e-06	6	17.898	1.3152
184	18.877	-8e-06	8e-06	-12.5	-14.145	1.3152
185	18.903	-2e-06	2e-06	-14	12.702	1.3152
185	18.903	-2e-06	2e-06	-18	5.7735	1.3152
185	18.903	-2e-06	2e-06	4	-18.475	1.3152
185	18.903	-2e-06	2e-06	18	5.7735	1.3152
185	18.903	-2e-06	2e-06	-4	-18.475	1.3152
185	18.903	-2e-06	2e-06	14	12.702	1.3152
186	18.93	-7e-06	7e-06	15	-11.547	1.3152
186	18.93	-7e-06	7e-06	17.5	-7.2169	1.3152
186	18.93	-7e-06	7e-06	-2.5	18.764	1.3152
186	18.93	-7e-06	7e-06	2.5	18.764	1.3152
186	18.93	-7e-06	7e-06	-17.5	-7.2169	1.3152
186	18.93	-7e-06	7e-06	-15	-11.547	1.3152
187	19.009	1e-06	1e-06	-10	16.166	1.3152
187	19.009	1e-06	1e-06	9	-16.743	1.3152
187	19.009	1e-06	1e-06	-19	0.57735	1.3152
187	19.009	1e-06	1e-06	19	0.57735	1.3152
187	19.009	1e-06	1e-06	10	16.166	1.3152
187	19.009	1e-06	1e-06	-9	-16.743	1.3152
188	19.035	9e-06	9e-06	10.5	-15.877	1.3152
188	19.035	9e-06	9e-06	-8.5	17.032	1.3152
188	19.035	9e-06	9e-06	19	-1.1547	1.3152
188	19.035	9e-06	9e-06	-19	-1.1547	1.3152
188	19.035	9e-06	9e-06	8.5	17.032	1.3152
188	19.035	9e-06	9e-06	-10.5	-15.877	1.3152
189	19.088	7e-06	7e-06	14.5	-12.413	1.3152
189	19.088	7e-06	7e-06	18	-6.3509	1.3152
189	19.088	7e-06	7e-06	-3.5	18.764	1.3152
189	19.088	7e-06	7e-06	3.5	18.764	1.3152
189	19.088	7e-06	7e-06	-18	-6.3509	1.3152
189	19.088	7e-06	7e-06	-14.5	-12.413	1.3152
190	19.14	-1.2e-05	1.2e-05	-13.5	13.568	1.3152
190	19.14	-1.2e-05	1.2e-05	-18.5	4.9075	1.3152
190	19.14	-1.2e-05	1.2e-05	5	-18.475	1.3152
190	19.14	-1.2e-05	1.2e-05	18.5	4.9075	1.3152
190	19.14	-1.2e-05	1.2e-05	-5	-18.475	1.3152
190	19.14	-1.2e-05	1.2e-05	13.5	13.568	1.3152
190	19.14	7e-06	7e-06	-11.5	15.3	1.3152
190	19.14	7e-06	7e-06	7.5	-17.609	1.3152
190	19.14	7e-06	7e-06	-19	2.3094	1.3152
190	19.14	7e-06	7e-06	19	2.3094	1.3152
190	19.14	7e-06	7e-06	-7.5	-17.609	1.3152
190	19.14	7e-06	7e-06	11.5	15.3	1.3152
191	19.218	-3e-06	3e-06	12	-15.011	1.3152
191	19.218	-3e-06	3e-06	-7	17.898	1.3152
191	19.218	-3e-06	3e-06	19	-2.8868	1.3152
191	19.218	-3e-06	3e-06	-19	-2.8868	1.3152
191	19.218	-3e-06	3e-06	7	17.898	1.3152
191	19.218	-3e-06	3e-06	-12	-15.011	1.3152
192	19.296	1.4e-05	1.4e-05	14	-13.279	1.3152
192	19.296	1.4e-05	1.4e-05	18.5	-5.4848	1.3152
192	19.296	1.4e-05	1.4e-05	-4.5	18.764	1.3152
192	19.296	1.4e-05	1.4e-05	4.5	18.764	1.3152
192	19.296	1.4e-05	1.4e-05	-18.5	-5.4848	1.3152
192	19.296	1.4e-05	1.4e-05	-14	-13.279	1.3152
193	19.348	2e-06	2e-06	-16.5	10.104	1.3152
193	19.348	2e-06	2e-06	-17	9.2376	1.3152
193	19.348	2e-06	2e-06	0.5	-19.341	1.3152
193	19.348	2e-06	2e-06	-0.5	-19.341	1.3152
193	19.348	2e-06	2e-06	17	9.2376	1.3152
193	19.348	2e-06	2e-06	16.5	10.104	1.3152
194	19.399	4e-06	4e-06	-16	10.97	1.3152
194	19.399	4e-06	4e-06	-17.5	8.3716	1.3152
194	19.399	4e-06	4e-06	1.5	-19.341	1.3152
194	19.399	4e-06	4e-06	-1.5	-19.341	1.3152
194	19.399	4e-06	4e-06	17.5	8.3716	1.3152
194	19.399	4e-06	4e-06	16	10.97	1.3152
195	19.425	-1e-06	1e-06	-13	14.434	1.3152
195	19.425	-1e-06	1e-06	6	-18.475	1.3152
195	19.425	-1e-06	1e-06	-19	4.0415	1.3152
195	19.425	-1e-06	1e-06	19	4.0415	1.3152
195	19.425	-1e-06	1e-06	-6	-18.475	1.3152
195	19.425	-1e-06	1e-06	13	14.434	1.3152
196	19.502	-1.8e-05	1.8e-05	-9.5	17.032	1.3152
196	19.502	-1.8e-05	1.8e-05	10	-16.743	1.3152
196	19.502	-1.8e-05	1.8e-05	19.5	-0.28868	1.3152
196	19.502	-1.8e-05	1.8e-05	-19.5	-0.28868	1.3152
196	19.502	-1.8e-05	1.8e-05	9.5	17.032	1.3152
196	19.502	-1.8e-05	1.8e-05	-10	-16.743	1.3152
196	19.502	-1.2e-05	1.2e-05	-15.5	11.836	1.3152
196	19.502	-1.2e-05	1.2e-05	-18	7.5056	1.3152
196	19.502	-1.2e-05	1.2e-05	2.5	-19.341	1.3152
196	19.502	-1.2e-05	1.2e-05	-2.5	-19.341	1.3152
196	19.502	-1.2e-05	1.2e-05	18	7.5056	1.3152
196	19.502	-1.2e-05	1.2e-05	15.5	11.836	1.3152
197	19.553	-1.8e-05	1.8e-05	-11	16.166	1.3152
197	19.553	-1.8e-05	1.8e-05	8.5	-17.609	1.3152
197	19.553	-1.8e-05	1.8e-05	-19.5	1.4434	1.3152
197	19.553	-1.8e-05	1.8e-05	19.5	1.4434	1.3152
197	19.553	-1.8e-05	1.8e-05	11	16.166	1.3152
197	19.553	-1.8e-05	1.8e-05	-8.5	-17.609	1.3152
197	19.553	-6e-06	6e-06	13.5	-14.145	1.3152
197	19.553	-6e-06	6e-06	19	-4.6188	1.3152
197	19.553	-6e-06	6e-06	-5.5	18.764	1.3152
197	19.553	-6e-06	6e-06	-19	-4.6188	1.3152
197	19.553	-6e-06	6e-06	5.5	18.764	1.3152
197	19.553	-6e-06	6e-06	-13.5	-14.145	1.3152
198	19.604	-2e-06	2e-06	11.5	-15.877	1.3152
198	19.604	-2e-06	2e-06	-8	17.898	1.3152
198	19.604	-2e-06	2e-06	19.5	-2.0207	1.3152
198	19.604	-2e-06	2e-06	-19.5	-2.0207	1.3152
198	19.604	-2e-06	2e-06	8	17.898	1.3152
198	19.604	-2e-06	2e-06	-11.5	-15.877	1.3152
199	19.63	2.3e-05	2.3e-05	17	-9.815	1.3152
199	19.63	2.3e-05	2.3e-05	6.7877e-08	19.63	1.3152
199	19.63	2.3e-05	2.3e-05	-17	-9.815	1.3152
200	19.655	1.4e-05	1.4e-05	-15	12.702	1.3152
200	19.655	1.4e-05	1.4e-05	-18.5	6.6395	1.3152
200	19.655	1.4e-05	1.4e-05	3.5	-19.341	1.3152
200	19.655	1.4e-05	1.4e-05	-3.5	-19.341	1.3152
200	19.655	1.4e-05	1.4e-05	18.5	6.6395	1.3152
200	19.655	1.4e-05	1.4e-05	15	12.702	1.3152
200	19.655	3e-06	3e-06	16.5	-10.681	1.3152
200	19.655	3e-06	3e-06	17.5	-8.9489	1.3152
200	19.655	3e-06	3e-06	-1	19.63	1.3152
200	19.655	3e-06	3e-06	1	19.63	1.3152
200	19.655	3e-06	3e-06	-17.5	-8.9489	1.3152
200	19.655	3e-06	3e-06	-16.5	-10.681	1.3152
201	19.732	0	0	16	-11.547	1.3152
201	19.732	0	0	18	-8.0829	1.3152
201	19.732	0	0	-2	19.63	1.3152
201	19.732	0	0	2	19.63	1.3152
201	19.732	0	0	-18	-8.0829	1.3152
201	19.732	0	0	-16	-11.547	1.3152
202	19.757	1.5e-05	1.5e-05	-12.5	15.3	1.3152
202	19.757	1.5e-05	1.5e-05	7	-18.475	1.3152
202	19.757	1.5e-05	1.5e-05	-19.5	3.1754	1.3152
202	19.757	1.5e-05	1.5e-05	19.5	3.1754	1.3152
202	19.757	1.5e-05	1.5e-05	-7	-18.475	1.3152
202	19.757	1.5e-05	1.5e-05	12.5	15.3	1.3152
203	19.858	-5e-06	5e-06	15.5	-12.413	1.3152
203	19.858	-5e-06	5e-06	18.5	-7.2169	1.3152
203	19.858	-5e-06	5e-06	-3	19.63	1.3152
203	19.858	-5e-06	5e-06	3	19.63	1.3152
203	19.858	-5e-06	5e-06	-18.5	-7.2169	1.3152
203	19.858	-5e-06	5e-06	-15.5	-12.413	1.3152
203	19.858	3e-06	3e-06	-14.5	13.568	1.3152
203	19.858	3e-06	3e-06	-19	5.7735	1.3152
203	19.858	3e-06	3e-06	4.5	-19.341	1.3152
203	19.858	3e-06	3e-06	19	5.7735	1.3152
203	19.858	3e-06	3e-06	-4.5	-19.341	1.3152
203	19.858	3e-06	3e-06	14.5	13.568	1.3152
203	19.858	-1e-06	1e-06	13	-15.011	1.3152
203	19.858	-1e-06	1e-06	-6.5	18.764	1.3152
203	19.858	-1e-06	1e-06	19.5	-3.7528	1.3152
203	19.858	-1e-06	1e-06	-19.5	-3.7528	1.3152
203	19.858	-1e-06	1e-06	6.5	18.764	1.3152
203	19.858	-1e-06	1e-06	-13	-15.011	1.3152
204	20.008	-2e-06	2e-06	-10.5	17.032	1.3152
204	20.008	-2e-06	2e-06	9.5	-17.609	1.3152
204	20.008	-2e-06	2e-06	-20	0.57735	1.3152
204	20.008	-2e-06	2e-06	20	0.57735	1.3152
204	20.008	-2e-06	2e-06	10.5	17.032	1.3152
204	20.008	-2e-06	2e-06	-9.5	-17.609	1.3152
205	20.033	1.2e-05	1.2e-05	11	-16.743	1.3152
205	20.033	1.2e-05	1.2e-05	-9	17.898	1.3152
205	20.033	1.2e-05	1.2e-05	20	-1.1547	1.3152
205	20.033	1.2e-05	1.2e-05	-20	-1.1547	1.3152
205	20.033	1.2e-05	1.2e-05	9	17.898	1.3152
205	20.033	1.2e-05	1.2e-05	-11	-16.743	1.3152
205	20.033	0	0	15	-13.279	1.3152
205	20.033	0	0	19	-6.3509	1.3152
205	20.033	0	0	-4	19.63	1.3152
205	20.033	0	0	4	19.63	1.3152
205	20.033	0	0	-19	-6.3509	1.3152
205	20.033	0	0	-15	-13.279	1.3152
206	20.108	9e-06	9e-06	-14	14.434	1.3152
206	20.108	9e-06	9e-06	-19.5	4.9075	1.3152
206	20.108	9e-06	9e-06	5.5	-19.341	1.3152
206	20.108	9e-06	9e-06	19.5	4.9075	1.3152
206	20.108	9e-06	9e-06	-5.5	-19.341	1.3152
206	20.108	9e-06	9e-06	14	14.434	1.3152
207	20.133	1.4e-05	1.4e-05	-12	16.166	1.3152
207	20.133	1.4e-05	1.4e-05	8	-18.475	1.3152
207	20.133	1.4e-05	1.4e-05	-20	2.3094	1.3152
207	20.133	1.4e-05	1.4e-05	20	2.3094	1.3152
207	20.133	1.4e-05	1.4e-05	-8	-18.475	1.3152
207	20.133	1.4e-05	1.4e-05	12	16.166	1.3152
208	20.207	3e-06	3e-06	-17.5	10.104	1.3152
208	20.207	3e-06	3e-06	-7.4047e-08	-20.207	1.3152
208	20.207	3e-06	3e-06	17.5	10.104	1.3152
208	20.207	1e-06	1e-06	12.5	-15.877	1.3152
208	20.207	1e-06	1e-06	-7.5	18.764	1.3152
208	20.207	1e-06	1e-06	20	-2.8868	1.3152
208	20.207	1e-06	1e-06	-20	-2.8868	1.3152
208	20.207	1e-06	1e-06	7.5	18.764	1.3152
208	20.207	1e-06	1e-06	-12.5	-15.877	1.3152
209	20.232	2e-06	2e-06	-17	10.97	1.3152
209	20.232	2e-06	2e-06	-18	9.2376	1.3152
209	20.232	2e-06	2e-06	1	-20.207	1.3152
209	20.232	2e-06	2e-06	-1	-20.207	1.3152
209	20.232	2e-06	2e-06	18	9.2376	1.3152
209	20.232	2e-06	2e-06	17	10.97	1.3152
210	20.257	-1e-06	1e-06	14.5	-14.145	1.3152
210	20.257	-1e-06	1e-06	19.5	-5.4848	1.3152
210	20.257	-1e-06	1e-06	-5	19.63	1.3152
210	20.257	-1e-06	1e-06	5	19.63	1.3152
210	20.257	-1e-06	1e-06	-19.5	-5.4848	1.3152
210	20.257	-1e-06	1e-06	-14.5	-14.145	1.3152
211	20.306	-1.1e-05	1.1e-05	-16.5	11.836	1.3152
211	20.306	-1.1e-05	1.1e-05	-18.5	8.3716	1.3152
211	20.306	-1.1e-05	1.1e-05	2	-20.207	1.3152
211	20.306	-1.1e-05	1.1e-05	-2	-20.207	1.3152
211	20.306	-1.1e-05	1.1e-05	18.5	8.3716	1.3152
211	20.306	-1.1e-05	1.1e-05	16.5	11.836	1.3152
212	20.404	1.1e-05	1.1e-05	-13.5	15.3	1.3152
212	20.404	1.1e-05	1.1e-05	6.5	-19.341	1.3152
212	20.404	1.1e-05	1.1e-05	-20	4.0415	1.3152
212	20.404	1.1e-05	1.1e-05	20	4.0415	1.3152
212	20.404	1.1e-05	1.1e-05	-6.5	-19.341	1.3152
212	20.404	1.1e-05	1.1e-05	13.5	15.3	1.3152
213	20.429	1.6e-05	1.6e-05	-16	12.702	1.3152
213	20.429	1.6e-05	1.6e-05	-19	7.5056	1.3152
213	20.429	1.6e-05	1.6e-05	3	-20.207	1.3152
213	20.429	1.6e-05	1.6e-05	-3	-20.207	1.3152
213	20.429	1.6e-05	1.6e-05	19	7.5056	1.3152
213	20.429	1.6e-05	1.6e-05	16	12.702	1.3152
214	20.502	-1.2e-05	1.2e-05	17.5	-10.681	1.3152
214	20.502	-1.2e-05	1.2e-05	18	-9.815	1.3152
214	20.502	-1.2e-05	1.2e-05	-10	17.898	1.3152
214	20.502	-1.2e-05	1.2e-05	10.5	-17.609	1.3152
214	20.502	-1.2e-05	1.2e-05	20.5	-0.28868	1.3152
214	20.502	-1.2e-05	1.2e-05	-0.5	20.496	1.3152
214	20.502	-1.2e-05	1.2e-05	-20.5	-0.28868	1.3152
214	20.502	-1.2e-05	1.2e-05	0.5	20.496	1.3152
214	20.502	-1.2e-05	1.2e-05	10	17.898	1.3152
214	20.502	-1.2e-05	1.2e-05	-18	-9.815	1.3152
214	20.502	-1.2e-05	1.2e-05	-17.5	-10.681	1.3152
214	20.502	-1.2e-05	1.2e-05	-10.5	-17.609	1.3152
215	20.526	-1.5e-05	1.5e-05	14	-15.011	1.3152
215	20.526	-1.5e-05	1.5e-05	20	-4.6188	1.3152
215	20.526	-1.5e-05	1.5e-05	-6	19.63	1.3152
215	20.526	-1.5e-05	1.5e-05	-20	-4.6188	1.3152
215	20.526	-1.5e-05	1.5e-05	6	19.63	1.3152
215	20.526	-1.5e-05	1.5e-05	-14	-15.011	1.3152
216	20.551	-9e-06	9e-06	-11.5	17.032	1.3152
216	20.551	-9e-06	9e-06	-20.5	1.4434	1.3152
216	20.551	-9e-06	9e-06	20.5	1.4434	1.3152
216	20.551	-9e-06	9e-06	11.5	17.032	1.3152
216	20.551	-9e-06	9e-06	-9	-18.475	1.3152
216	20.551	-5e-06	5e-06	17	-11.547	1.3152
216	20.551	-5e-06	5e-06	18.5	-8.9489	1.3152
216	20.551	-5e-06	5e-06	-1.5	20.496	1.3152
216	20.551	-5e-06	5e-06	1.5	20.496	1.3152
216	20.551	-5e-06	5e-06	-18.5	-8.9489	1.3152
216	20.551	-5e-06	5e-06	-17	-11.547	1.3152
217	20.599	8e-06	8e-06	-15.5	13.568	1.3152
217	20.599	8e-06	8e-06	-19.5	6.6395	1.3152
217	20.599	8e-06	8e-06	4	-20.207	1.3152
217	20.599	8e-06	8e-06	19.5	6.6395	1.3152
217	20.599	8e-06	8e-06	-4	-20.207	1.3152
217	20.599	8e-06	8e-06	15.5	13.568	1.3152
217	20.599	2e-06	2e-06	12	-16.743	1.3152
217	20.599	2e-06	2e-06	-8.5	18.764	1.3152
217	20.599	2e-06	2e-06	20.5	-2.0207	1.3152
217	20.599	2e-06	2e-06	-20.5	-2.0207	1.3152
217	20.599	2e-06	2e-06	8.5	18.764	1.3152
218	20.648	1e-05	1e-05	16.5	-12.413	1.3152
218	20.648	1e-05	1e-05	19	-8.0829	1.3152
218	20.648	1e-05	1e-05	-2.5	20.496	1.3152
218	20.648	1e-05	1e-05	2.5	20.496	1.3152
218	20.648	1e-05	1e-05	-19	-8.0829	1.3152
218	20.648	1e-05	1e-05	-16.5	-12.413	1.3152
219	20.744	-2e-06	2e-06	-13	16.166	1.3152
219	20.744	-2e-06	2e-06	-20.5	3.1754	1.3152
219	20.744	-2e-06	2e-06	20.5	3.1754	1.3152
219	20.744	-2e-06	2e-06	-7.5	-19.341	1.3152
219	20.744	-2e-06	2e-06	13	16.166	1.3152
220	20.793	1.1e-05	1.1e-05	16	-13.279	1.3152
220	20.793	1.1e-05	1.1e-05	19.5	-7.2169	1.3152
220	20.793	1.1e-05	1.1e-05	-3.5	20.496	1.3152
220	20.793	1.1e-05	1.1e-05	3.5	20.496	1.3152
220	20.793	1.1e-05	1.1e-05	-19.5	-7.2169	1.3152
220	20.793	1.1e-05	1.1e-05	-16	-13.279	1.3152
221	20.817	-1.8e-05	1.8e-05	-15	14.434	1.3152
221	20.817	-1.8e-05	1.8e-05	-20	5.7735	1.3152
221	20.817	-1.8e-05	1.8e-05	5	-20.207	1.3152
221	20.817	-1.8e-05	1.8e-05	20	5.7735	1.3152
221	20.817	-1.8e-05	1.8e-05	-5	-20.207	1.3152
221	20.817	-1.8e-05	1.8e-05	15	14.434	1.3152
222	20.841	-1.6e-05	1.6e-05	13.5	-15.877	1.3152
222	20.841	-1.6e-05	1.6e-05	-7	19.63	1.3152
222	20.841	-1.6e-05	1.6e-05	20.5	-3.7528	1.3152
222	20.841	-1.6e-05	1.6e-05	-20.5	-3.7528	1.3152
222	20.841	-1.6e-05	1.6e-05	7	19.63	1.3152
223	20.984	4e-06	4e-06	15.5	-14.145	1.3152
223	20.984	4e-06	4e-06	20	-6.3509	1.3152
223	20.984	4e-06	4e-06	-4.5	20.496	1.3152
223	20.984	4e-06	4e-06	4.5	20.496	1.3152
223	20.984	4e-06	4e-06	-20	-6.3509	1.3152
223	20.984	4e-06	4e-06	-15.5	-14.145	1.3152
224	21.008	-8e-06	8e-06	-11	17.898	1.3152
224	21.008	-8e-06	8e-06	-21	0.57735	1.3152
224	21.008	-8e-06	8e-06	21	0.57735	1.3152
224	21.008	-8e-06	8e-06	11	17.898	1.3152
225	21.032	2.8e-05	2.8e-05	-9.5	18.764	1.3152
225	21.032	2.8e-05	2.8e-05	21	-1.1547	1.3152
225	21.032	2.8e-05	2.8e-05	9.5	18.764	1.3152
226	21.079	2.2e-05	2.2e-05	-18	10.97	1.3152
226	21.079	2.2e-05	2.2e-05	-18.5	10.104	1.3152
226	21.079	2.2e-05	2.2e-05	0.5	-21.073	1.3152
226	21.079	2.2e-05	2.2e-05	-0.5	-21.073	1.3152
226	21.079	2.2e-05	2.2e-05	18.5	10.104	1.3152
226	21.079	2.2e-05	2.2e-05	18	10.97	1.3152
226	21.079	2e-05	2e-05	-14.5	15.3	1.3152
226	21.079	2e-05	2e-05	-20.5	4.9075	1.3152
226	21.079	2e-05	2e-05	20.5	4.9075	1.3152
226	21.079	2e-05	2e-05	-6	-20.207	1.3152
226	21.079	2e-05	2e-05	14.5	15.3	1.3152
227	21.127	1.6e-05	1.6e-05	-12.5	17.032	1.3152
227	21.127	1.6e-05	1.6e-05	-21	2.3094	1.3152
227	21.127	1.6e-05	1.6e-05	12.5	17.032	1.3152
227	21.127	1.2e-05	1.2e-05	-17.5	11.836	1.3152
227	21.127	1.2e-05	1.2e-05	-19	9.2376	1.3152
227	21.127	1.2e-05	1.2e-05	1.5	-21.073	1.3152
227	21.127	1.2e-05	1.2e-05	-1.5	-21.073	1.3152
227	21.127	1.2e-05	1.2e-05	19	9.2376	1.3152
227	21.127	1.2e-05	1.2e-05	17.5	11.836	1.3152
228	21.197	-1.7e-05	1.7e-05	-8	19.63	1.3152
228	21.197	-1.7e-05	1.7e-05	21	-2.8868	1.3152
228	21.197	-1.7e-05	1.7e-05	8	19.63	1.3152
229	21.221	-1.5e-05	1.5e-05	-17	12.702	1.3152
229	21.221	-1.5e-05	1.5e-05	-19.5	8.3716	1.3152
229	21.221	-1.5e-05	1.5e-05	2.5	-21.073	1.3152
229	21.221	-1.5e-05	1.5e-05	-2.5	-21.073	1.3152
229	21.221	-1.5e-05	1.5e-05	19.5	8.3716	1.3152
229	21.221	-1.5e-05	1.5e-05	17	12.702	1.3152
229	21.221	5e-06	5e-06	15	-15.011	1.3152
229	21.221	5e-06	5e-06	20.5	-5.4848	1.3152
229	21.221	5e-06	5e-06	-5.5	20.496	1.3152
229	21.221	5e-06	5e-06	5.5	20.496	1.3152
229	21.221	5e-06	5e-06	-20.5	-5.4848	1.3152
230	21.362	-5e-06	5e-06	-16.5	13.568	1.3152
230	21.362	-5e-06	5e-06	18.5	-10.681	1.3152
230	21.362	-5e-06	5e-06	-20	7.5056	1.3152
230	21.362	-5e-06	5e-06	3.5	-21.073	1.3152
230	21.362	-5e-06	5e-06	7.4047e-08	21.362	1.3152
230	21.362	-5e-06	5e-06	-3.5	-21.073	1.3152
230	21.362	-5e-06	5e-06	20	7.5056	1.3152
230	21.362	-5e-06	5e-06	16.5	13.568	1.3152
230	21.362	-5e-06	5e-06	-18.5	-10.681	1.3152
231	21.385	1e-06	1e-06	-14	16.166	1.3152
231	21.385	-1e-06	1e-06	18	-11.547	1.3152
231	21.385	-1e-06	1e-06	19	-9.815	1.3152
231	21.385	1e-06	1e-06	-21	4.0415	1.3152
231	21.385	-1e-06	1e-06	-1	21.362	1.3152
231	21.385	-1e-06	1e-06	1	21.362	1.3152
231	21.385	-1e-06	1e-06	-19	-9.815	1.3152
231	21.385	1e-06	1e-06	14	16.166	1.3152
231	21.385	-1e-06	1e-06	-18	-11.547	1.3152
232	21.455	3e-06	3e-06	17.5	-12.413	1.3152
232	21.455	3e-06	3e-06	19.5	-8.9489	1.3152
232	21.455	3e-06	3e-06	-2	21.362	1.3152
232	21.455	3e-06	3e-06	2	21.362	1.3152
232	21.455	3e-06	3e-06	-19.5	-8.9489	1.3152
232	21.455	3e-06	3e-06	-17.5	-12.413	1.3152
233	21.502	-1.2e-05	1.2e-05	-10.5	18.764	1.3152
233	21.502	-1.2e-05	1.2e-05	10.5	18.764	1.3152
233	21.502	-4e-06	4e-06	-6.5	20.496	1.3152
233	21.502	-4e-06	4e-06	21	-4.6188	1.3152
233	21.502	-4e-06	4e-06	6.5	20.496	1.3152
234	21.548	-9e-06	9e-06	-12	17.898	1.3152
234	21.548	-5e-06	5e-06	-16	14.434	1.3152
234	21.548	-5e-06	5e-06	-20.5	6.6395	1.3152
234	21.548	-5e-06	5e-06	20.5	6.6395	1.3152
234	21.548	-5e-06	5e-06	-4.5	-21.073	1.3152
234	21.548	-5e-06	5e-06	16	14.434	1.3152
235	21.572	5e-06	5e-06	17	-13.279	1.3152
235	21.572	5e-06	5e-06	20	-8.0829	1.3152
235	21.572	5e-06	5e-06	-3	21.362	1.3152
235	21.572	5e-06	5e-06	3	21.362	1.3152
235	21.572	5e-06	5e-06	-20	-8.0829	1.3152
235	21.572	5e-06	5e-06	-17	-13.279	1.3152
236	21.595	2e-06	2e-06	9	19.63	1.3152
237	21.733	9e-06	9e-06	16.5	-14.145	1.3152
237	21.733	9e-06	9e-06	20.5	-7.2169	1.3152
237	21.733	9e-06	9e-06	-4	21.362	1.3152
237	21.733	9e-06	9e-06	4	21.362	1.3152
237	21.733	9e-06	9e-06	-20.5	-7.2169	1.3152
237	21.733	-2e-06	2e-06	-13.5	17.032	1.3152
238	21.779	-2.3e-05	2.3e-05	-15.5	15.3	1.3152
238	21.779	-2.3e-05	2.3e-05	-21	5.7735	1.3152
238	21.779	-2.3e-05	2.3e-05	15.5	15.3	1.3152
239	21.825	-1.6e-05	1.6e-05	7.5	20.496	1.3152
240	21.939	1.9e-05	1.9e-05	21	-6.3509	1.3152
240	21.939	1.9e-05	1.9e-05	-5	21.362	1.3152
240	21.939	1.9e-05	1.9e-05	5	21.362	1.3152
240	21.939	1.3e-05	1.3e-05	-19	10.97	1.3152
240	21.939	1.3e-05	1.3e-05	-8.0218e-08	-21.939	1.3152
240	21.939	1.3e-05	1.3e-05	19	10.97	1.3152
241	21.962	-4e-06	4e-06	-18.5	11.836	1.3152
241	21.962	-4e-06	4e-06	-19.5	10.104	1.3152
241	21.962	-4e-06	4e-06	1	-21.939	1.3152
241	21.962	-4e-06	4e-06	-1	-21.939	1.3152
241	21.962	-4e-06	4e-06	19.5	10.104	1.3152
241	21.962	-4e-06	4e-06	18.5	11.836	1.3152
242	22.03	6e-06	6e-06	-18	12.702	1.3152
242	22.03	6e-06	6e-06	-20	9.2376	1.3152
242	22.03	6e-06	6e-06	2	-21.939	1.3152
242	22.03	6e-06	6e-06	-2	-21.939	1.3152
242	22.03	6e-06	6e-06	20	9.2376	1.3152
242	22.03	6e-06	6e-06	18	12.702	1.3152
243	22.053	2e-05	2e-05	-15	16.166	1.3152
244	22.143	3e-06	3e-06	-17.5	13.568	1.3152
244	22.143	3e-06	3e-06	-20.5	8.3716	1.3152
244	22.143	3e-06	3e-06	-3	-21.939	1.3152
244	22.143	3e-06	3e-06	20.5	8.3716	1.3152
244	22.143	3e-06	3e-06	17.5	13.568	1.3152
245	22.189	5e-06	5e-06	6	21.362	1.3152
246	22.234	-2e-05	2e-05	19	-11.547	1.3152
246	22.234	-2e-05	2e-05	19.5	-10.681	1.3152
246	22.234	-2e-05	2e-05	-0.5	22.228	1.3152
246	22.234	-2e-05	2e-05	0.5	22.228	1.3152
246	22.234	-2e-05	2e-05	-19.5	-10.681	1.3152
246	22.234	-2e-05	2e-05	-19	-11.547	1.3152
247	22.279	-1.6e-05	1.6e-05	18.5	-12.413	1.3152
247	22.279	-1.6e-05	1.6e-05	20	-9.815	1.3152
247	22.279	-1.6e-05	1.6e-05	-1.5	22.228	1.3152
247	22.279	-1.6e-05	1.6e-05	1.5	22.228	1.3152
247	22.279	-1.6e-05	1.6e-05	-20	-9.815	1.3152
247	22.279	-1.6e-05	1.6e-05	-18.5	-12.413	1.3152
248	22.301	-1.4e-05	1.4e-05	-17	14.434	1.3152
248	22.301	-1.4e-05	1.4e-05	-21	7.5056	1.3152
248	22.301	-1.4e-05	1.4e-05	17	14.434	1.3152
249	22.368	7e-06	7e-06	18	-13.279	1.3152
249	22.368	7e-06	7e-06	20.5	-8.9489	1.3152
249	22.368	7e-06	7e-06	-2.5	22.228	1.3152
249	22.368	7e-06	7e-06	2.5	22.228	1.3152
249	22.368	7e-06	7e-06	-20.5	-8.9489	1.3152
250	22.502	-5e-06	5e-06	-16.5	15.3	1.3152
250	22.502	-2e-06	2e-06	21	-8.0829	1.3152
250	22.502	-2e-06	2e-06	-3.5	22.228	1.3152
250	22.502	-2e-06	2e-06	3.5	22.228	1.3152
251	22.679	9e-06	9e-06	4.5	22.228	1.3152
252	22.811	-7e-06	7e-06	-19.5	11.836	1.3152
252	22.811	-7e-06	7e-06	-20	10.97	1.3152
252	22.811	-7e-06	7e-06	0.5	-22.805	1.3152
252	22.811	-7e-06	7e-06	-0.5	-22.805	1.3152
252	22.811	-7e-06	7e-06	20	10.97	1.3152
252	22.811	-7e-06	7e-06	19.5	11.836	1.3152
253	22.855	-2.1e-05	2.1e-05	-19	12.702	1.3152
253	22.855	-2.1e-05	2.1e-05	-20.5	10.104	1.3152
253	22.855	-2.1e-05	2.1e-05	-1.5	-22.805	1.3152
253	22.855	-2.1e-05	2.1e-05	20.5	10.104	1.3152
253	22.855	-2.1e-05	2.1e-05	19	12.702	1.3152
254	22.942	-7e-06	7e-06	-18.5	13.568	1.3152
254	22.942	-7e-06	7e-06	-21	9.2376	1.3152
254	22.942	-7e-06	7e-06	18.5	13.568	1.3152
255	23.072	3e-06	3e-06	-18	14.434	1.3152
256	23.094	-4e-06	4e-06	20	-11.547	1.3152
256	23.094	-4e-06	4e-06	8.0218e-08	23.094	1.3152
256	23.094	-4e-06	4e-06	-20	-11.547	1.3152
257	23.116	-6e-06	6e-06	19.5	-12.413	1.3152
257	23.116	-6e-06	6e-06	20.5	-10.681	1.3152
257	23.116	-6e-06	6e-06	-1	23.094	1.3152
257	23.116	-6e-06	6e-06	1	23.094	1.3152
257	23.116	-6e-06	6e-06	-20.5	-10.681	1.3152
258	23.18	-1e-06	1e-06	21	-9.815	1.3152
258	23.18	-1e-06	1e-06	-2	23.094	1.3152
258	23.18	-1e-06	1e-06	2	23.094	1.3152
259	23.288	7e-06	7e-06	3	23.094	1.3152
260	23.671	1.4e-05	1.4e-05	-20.5	11.836	1.3152
260	23.671	1.4e-05	1.4e-05	20.5	11.836	1.3152
261	23.692	-3e-06	3e-06	-20	12.702	1.3152
261	23.692	-3e-06	3e-06	-21	10.97	1.3152
261	23.692	-3e-06	3e-06	20	12.702	1.3152
262	23.756	-2.1e-05	2.1e-05	-19.5	13.568	1.3152
263	23.965	-1.3e-05	1.3e-05	21	-11.547	1.3152
263	23.965	-1.3e-05	1.3e-05	-0.5	23.96	1.3152
263	23.965	-1.3e-05	1.3e-05	0.5	23.96	1.3152
264	24.007	-6e-06	6e-06	1.5	23.96	1.3152
