  0.00000000E+00 -0.20349185E+02
  0.14630364E-01 -0.20348694E+02
  0.29260727E-01 -0.20347214E+02
  0.43891091E-01 -0.20344733E+02
  0.58521454E-01 -0.20341239E+02
  0.73151818E-01 -0.20336735E+02
  0.87782182E-01 -0.20331236E+02
  0.10241255E+00 -0.20324763E+02
  0.11704291E+00 -0.20317334E+02
  0.13167327E+00 -0.20308950E+02
  0.14630364E+00 -0.20299596E+02
  0.16093400E+00 -0.20289246E+02
  0.17556436E+00 -0.20277876E+02
  0.19019473E+00 -0.20265482E+02
  0.20482509E+00 -0.20252081E+02
  0.21945545E+00 -0.20237700E+02
  0.23408582E+00 -0.20222369E+02
  0.24871618E+00 -0.20206102E+02
  0.26334654E+00 -0.20188896E+02
  0.27797691E+00 -0.20170735E+02
  0.29260727E+00 -0.20151602E+02
  0.30723764E+00 -0.20131491E+02
  0.32186800E+00 -0.20110411E+02
  0.33649836E+00 -0.20088378E+02
  0.35112873E+00 -0.20065406E+02
  0.36575909E+00 -0.20041502E+02
  0.38038945E+00 -0.20016662E+02
  0.39501982E+00 -0.19990881E+02
  0.40965018E+00 -0.19964159E+02
  0.42428054E+00 -0.19936509E+02
  0.43891091E+00 -0.19907948E+02
  0.45354127E+00 -0.19878498E+02
  0.46817163E+00 -0.19848171E+02
  0.48280200E+00 -0.19816969E+02
  0.49743236E+00 -0.19784887E+02
  0.51206273E+00 -0.19751922E+02
  0.52669309E+00 -0.19718077E+02
  0.54132345E+00 -0.19683363E+02
  0.55595382E+00 -0.19647796E+02
  0.57058418E+00 -0.19611390E+02
  0.58521454E+00 -0.19574158E+02
  0.59984491E+00 -0.19536112E+02
  0.61447527E+00 -0.19497265E+02
  0.62910563E+00 -0.19457635E+02
  0.64373600E+00 -0.19417241E+02
  0.65836636E+00 -0.19376097E+02
  0.67299673E+00 -0.19334217E+02
  0.68762709E+00 -0.19291607E+02
  0.70225745E+00 -0.19248275E+02
  0.71688782E+00 -0.19204236E+02
  0.73151818E+00 -0.19159509E+02
  0.74614854E+00 -0.19114123E+02
  0.76077891E+00 -0.19068102E+02
  0.77540927E+00 -0.19021471E+02
  0.79003963E+00 -0.18974252E+02
  0.80467000E+00 -0.18926469E+02
  0.81930036E+00 -0.18878153E+02
  0.83393072E+00 -0.18829339E+02
  0.84856109E+00 -0.18780062E+02
  0.86319145E+00 -0.18730349E+02
  0.87782182E+00 -0.18680220E+02
  0.89245218E+00 -0.18629691E+02
  0.90708254E+00 -0.18578794E+02
  0.92171291E+00 -0.18527574E+02
  0.93634327E+00 -0.18476099E+02
  0.95097363E+00 -0.18424442E+02
  0.96560400E+00 -0.18372668E+02
  0.98023436E+00 -0.18320817E+02
  0.99486472E+00 -0.18268914E+02
  0.10094951E+01 -0.18216980E+02
  0.10241255E+01 -0.18165059E+02
  0.10387558E+01 -0.18113225E+02
  0.10533862E+01 -0.18061580E+02
  0.10680165E+01 -0.18010241E+02
  0.10826469E+01 -0.17959311E+02
  0.10972773E+01 -0.17908868E+02
  0.11119076E+01 -0.17858974E+02
  0.11265380E+01 -0.17809689E+02
  0.11411684E+01 -0.17761089E+02
  0.11557987E+01 -0.17713279E+02
  0.11704291E+01 -0.17666389E+02
  0.11850595E+01 -0.17620554E+02
  0.11996898E+01 -0.17575906E+02
  0.12143202E+01 -0.17532566E+02
  0.12289505E+01 -0.17490651E+02
  0.12435809E+01 -0.17450289E+02
  0.12582113E+01 -0.17411621E+02
  0.12728416E+01 -0.17374804E+02
  0.12874720E+01 -0.17339994E+02
  0.13021024E+01 -0.17307336E+02
  0.13167327E+01 -0.17276961E+02
  0.13313631E+01 -0.17248986E+02
  0.13459935E+01 -0.17223529E+02
  0.13606238E+01 -0.17200707E+02
  0.13752542E+01 -0.17180646E+02
  0.13898845E+01 -0.17163465E+02
  0.14045149E+01 -0.17149273E+02
  0.14191453E+01 -0.17138156E+02
  0.14337756E+01 -0.17130177E+02
  0.14484060E+01 -0.17125375E+02
  0.14629695E+01 -0.17123773E+02
  0.14775330E+01 -0.17123437E+02
  0.14920966E+01 -0.17122428E+02
  0.15066601E+01 -0.17120739E+02
  0.15212236E+01 -0.17118363E+02
  0.15357871E+01 -0.17115299E+02
  0.15503507E+01 -0.17111552E+02
  0.15649142E+01 -0.17107137E+02
  0.15794777E+01 -0.17102067E+02
  0.15940412E+01 -0.17096356E+02
  0.16086048E+01 -0.17090013E+02
  0.16231683E+01 -0.17083041E+02
  0.16377318E+01 -0.17075443E+02
  0.16522953E+01 -0.17067221E+02
  0.16668589E+01 -0.17058387E+02
  0.16814224E+01 -0.17048952E+02
  0.16959859E+01 -0.17038934E+02
  0.17105494E+01 -0.17028348E+02
  0.17251130E+01 -0.17017210E+02
  0.17396765E+01 -0.17005533E+02
  0.17542400E+01 -0.16993332E+02
  0.17688035E+01 -0.16980624E+02
  0.17833671E+01 -0.16967433E+02
  0.17979306E+01 -0.16953786E+02
  0.18124941E+01 -0.16939713E+02
  0.18270576E+01 -0.16925242E+02
  0.18416212E+01 -0.16910399E+02
  0.18561847E+01 -0.16895210E+02
  0.18707482E+01 -0.16879700E+02
  0.18853117E+01 -0.16863893E+02
  0.18998753E+01 -0.16847822E+02
  0.19144388E+01 -0.16831518E+02
  0.19290023E+01 -0.16815018E+02
  0.19435658E+01 -0.16798361E+02
  0.19581294E+01 -0.16781589E+02
  0.19726929E+01 -0.16764748E+02
  0.19872564E+01 -0.16747890E+02
  0.20018199E+01 -0.16731075E+02
  0.20163835E+01 -0.16714363E+02
  0.20309470E+01 -0.16697815E+02
  0.20455105E+01 -0.16681489E+02
  0.20600740E+01 -0.16665437E+02
  0.20746376E+01 -0.16649710E+02
  0.20892011E+01 -0.16634357E+02
  0.21037646E+01 -0.16619432E+02
  0.21183281E+01 -0.16604997E+02
  0.21328917E+01 -0.16591120E+02
  0.21474552E+01 -0.16577877E+02
  0.21620187E+01 -0.16565345E+02
  0.21765822E+01 -0.16553608E+02
  0.21911458E+01 -0.16542752E+02
  0.22057093E+01 -0.16532866E+02
  0.22202728E+01 -0.16524045E+02
  0.22348363E+01 -0.16516382E+02
  0.22493999E+01 -0.16509963E+02
  0.22639634E+01 -0.16504866E+02
  0.22785269E+01 -0.16501156E+02
  0.22930904E+01 -0.16498889E+02
  0.23077806E+01 -0.16498121E+02
  0.23224708E+01 -0.16498947E+02
  0.23371609E+01 -0.16501470E+02
  0.23518511E+01 -0.16505754E+02
  0.23665412E+01 -0.16511857E+02
  0.23812314E+01 -0.16519837E+02
  0.23959216E+01 -0.16529742E+02
  0.24106117E+01 -0.16541613E+02
  0.24253019E+01 -0.16555478E+02
  0.24399921E+01 -0.16571353E+02
  0.24546822E+01 -0.16589244E+02
  0.24693724E+01 -0.16609152E+02
  0.24840626E+01 -0.16631076E+02
  0.24987527E+01 -0.16655012E+02
  0.25134429E+01 -0.16680952E+02
  0.25281331E+01 -0.16708875E+02
  0.25428232E+01 -0.16738746E+02
  0.25575134E+01 -0.16770506E+02
  0.25722035E+01 -0.16804083E+02
  0.25868937E+01 -0.16839395E+02
  0.26015839E+01 -0.16876361E+02
  0.26162740E+01 -0.16914912E+02
  0.26309642E+01 -0.16954987E+02
  0.26456544E+01 -0.16996532E+02
  0.26603445E+01 -0.17039492E+02
  0.26750347E+01 -0.17083798E+02
  0.26897249E+01 -0.17129368E+02
  0.27044150E+01 -0.17176105E+02
  0.27191052E+01 -0.17223905E+02
  0.27337954E+01 -0.17272668E+02
  0.27484855E+01 -0.17322305E+02
  0.27631757E+01 -0.17372741E+02
  0.27778658E+01 -0.17423910E+02
  0.27925560E+01 -0.17475752E+02
  0.28072462E+01 -0.17528203E+02
  0.28219363E+01 -0.17581194E+02
  0.28366265E+01 -0.17634648E+02
  0.28513167E+01 -0.17688490E+02
  0.28660068E+01 -0.17742644E+02
  0.28806970E+01 -0.17797045E+02
  0.28953872E+01 -0.17851632E+02
  0.29100773E+01 -0.17906349E+02
  0.29247675E+01 -0.17961146E+02
  0.29394576E+01 -0.18015972E+02
  0.29541478E+01 -0.18070777E+02
  0.29688380E+01 -0.18125515E+02
  0.29835281E+01 -0.18180142E+02
  0.29982183E+01 -0.18234615E+02
  0.30129085E+01 -0.18288893E+02
  0.30275986E+01 -0.18342937E+02
  0.30422888E+01 -0.18396702E+02
  0.30569790E+01 -0.18450145E+02
  0.30716691E+01 -0.18503224E+02
  0.30863593E+01 -0.18555903E+02
  0.31010495E+01 -0.18608151E+02
  0.31157396E+01 -0.18659946E+02
  0.31304298E+01 -0.18711269E+02
  0.31451199E+01 -0.18762103E+02
  0.31598101E+01 -0.18812426E+02
  0.31745003E+01 -0.18862213E+02
  0.31891904E+01 -0.18911434E+02
  0.32038806E+01 -0.18960058E+02
  0.32185708E+01 -0.19008058E+02
  0.32332609E+01 -0.19055410E+02
  0.32479511E+01 -0.19102098E+02
  0.32626413E+01 -0.19148107E+02
  0.32773314E+01 -0.19193424E+02
  0.32920216E+01 -0.19238035E+02
  0.33067118E+01 -0.19281924E+02
  0.33214019E+01 -0.19325071E+02
  0.33360921E+01 -0.19367459E+02
  0.33507822E+01 -0.19409070E+02
  0.33654724E+01 -0.19449890E+02
  0.33801626E+01 -0.19489909E+02
  0.33948527E+01 -0.19529117E+02
  0.34095429E+01 -0.19567509E+02
  0.34242331E+01 -0.19605077E+02
  0.34389232E+01 -0.19641811E+02
  0.34536134E+01 -0.19677701E+02
  0.34683036E+01 -0.19712734E+02
  0.34829937E+01 -0.19746899E+02
  0.34976839E+01 -0.19780182E+02
  0.35123740E+01 -0.19812575E+02
  0.35270642E+01 -0.19844068E+02
  0.35417544E+01 -0.19874656E+02
  0.35564445E+01 -0.19904335E+02
  0.35711347E+01 -0.19933101E+02
  0.35858249E+01 -0.19960951E+02
  0.36005150E+01 -0.19987879E+02
  0.36152052E+01 -0.20013878E+02
  0.36298954E+01 -0.20038942E+02
  0.36445855E+01 -0.20063063E+02
  0.36592757E+01 -0.20086235E+02
  0.36739659E+01 -0.20108451E+02
  0.36886560E+01 -0.20129706E+02
  0.37033462E+01 -0.20149994E+02
  0.37180363E+01 -0.20169310E+02
  0.37327265E+01 -0.20187650E+02
  0.37474167E+01 -0.20205012E+02
  0.37621068E+01 -0.20221393E+02
  0.37767970E+01 -0.20236796E+02
  0.37914872E+01 -0.20251222E+02
  0.38061773E+01 -0.20264672E+02
  0.38208675E+01 -0.20277144E+02
  0.38355577E+01 -0.20288634E+02
  0.38502478E+01 -0.20299134E+02
  0.38649380E+01 -0.20308638E+02
  0.38796281E+01 -0.20317142E+02
  0.38943183E+01 -0.20324642E+02
  0.39090085E+01 -0.20331142E+02
  0.39236986E+01 -0.20336643E+02
  0.39383888E+01 -0.20341149E+02
  0.39530790E+01 -0.20344659E+02
  0.39677691E+01 -0.20347172E+02
  0.39824593E+01 -0.20348682E+02
  0.39970897E+01 -0.20349185E+02
  
  0.00000000E+00 -0.20140482E+02
  0.14630364E-01 -0.20140001E+02
  0.29260727E-01 -0.20138550E+02
  0.43891091E-01 -0.20136110E+02
  0.58521454E-01 -0.20132667E+02
  0.73151818E-01 -0.20128224E+02
  0.87782182E-01 -0.20122801E+02
  0.10241255E+00 -0.20116429E+02
  0.11704291E+00 -0.20109126E+02
  0.13167327E+00 -0.20100891E+02
  0.14630364E+00 -0.20091700E+02
  0.16093400E+00 -0.20081522E+02
  0.17556436E+00 -0.20070337E+02
  0.19019473E+00 -0.20058146E+02
  0.20482509E+00 -0.20044970E+02
  0.21945545E+00 -0.20030840E+02
  0.23408582E+00 -0.20015778E+02
  0.24871618E+00 -0.19999790E+02
  0.26334654E+00 -0.19982864E+02
  0.27797691E+00 -0.19964987E+02
  0.29260727E+00 -0.19946153E+02
  0.30723764E+00 -0.19926366E+02
  0.32186800E+00 -0.19905643E+02
  0.33649836E+00 -0.19883995E+02
  0.35112873E+00 -0.19861429E+02
  0.36575909E+00 -0.19837941E+02
  0.38038945E+00 -0.19813526E+02
  0.39501982E+00 -0.19788183E+02
  0.40965018E+00 -0.19761921E+02
  0.42428054E+00 -0.19734754E+02
  0.43891091E+00 -0.19706699E+02
  0.45354127E+00 -0.19677764E+02
  0.46817163E+00 -0.19647957E+02
  0.48280200E+00 -0.19617279E+02
  0.49743236E+00 -0.19585736E+02
  0.51206273E+00 -0.19553340E+02
  0.52669309E+00 -0.19520103E+02
  0.54132345E+00 -0.19486032E+02
  0.55595382E+00 -0.19451133E+02
  0.57058418E+00 -0.19415404E+02
  0.58521454E+00 -0.19378850E+02
  0.59984491E+00 -0.19341484E+02
  0.61447527E+00 -0.19303331E+02
  0.62910563E+00 -0.19264420E+02
  0.64373600E+00 -0.19224776E+02
  0.65836636E+00 -0.19184411E+02
  0.67299673E+00 -0.19143328E+02
  0.68762709E+00 -0.19101529E+02
  0.70225745E+00 -0.19059020E+02
  0.71688782E+00 -0.19015823E+02
  0.73151818E+00 -0.18971969E+02
  0.74614854E+00 -0.18927488E+02
  0.76077891E+00 -0.18882406E+02
  0.77540927E+00 -0.18836736E+02
  0.79003963E+00 -0.18790489E+02
  0.80467000E+00 -0.18743682E+02
  0.81930036E+00 -0.18696345E+02
  0.83393072E+00 -0.18648522E+02
  0.84856109E+00 -0.18600256E+02
  0.86319145E+00 -0.18551583E+02
  0.87782182E+00 -0.18502528E+02
  0.89245218E+00 -0.18453108E+02
  0.90708254E+00 -0.18403347E+02
  0.92171291E+00 -0.18353291E+02
  0.93634327E+00 -0.18303005E+02
  0.95097363E+00 -0.18252565E+02
  0.96560400E+00 -0.18202037E+02
  0.98023436E+00 -0.18151471E+02
  0.99486472E+00 -0.18100894E+02
  0.10094951E+01 -0.18050328E+02
  0.10241255E+01 -0.17999810E+02
  0.10387558E+01 -0.17949409E+02
  0.10533862E+01 -0.17899223E+02
  0.10680165E+01 -0.17849368E+02
  0.10826469E+01 -0.17799954E+02
  0.10972773E+01 -0.17751068E+02
  0.11119076E+01 -0.17702776E+02
  0.11265380E+01 -0.17655133E+02
  0.11411684E+01 -0.17608201E+02
  0.11557987E+01 -0.17562070E+02
  0.11704291E+01 -0.17516853E+02
  0.11850595E+01 -0.17472685E+02
  0.11996898E+01 -0.17429704E+02
  0.12143202E+01 -0.17388043E+02
  0.12289505E+01 -0.17347827E+02
  0.12435809E+01 -0.17309177E+02
  0.12582113E+01 -0.17272219E+02
  0.12728416E+01 -0.17237087E+02
  0.12874720E+01 -0.17203921E+02
  0.13021024E+01 -0.17172853E+02
  0.13167327E+01 -0.17144007E+02
  0.13313631E+01 -0.17117488E+02
  0.13459935E+01 -0.17093395E+02
  0.13606238E+01 -0.17071827E+02
  0.13752542E+01 -0.17052886E+02
  0.13898845E+01 -0.17036680E+02
  0.14045149E+01 -0.17023307E+02
  0.14191453E+01 -0.17012847E+02
  0.14337756E+01 -0.17005354E+02
  0.14484060E+01 -0.17000852E+02
  0.14629695E+01 -0.16999351E+02
  0.14775330E+01 -0.16999019E+02
  0.14920966E+01 -0.16998020E+02
  0.15066601E+01 -0.16996346E+02
  0.15212236E+01 -0.16993989E+02
  0.15357871E+01 -0.16990947E+02
  0.15503507E+01 -0.16987226E+02
  0.15649142E+01 -0.16982838E+02
  0.15794777E+01 -0.16977799E+02
  0.15940412E+01 -0.16972124E+02
  0.16086048E+01 -0.16965823E+02
  0.16231683E+01 -0.16958902E+02
  0.16377318E+01 -0.16951365E+02
  0.16522953E+01 -0.16943214E+02
  0.16668589E+01 -0.16934457E+02
  0.16814224E+01 -0.16925106E+02
  0.16959859E+01 -0.16915175E+02
  0.17105494E+01 -0.16904678E+02
  0.17251130E+01 -0.16893631E+02
  0.17396765E+01 -0.16882049E+02
  0.17542400E+01 -0.16869947E+02
  0.17688035E+01 -0.16857346E+02
  0.17833671E+01 -0.16844272E+02
  0.17979306E+01 -0.16830750E+02
  0.18124941E+01 -0.16816809E+02
  0.18270576E+01 -0.16802476E+02
  0.18416212E+01 -0.16787776E+02
  0.18561847E+01 -0.16772733E+02
  0.18707482E+01 -0.16757374E+02
  0.18853117E+01 -0.16741727E+02
  0.18998753E+01 -0.16725826E+02
  0.19144388E+01 -0.16709704E+02
  0.19290023E+01 -0.16693397E+02
  0.19435658E+01 -0.16676942E+02
  0.19581294E+01 -0.16660376E+02
  0.19726929E+01 -0.16643744E+02
  0.19872564E+01 -0.16627099E+02
  0.20018199E+01 -0.16610500E+02
  0.20163835E+01 -0.16594012E+02
  0.20309470E+01 -0.16577697E+02
  0.20455105E+01 -0.16561615E+02
  0.20600740E+01 -0.16545815E+02
  0.20746376E+01 -0.16530345E+02
  0.20892011E+01 -0.16515251E+02
  0.21037646E+01 -0.16500583E+02
  0.21183281E+01 -0.16486403E+02
  0.21328917E+01 -0.16472780E+02
  0.21474552E+01 -0.16459789E+02
  0.21620187E+01 -0.16447509E+02
  0.21765822E+01 -0.16436021E+02
  0.21911458E+01 -0.16425406E+02
  0.22057093E+01 -0.16415748E+02
  0.22202728E+01 -0.16407135E+02
  0.22348363E+01 -0.16399656E+02
  0.22493999E+01 -0.16393396E+02
  0.22639634E+01 -0.16388429E+02
  0.22785269E+01 -0.16384817E+02
  0.22930904E+01 -0.16382614E+02
  0.23077806E+01 -0.16381869E+02
  0.23224708E+01 -0.16382669E+02
  0.23371609E+01 -0.16385113E+02
  0.23518511E+01 -0.16389259E+02
  0.23665412E+01 -0.16395165E+02
  0.23812314E+01 -0.16402882E+02
  0.23959216E+01 -0.16412453E+02
  0.24106117E+01 -0.16423911E+02
  0.24253019E+01 -0.16437278E+02
  0.24399921E+01 -0.16452569E+02
  0.24546822E+01 -0.16469794E+02
  0.24693724E+01 -0.16488961E+02
  0.24840626E+01 -0.16510074E+02
  0.24987527E+01 -0.16533131E+02
  0.25134429E+01 -0.16558119E+02
  0.25281331E+01 -0.16585013E+02
  0.25428232E+01 -0.16613773E+02
  0.25575134E+01 -0.16644350E+02
  0.25722035E+01 -0.16676684E+02
  0.25868937E+01 -0.16710708E+02
  0.26015839E+01 -0.16746352E+02
  0.26162740E+01 -0.16783546E+02
  0.26309642E+01 -0.16822221E+02
  0.26456544E+01 -0.16862317E+02
  0.26603445E+01 -0.16903775E+02
  0.26750347E+01 -0.16946541E+02
  0.26897249E+01 -0.16990554E+02
  0.27044150E+01 -0.17035744E+02
  0.27191052E+01 -0.17082023E+02
  0.27337954E+01 -0.17129294E+02
  0.27484855E+01 -0.17177455E+02
  0.27631757E+01 -0.17226413E+02
  0.27778658E+01 -0.17276089E+02
  0.27925560E+01 -0.17326420E+02
  0.28072462E+01 -0.17377354E+02
  0.28219363E+01 -0.17428839E+02
  0.28366265E+01 -0.17480816E+02
  0.28513167E+01 -0.17533212E+02
  0.28660068E+01 -0.17585950E+02
  0.28806970E+01 -0.17638953E+02
  0.28953872E+01 -0.17692156E+02
  0.29100773E+01 -0.17745505E+02
  0.29247675E+01 -0.17798957E+02
  0.29394576E+01 -0.17852472E+02
  0.29541478E+01 -0.17906002E+02
  0.29688380E+01 -0.17959494E+02
  0.29835281E+01 -0.18012887E+02
  0.29982183E+01 -0.18066123E+02
  0.30129085E+01 -0.18119152E+02
  0.30275986E+01 -0.18171940E+02
  0.30422888E+01 -0.18224461E+02
  0.30569790E+01 -0.18276695E+02
  0.30716691E+01 -0.18328617E+02
  0.30863593E+01 -0.18380192E+02
  0.31010495E+01 -0.18431379E+02
  0.31157396E+01 -0.18482136E+02
  0.31304298E+01 -0.18532426E+02
  0.31451199E+01 -0.18582226E+02
  0.31598101E+01 -0.18631518E+02
  0.31745003E+01 -0.18680290E+02
  0.31891904E+01 -0.18728525E+02
  0.32038806E+01 -0.18776197E+02
  0.32185708E+01 -0.18823273E+02
  0.32332609E+01 -0.18869720E+02
  0.32479511E+01 -0.18915507E+02
  0.32626413E+01 -0.18960616E+02
  0.32773314E+01 -0.19005039E+02
  0.32920216E+01 -0.19048772E+02
  0.33067118E+01 -0.19091812E+02
  0.33214019E+01 -0.19134147E+02
  0.33360921E+01 -0.19175760E+02
  0.33507822E+01 -0.19216626E+02
  0.33654724E+01 -0.19256723E+02
  0.33801626E+01 -0.19296033E+02
  0.33948527E+01 -0.19334544E+02
  0.34095429E+01 -0.19372251E+02
  0.34242331E+01 -0.19409149E+02
  0.34389232E+01 -0.19445231E+02
  0.34536134E+01 -0.19480483E+02
  0.34683036E+01 -0.19514893E+02
  0.34829937E+01 -0.19548447E+02
  0.34976839E+01 -0.19581135E+02
  0.35123740E+01 -0.19612951E+02
  0.35270642E+01 -0.19643892E+02
  0.35417544E+01 -0.19673954E+02
  0.35564445E+01 -0.19703130E+02
  0.35711347E+01 -0.19731412E+02
  0.35858249E+01 -0.19758788E+02
  0.36005150E+01 -0.19785250E+02
  0.36152052E+01 -0.19810794E+02
  0.36298954E+01 -0.19835415E+02
  0.36445855E+01 -0.19859114E+02
  0.36592757E+01 -0.19881888E+02
  0.36739659E+01 -0.19903729E+02
  0.36886560E+01 -0.19924630E+02
  0.37033462E+01 -0.19944581E+02
  0.37180363E+01 -0.19963575E+02
  0.37327265E+01 -0.19981610E+02
  0.37474167E+01 -0.19998687E+02
  0.37621068E+01 -0.20014808E+02
  0.37767970E+01 -0.20029974E+02
  0.37914872E+01 -0.20044180E+02
  0.38061773E+01 -0.20057420E+02
  0.38208675E+01 -0.20069687E+02
  0.38355577E+01 -0.20080974E+02
  0.38502478E+01 -0.20091279E+02
  0.38649380E+01 -0.20100604E+02
  0.38796281E+01 -0.20108953E+02
  0.38943183E+01 -0.20116328E+02
  0.39090085E+01 -0.20122728E+02
  0.39236986E+01 -0.20128151E+02
  0.39383888E+01 -0.20132591E+02
  0.39530790E+01 -0.20136045E+02
  0.39677691E+01 -0.20138511E+02
  0.39824593E+01 -0.20139989E+02
  0.39970897E+01 -0.20140482E+02
  
  0.00000000E+00 -0.85820512E+01
  0.14630364E-01 -0.85814005E+01
  0.29260727E-01 -0.85794353E+01
  0.43891091E-01 -0.85761217E+01
  0.58521454E-01 -0.85714169E+01
  0.73151818E-01 -0.85652857E+01
  0.87782182E-01 -0.85577139E+01
  0.10241255E+00 -0.85487150E+01
  0.11704291E+00 -0.85383265E+01
  0.13167327E+00 -0.85265986E+01
  0.14630364E+00 -0.85135786E+01
  0.16093400E+00 -0.84992956E+01
  0.17556436E+00 -0.84837525E+01
  0.19019473E+00 -0.84669250E+01
  0.20482509E+00 -0.84487691E+01
  0.21945545E+00 -0.84292345E+01
  0.23408582E+00 -0.84082792E+01
  0.24871618E+00 -0.83858835E+01
  0.26334654E+00 -0.83620575E+01
  0.27797691E+00 -0.83368409E+01
  0.29260727E+00 -0.83102927E+01
  0.30723764E+00 -0.82824713E+01
  0.32186800E+00 -0.82534132E+01
  0.33649836E+00 -0.82231158E+01
  0.35112873E+00 -0.81915362E+01
  0.36575909E+00 -0.81586069E+01
  0.38038945E+00 -0.81242670E+01
  0.39501982E+00 -0.80884942E+01
  0.40965018E+00 -0.80513238E+01
  0.42428054E+00 -0.80128425E+01
  0.43891091E+00 -0.79731585E+01
  0.45354127E+00 -0.79323611E+01
  0.46817163E+00 -0.78904874E+01
  0.48280200E+00 -0.78475159E+01
  0.49743236E+00 -0.78033856E+01
  0.51206273E+00 -0.77580351E+01
  0.52669309E+00 -0.77114375E+01
  0.54132345E+00 -0.76636174E+01
  0.55595382E+00 -0.76146452E+01
  0.57058418E+00 -0.75646201E+01
  0.58521454E+00 -0.75136655E+01
  0.59984491E+00 -0.74619633E+01
  0.61447527E+00 -0.74098655E+01
  0.62910563E+00 -0.73582008E+01
  0.64373600E+00 -0.73093462E+01
  0.65836636E+00 -0.72729837E+01
  0.67299673E+00 -0.72961105E+01
  0.68762709E+00 -0.73896262E+01
  0.70225745E+00 -0.74966916E+01
  0.71688782E+00 -0.76063702E+01
  0.73151818E+00 -0.77168619E+01
  0.74614854E+00 -0.78276507E+01
  0.76077891E+00 -0.79385584E+01
  0.77540927E+00 -0.80495218E+01
  0.79003963E+00 -0.81605023E+01
  0.80467000E+00 -0.82714406E+01
  0.81930036E+00 -0.83822401E+01
  0.83393072E+00 -0.84927700E+01
  0.84856109E+00 -0.86028804E+01
  0.86319145E+00 -0.87124194E+01
  0.87782182E+00 -0.88212482E+01
  0.89245218E+00 -0.89292541E+01
  0.90708254E+00 -0.90363584E+01
  0.92171291E+00 -0.91425206E+01
  0.93634327E+00 -0.92477321E+01
  0.95097363E+00 -0.93519982E+01
  0.96560400E+00 -0.94553106E+01
  0.98023436E+00 -0.95576192E+01
  0.99486472E+00 -0.96588183E+01
  0.10094951E+01 -0.97587538E+01
  0.10241255E+01 -0.98572498E+01
  0.10387558E+01 -0.99541453E+01
  0.10533862E+01 -0.10049324E+02
  0.10680165E+01 -0.10142730E+02
  0.10826469E+01 -0.10234351E+02
  0.10972773E+01 -0.10324186E+02
  0.11119076E+01 -0.10412198E+02
  0.11265380E+01 -0.10498274E+02
  0.11411684E+01 -0.10582219E+02
  0.11557987E+01 -0.10663778E+02
  0.11704291E+01 -0.10742678E+02
  0.11850595E+01 -0.10818690E+02
  0.11996898E+01 -0.10891667E+02
  0.12143202E+01 -0.10961557E+02
  0.12289505E+01 -0.11028383E+02
  0.12435809E+01 -0.11092189E+02
  0.12582113E+01 -0.11152988E+02
  0.12728416E+01 -0.11210715E+02
  0.12874720E+01 -0.11265213E+02
  0.13021024E+01 -0.11316248E+02
  0.13167327E+01 -0.11363547E+02
  0.13313631E+01 -0.11406849E+02
  0.13459935E+01 -0.11445938E+02
  0.13606238E+01 -0.11480665E+02
  0.13752542E+01 -0.11510940E+02
  0.13898845E+01 -0.11536707E+02
  0.14045149E+01 -0.11557922E+02
  0.14191453E+01 -0.11574531E+02
  0.14337756E+01 -0.11586468E+02
  0.14484060E+01 -0.11593665E+02
  0.14629695E+01 -0.11596070E+02
  0.14775330E+01 -0.11595710E+02
  0.14920966E+01 -0.11594617E+02
  0.15066601E+01 -0.11592759E+02
  0.15212236E+01 -0.11590107E+02
  0.15357871E+01 -0.11586650E+02
  0.15503507E+01 -0.11582409E+02
  0.15649142E+01 -0.11577430E+02
  0.15794777E+01 -0.11571773E+02
  0.15940412E+01 -0.11565488E+02
  0.16086048E+01 -0.11558601E+02
  0.16231683E+01 -0.11551109E+02
  0.16377318E+01 -0.11542988E+02
  0.16522953E+01 -0.11534204E+02
  0.16668589E+01 -0.11524726E+02
  0.16814224E+01 -0.11514526E+02
  0.16959859E+01 -0.11503580E+02
  0.17105494E+01 -0.11491864E+02
  0.17251130E+01 -0.11479361E+02
  0.17396765E+01 -0.11466065E+02
  0.17542400E+01 -0.11452004E+02
  0.17688035E+01 -0.11437238E+02
  0.17833671E+01 -0.11421860E+02
  0.17979306E+01 -0.11405970E+02
  0.18124941E+01 -0.11389642E+02
  0.18270576E+01 -0.11372905E+02
  0.18416212E+01 -0.11355723E+02
  0.18561847E+01 -0.11338020E+02
  0.18707482E+01 -0.11319705E+02
  0.18853117E+01 -0.11300716E+02
  0.18998753E+01 -0.11281045E+02
  0.19144388E+01 -0.11260741E+02
  0.19290023E+01 -0.11239890E+02
  0.19435658E+01 -0.11218582E+02
  0.19581294E+01 -0.11196878E+02
  0.19726929E+01 -0.11174804E+02
  0.19872564E+01 -0.11152364E+02
  0.20018199E+01 -0.11129565E+02
  0.20163835E+01 -0.11106454E+02
  0.20309470E+01 -0.11083120E+02
  0.20455105E+01 -0.11059688E+02
  0.20600740E+01 -0.11036289E+02
  0.20746376E+01 -0.11013026E+02
  0.20892011E+01 -0.10989962E+02
  0.21037646E+01 -0.10967130E+02
  0.21183281E+01 -0.10944572E+02
  0.21328917E+01 -0.10922375E+02
  0.21474552E+01 -0.10900711E+02
  0.21620187E+01 -0.10879837E+02
  0.21765822E+01 -0.10860071E+02
  0.21911458E+01 -0.10841746E+02
  0.22057093E+01 -0.10825166E+02
  0.22202728E+01 -0.10810577E+02
  0.22348363E+01 -0.10798155E+02
  0.22493999E+01 -0.10788022E+02
  0.22639634E+01 -0.10780248E+02
  0.22785269E+01 -0.10774845E+02
  0.22930904E+01 -0.10771745E+02
  0.23077806E+01 -0.10770770E+02
  0.23224708E+01 -0.10771667E+02
  0.23371609E+01 -0.10774072E+02
  0.23518511E+01 -0.10777523E+02
  0.23665412E+01 -0.10781557E+02
  0.23812314E+01 -0.10785756E+02
  0.23959216E+01 -0.10789742E+02
  0.24106117E+01 -0.10793153E+02
  0.24253019E+01 -0.10795609E+02
  0.24399921E+01 -0.10796700E+02
  0.24546822E+01 -0.10796018E+02
  0.24693724E+01 -0.10793203E+02
  0.24840626E+01 -0.10788002E+02
  0.24987527E+01 -0.10780289E+02
  0.25134429E+01 -0.10770048E+02
  0.25281331E+01 -0.10757318E+02
  0.25428232E+01 -0.10742121E+02
  0.25575134E+01 -0.10724409E+02
  0.25722035E+01 -0.10704060E+02
  0.25868937E+01 -0.10680910E+02
  0.26015839E+01 -0.10654820E+02
  0.26162740E+01 -0.10625734E+02
  0.26309642E+01 -0.10593702E+02
  0.26456544E+01 -0.10558864E+02
  0.26603445E+01 -0.10521399E+02
  0.26750347E+01 -0.10481460E+02
  0.26897249E+01 -0.10439137E+02
  0.27044150E+01 -0.10394446E+02
  0.27191052E+01 -0.10347361E+02
  0.27337954E+01 -0.10297862E+02
  0.27484855E+01 -0.10245967E+02
  0.27631757E+01 -0.10191746E+02
  0.27778658E+01 -0.10135309E+02
  0.27925560E+01 -0.10076774E+02
  0.28072462E+01 -0.10016243E+02
  0.28219363E+01 -0.99537783E+01
  0.28366265E+01 -0.98894107E+01
  0.28513167E+01 -0.98231494E+01
  0.28660068E+01 -0.97550022E+01
  0.28806970E+01 -0.96849914E+01
  0.28953872E+01 -0.96131600E+01
  0.29100773E+01 -0.95395725E+01
  0.29247675E+01 -0.94643120E+01
  0.29394576E+01 -0.93874783E+01
  0.29541478E+01 -0.93091844E+01
  0.29688380E+01 -0.92295481E+01
  0.29835281E+01 -0.91486777E+01
  0.29982183E+01 -0.90666526E+01
  0.30129085E+01 -0.89835091E+01
  0.30275986E+01 -0.88992376E+01
  0.30422888E+01 -0.88137983E+01
  0.30569790E+01 -0.87271523E+01
  0.30716691E+01 -0.86392954E+01
  0.30863593E+01 -0.85502811E+01
  0.31010495E+01 -0.84602212E+01
  0.31157396E+01 -0.83692621E+01
  0.31304298E+01 -0.82775506E+01
  0.31451199E+01 -0.81852040E+01
  0.31598101E+01 -0.80922984E+01
  0.31745003E+01 -0.79988779E+01
  0.31891904E+01 -0.79049800E+01
  0.32038806E+01 -0.78106637E+01
  0.32185708E+01 -0.77160277E+01
  0.32332609E+01 -0.76212153E+01
  0.32479511E+01 -0.75264239E+01
  0.32626413E+01 -0.74319775E+01
  0.32773314E+01 -0.73386761E+01
  0.32920216E+01 -0.72497539E+01
  0.33067118E+01 -0.71862760E+01
  0.33214019E+01 -0.71946020E+01
  0.33360921E+01 -0.72380782E+01
  0.33507822E+01 -0.72895087E+01
  0.33654724E+01 -0.73429821E+01
  0.33801626E+01 -0.73967635E+01
  0.33948527E+01 -0.74501490E+01
  0.34095429E+01 -0.75027824E+01
  0.34242331E+01 -0.75544675E+01
  0.34389232E+01 -0.76051052E+01
  0.34536134E+01 -0.76546593E+01
  0.34683036E+01 -0.77031252E+01
  0.34829937E+01 -0.77504996E+01
  0.34976839E+01 -0.77967590E+01
  0.35123740E+01 -0.78418526E+01
  0.35270642E+01 -0.78857127E+01
  0.35417544E+01 -0.79282744E+01
  0.35564445E+01 -0.79694957E+01
  0.35711347E+01 -0.80093670E+01
  0.35858249E+01 -0.80479060E+01
  0.36005150E+01 -0.80851400E+01
  0.36152052E+01 -0.81210858E+01
  0.36298954E+01 -0.81557356E+01
  0.36445855E+01 -0.81890573E+01
  0.36592757E+01 -0.82210078E+01
  0.36739659E+01 -0.82515526E+01
  0.36886560E+01 -0.82806829E+01
  0.37033462E+01 -0.83084203E+01
  0.37180363E+01 -0.83348082E+01
  0.37327265E+01 -0.83598927E+01
  0.37474167E+01 -0.83837029E+01
  0.37621068E+01 -0.84062393E+01
  0.37767970E+01 -0.84274761E+01
  0.37914872E+01 -0.84473743E+01
  0.38061773E+01 -0.84659012E+01
  0.38208675E+01 -0.84830442E+01
  0.38355577E+01 -0.84988140E+01
  0.38502478E+01 -0.85132352E+01
  0.38649380E+01 -0.85263297E+01
  0.38796281E+01 -0.85381011E+01
  0.38943183E+01 -0.85485284E+01
  0.39090085E+01 -0.85575728E+01
  0.39236986E+01 -0.85651939E+01
  0.39383888E+01 -0.85713687E+01
  0.39530790E+01 -0.85761032E+01
  0.39677691E+01 -0.85794311E+01
  0.39824593E+01 -0.85814002E+01
  0.39970897E+01 -0.85820512E+01
  
  0.00000000E+00 -0.74092551E+01
  0.14630364E-01 -0.74086842E+01
  0.29260727E-01 -0.74069592E+01
  0.43891091E-01 -0.74040394E+01
  0.58521454E-01 -0.73998515E+01
  0.73151818E-01 -0.73942975E+01
  0.87782182E-01 -0.73872818E+01
  0.10241255E+00 -0.73787511E+01
  0.11704291E+00 -0.73687267E+01
  0.13167327E+00 -0.73573064E+01
  0.14630364E+00 -0.73446287E+01
  0.16093400E+00 -0.73308119E+01
  0.17556436E+00 -0.73159003E+01
  0.19019473E+00 -0.72998476E+01
  0.20482509E+00 -0.72825484E+01
  0.21945545E+00 -0.72639034E+01
  0.23408582E+00 -0.72438810E+01
  0.24871618E+00 -0.72225411E+01
  0.26334654E+00 -0.72000059E+01
  0.27797691E+00 -0.71763952E+01
  0.29260727E+00 -0.71517596E+01
  0.30723764E+00 -0.71260517E+01
  0.32186800E+00 -0.70991483E+01
  0.33649836E+00 -0.70709120E+01
  0.35112873E+00 -0.70412571E+01
  0.36575909E+00 -0.70101872E+01
  0.38038945E+00 -0.69777865E+01
  0.39501982E+00 -0.69441758E+01
  0.40965018E+00 -0.69094607E+01
  0.42428054E+00 -0.68736997E+01
  0.43891091E+00 -0.68369061E+01
  0.45354127E+00 -0.67990787E+01
  0.46817163E+00 -0.67602435E+01
  0.48280200E+00 -0.67204906E+01
  0.49743236E+00 -0.66800086E+01
  0.51206273E+00 -0.66391513E+01
  0.52669309E+00 -0.65986512E+01
  0.54132345E+00 -0.65604315E+01
  0.55595382E+00 -0.65316192E+01
  0.57058418E+00 -0.65436637E+01
  0.58521454E+00 -0.66211793E+01
  0.59984491E+00 -0.67207359E+01
  0.61447527E+00 -0.68254884E+01
  0.62910563E+00 -0.69319192E+01
  0.64373600E+00 -0.70381244E+01
  0.65836636E+00 -0.71390678E+01
  0.67299673E+00 -0.72113537E+01
  0.68762709E+00 -0.72851630E+01
  0.70225745E+00 -0.73839150E+01
  0.71688782E+00 -0.74900532E+01
  0.73151818E+00 -0.75985623E+01
  0.74614854E+00 -0.77079779E+01
  0.76077891E+00 -0.78177615E+01
  0.77540927E+00 -0.79276986E+01
  0.79003963E+00 -0.80376991E+01
  0.80467000E+00 -0.81477075E+01
  0.81930036E+00 -0.82576582E+01
  0.83393072E+00 -0.83674545E+01
  0.84856109E+00 -0.84769652E+01
  0.86319145E+00 -0.85860290E+01
  0.87782182E+00 -0.86944681E+01
  0.89245218E+00 -0.88021072E+01
  0.90708254E+00 -0.89087988E+01
  0.92171291E+00 -0.90144479E+01
  0.93634327E+00 -0.91190257E+01
  0.95097363E+00 -0.92225635E+01
  0.96560400E+00 -0.93251211E+01
  0.98023436E+00 -0.94267384E+01
  0.99486472E+00 -0.95273862E+01
  0.10094951E+01 -0.96269401E+01
  0.10241255E+01 -0.97251956E+01
  0.10387558E+01 -0.98219211E+01
  0.10533862E+01 -0.99169244E+01
  0.10680165E+01 -0.10010099E+02
  0.10826469E+01 -0.10101428E+02
  0.10972773E+01 -0.10190934E+02
  0.11119076E+01 -0.10278616E+02
  0.11265380E+01 -0.10364382E+02
  0.11411684E+01 -0.10448033E+02
  0.11557987E+01 -0.10529293E+02
  0.11704291E+01 -0.10607881E+02
  0.11850595E+01 -0.10683579E+02
  0.11996898E+01 -0.10756283E+02
  0.12143202E+01 -0.10825985E+02
  0.12289505E+01 -0.10892731E+02
  0.12435809E+01 -0.10956548E+02
  0.12582113E+01 -0.11017393E+02
  0.12728416E+01 -0.11075133E+02
  0.12874720E+01 -0.11129558E+02
  0.13021024E+01 -0.11180425E+02
  0.13167327E+01 -0.11227496E+02
  0.13313631E+01 -0.11270570E+02
  0.13459935E+01 -0.11309490E+02
  0.13606238E+01 -0.11344136E+02
  0.13752542E+01 -0.11374411E+02
  0.13898845E+01 -0.11400226E+02
  0.14045149E+01 -0.11421499E+02
  0.14191453E+01 -0.11438150E+02
  0.14337756E+01 -0.11450105E+02
  0.14484060E+01 -0.11457304E+02
  0.14629695E+01 -0.11459709E+02
  0.14775330E+01 -0.11459337E+02
  0.14920966E+01 -0.11458210E+02
  0.15066601E+01 -0.11456304E+02
  0.15212236E+01 -0.11453601E+02
  0.15357871E+01 -0.11450107E+02
  0.15503507E+01 -0.11445865E+02
  0.15649142E+01 -0.11440947E+02
  0.15794777E+01 -0.11435430E+02
  0.15940412E+01 -0.11429377E+02
  0.16086048E+01 -0.11422810E+02
  0.16231683E+01 -0.11415705E+02
  0.16377318E+01 -0.11408004E+02
  0.16522953E+01 -0.11399633E+02
  0.16668589E+01 -0.11390521E+02
  0.16814224E+01 -0.11380617E+02
  0.16959859E+01 -0.11369894E+02
  0.17105494E+01 -0.11358344E+02
  0.17251130E+01 -0.11345980E+02
  0.17396765E+01 -0.11332829E+02
  0.17542400E+01 -0.11318943E+02
  0.17688035E+01 -0.11304393E+02
  0.17833671E+01 -0.11289264E+02
  0.17979306E+01 -0.11273642E+02
  0.18124941E+01 -0.11257590E+02
  0.18270576E+01 -0.11241129E+02
  0.18416212E+01 -0.11224230E+02
  0.18561847E+01 -0.11206830E+02
  0.18707482E+01 -0.11188850E+02
  0.18853117E+01 -0.11170232E+02
  0.18998753E+01 -0.11150964E+02
  0.19144388E+01 -0.11131080E+02
  0.19290023E+01 -0.11110652E+02
  0.19435658E+01 -0.11089758E+02
  0.19581294E+01 -0.11068466E+02
  0.19726929E+01 -0.11046816E+02
  0.19872564E+01 -0.11024832E+02
  0.20018199E+01 -0.11002544E+02
  0.20163835E+01 -0.10980007E+02
  0.20309470E+01 -0.10957315E+02
  0.20455105E+01 -0.10934589E+02
  0.20600740E+01 -0.10911956E+02
  0.20746376E+01 -0.10889522E+02
  0.20892011E+01 -0.10867358E+02
  0.21037646E+01 -0.10845516E+02
  0.21183281E+01 -0.10824053E+02
  0.21328917E+01 -0.10803067E+02
  0.21474552E+01 -0.10782730E+02
  0.21620187E+01 -0.10763282E+02
  0.21765822E+01 -0.10745009E+02
  0.21911458E+01 -0.10728203E+02
  0.22057093E+01 -0.10713122E+02
  0.22202728E+01 -0.10699961E+02
  0.22348363E+01 -0.10688851E+02
  0.22493999E+01 -0.10679867E+02
  0.22639634E+01 -0.10673034E+02
  0.22785269E+01 -0.10668323E+02
  0.22930904E+01 -0.10665638E+02
  0.23077806E+01 -0.10664799E+02
  0.23224708E+01 -0.10665568E+02
  0.23371609E+01 -0.10667627E+02
  0.23518511E+01 -0.10670573E+02
  0.23665412E+01 -0.10674000E+02
  0.23812314E+01 -0.10677534E+02
  0.23959216E+01 -0.10680840E+02
  0.24106117E+01 -0.10683599E+02
  0.24253019E+01 -0.10685475E+02
  0.24399921E+01 -0.10686100E+02
  0.24546822E+01 -0.10685081E+02
  0.24693724E+01 -0.10682046E+02
  0.24840626E+01 -0.10676705E+02
  0.24987527E+01 -0.10668888E+02
  0.25134429E+01 -0.10658548E+02
  0.25281331E+01 -0.10645711E+02
  0.25428232E+01 -0.10630412E+02
  0.25575134E+01 -0.10612630E+02
  0.25722035E+01 -0.10592265E+02
  0.25868937E+01 -0.10569159E+02
  0.26015839E+01 -0.10543155E+02
  0.26162740E+01 -0.10514164E+02
  0.26309642E+01 -0.10482207E+02
  0.26456544E+01 -0.10447406E+02
  0.26603445E+01 -0.10409942E+02
  0.26750347E+01 -0.10369993E+02
  0.26897249E+01 -0.10327677E+02
  0.27044150E+01 -0.10283036E+02
  0.27191052E+01 -0.10236054E+02
  0.27337954E+01 -0.10186692E+02
  0.27484855E+01 -0.10134941E+02
  0.27631757E+01 -0.10080842E+02
  0.27778658E+01 -0.10024486E+02
  0.27925560E+01 -0.99659900E+01
  0.28072462E+01 -0.99054626E+01
  0.28219363E+01 -0.98429806E+01
  0.28366265E+01 -0.97785865E+01
  0.28513167E+01 -0.97122990E+01
  0.28660068E+01 -0.96441316E+01
  0.28806970E+01 -0.95741079E+01
  0.28953872E+01 -0.95022698E+01
  0.29100773E+01 -0.94286794E+01
  0.29247675E+01 -0.93534178E+01
  0.29394576E+01 -0.92765827E+01
  0.29541478E+01 -0.91982850E+01
  0.29688380E+01 -0.91186406E+01
  0.29835281E+01 -0.90377570E+01
  0.29982183E+01 -0.89557143E+01
  0.30129085E+01 -0.88725517E+01
  0.30275986E+01 -0.87882645E+01
  0.30422888E+01 -0.87028194E+01
  0.30569790E+01 -0.86161831E+01
  0.30716691E+01 -0.85283543E+01
  0.30863593E+01 -0.84393856E+01
  0.31010495E+01 -0.83493852E+01
  0.31157396E+01 -0.82584974E+01
  0.31304298E+01 -0.81668703E+01
  0.31451199E+01 -0.80746261E+01
  0.31598101E+01 -0.79818490E+01
  0.31745003E+01 -0.78885967E+01
  0.31891904E+01 -0.77949288E+01
  0.32038806E+01 -0.77009375E+01
  0.32185708E+01 -0.76067717E+01
  0.32332609E+01 -0.75126600E+01
  0.32479511E+01 -0.74189709E+01
  0.32626413E+01 -0.73264304E+01
  0.32773314E+01 -0.72369673E+01
  0.32920216E+01 -0.71573388E+01
  0.33067118E+01 -0.70995592E+01
  0.33214019E+01 -0.70260411E+01
  0.33360921E+01 -0.69356427E+01
  0.33507822E+01 -0.68416557E+01
  0.33654724E+01 -0.67471245E+01
  0.33801626E+01 -0.66536658E+01
  0.33948527E+01 -0.65644214E+01
  0.34095429E+01 -0.64934139E+01
  0.34242331E+01 -0.64800894E+01
  0.34389232E+01 -0.65088912E+01
  0.34536134E+01 -0.65481973E+01
  0.34683036E+01 -0.65899681E+01
  0.34829937E+01 -0.66320781E+01
  0.34976839E+01 -0.66738023E+01
  0.35123740E+01 -0.67148570E+01
  0.35270642E+01 -0.67551141E+01
  0.35417544E+01 -0.67944887E+01
  0.35564445E+01 -0.68328931E+01
  0.35711347E+01 -0.68702247E+01
  0.35858249E+01 -0.69063775E+01
  0.36005150E+01 -0.69412633E+01
  0.36152052E+01 -0.69748335E+01
  0.36298954E+01 -0.70070888E+01
  0.36445855E+01 -0.70380723E+01
  0.36592757E+01 -0.70678475E+01
  0.36739659E+01 -0.70964679E+01
  0.36886560E+01 -0.71239515E+01
  0.37033462E+01 -0.71502706E+01
  0.37180363E+01 -0.71753607E+01
  0.37327265E+01 -0.71991469E+01
  0.37474167E+01 -0.72215758E+01
  0.37621068E+01 -0.72426405E+01
  0.37767970E+01 -0.72623872E+01
  0.37914872E+01 -0.72809005E+01
  0.38061773E+01 -0.72982721E+01
  0.38208675E+01 -0.73145655E+01
  0.38355577E+01 -0.73297900E+01
  0.38502478E+01 -0.73438932E+01
  0.38649380E+01 -0.73567754E+01
  0.38796281E+01 -0.73683187E+01
  0.38943183E+01 -0.73784211E+01
  0.39090085E+01 -0.73870226E+01
  0.39236986E+01 -0.73941174E+01
  0.39383888E+01 -0.73997497E+01
  0.39530790E+01 -0.74039970E+01
  0.39677691E+01 -0.74069484E+01
  0.39824593E+01 -0.74086832E+01
  0.39970897E+01 -0.74092551E+01
  
  0.00000000E+00 -0.39225360E+01
  0.14630364E-01 -0.39250431E+01
  0.29260727E-01 -0.39324228E+01
  0.43891091E-01 -0.39443087E+01
  0.58521454E-01 -0.39602586E+01
  0.73151818E-01 -0.39799298E+01
  0.87782182E-01 -0.40031897E+01
  0.10241255E+00 -0.40301092E+01
  0.11704291E+00 -0.40608521E+01
  0.13167327E+00 -0.40955395E+01
  0.14630364E+00 -0.41341730E+01
  0.16093400E+00 -0.41766490E+01
  0.17556436E+00 -0.42228382E+01
  0.19019473E+00 -0.42726629E+01
  0.20482509E+00 -0.43261164E+01
  0.21945545E+00 -0.43832130E+01
  0.23408582E+00 -0.44439032E+01
  0.24871618E+00 -0.45080153E+01
  0.26334654E+00 -0.45752632E+01
  0.27797691E+00 -0.46453204E+01
  0.29260727E+00 -0.47179188E+01
  0.30723764E+00 -0.47929185E+01
  0.32186800E+00 -0.48703104E+01
  0.33649836E+00 -0.49501520E+01
  0.35112873E+00 -0.50324763E+01
  0.36575909E+00 -0.51172277E+01
  0.38038945E+00 -0.52042571E+01
  0.39501982E+00 -0.52933725E+01
  0.40965018E+00 -0.53844065E+01
  0.42428054E+00 -0.54772578E+01
  0.43891091E+00 -0.55718828E+01
  0.45354127E+00 -0.56682468E+01
  0.46817163E+00 -0.57662626E+01
  0.48280200E+00 -0.58657521E+01
  0.49743236E+00 -0.59664348E+01
  0.51206273E+00 -0.60679175E+01
  0.52669309E+00 -0.61695934E+01
  0.54132345E+00 -0.62701325E+01
  0.55595382E+00 -0.63647850E+01
  0.57058418E+00 -0.64352044E+01
  0.58521454E+00 -0.65029129E+01
  0.59984491E+00 -0.65980374E+01
  0.61447527E+00 -0.67007657E+01
  0.62910563E+00 -0.68052338E+01
  0.64373600E+00 -0.69087613E+01
  0.65836636E+00 -0.70058665E+01
  0.67299673E+00 -0.70724669E+01
  0.68762709E+00 -0.70670608E+01
  0.70225745E+00 -0.70226365E+01
  0.71688782E+00 -0.69672837E+01
  0.73151818E+00 -0.69075211E+01
  0.74614854E+00 -0.68451994E+01
  0.76077891E+00 -0.67810694E+01
  0.77540927E+00 -0.67155378E+01
  0.79003963E+00 -0.66488500E+01
  0.80467000E+00 -0.65811318E+01
  0.81930036E+00 -0.65124105E+01
  0.83393072E+00 -0.64426542E+01
  0.84856109E+00 -0.63718260E+01
  0.86319145E+00 -0.62999330E+01
  0.87782182E+00 -0.62270456E+01
  0.89245218E+00 -0.61532794E+01
  0.90708254E+00 -0.60988663E+01
  0.92171291E+00 -0.61347365E+01
  0.93634327E+00 -0.61698848E+01
  0.95097363E+00 -0.62043550E+01
  0.96560400E+00 -0.62381407E+01
  0.98023436E+00 -0.62711986E+01
  0.99486472E+00 -0.63034786E+01
  0.10094951E+01 -0.63349501E+01
  0.10241255E+01 -0.63656101E+01
  0.10387558E+01 -0.63954691E+01
  0.10533862E+01 -0.64245245E+01
  0.10680165E+01 -0.64527418E+01
  0.10826469E+01 -0.64800547E+01
  0.10972773E+01 -0.65063883E+01
  0.11119076E+01 -0.65316892E+01
  0.11265380E+01 -0.65559460E+01
  0.11411684E+01 -0.65791885E+01
  0.11557987E+01 -0.66014663E+01
  0.11704291E+01 -0.66228177E+01
  0.11850595E+01 -0.66432461E+01
  0.11996898E+01 -0.66627158E+01
  0.12143202E+01 -0.66811679E+01
  0.12289505E+01 -0.66985473E+01
  0.12435809E+01 -0.67148253E+01
  0.12582113E+01 -0.67300093E+01
  0.12728416E+01 -0.67441356E+01
  0.12874720E+01 -0.67572512E+01
  0.13021024E+01 -0.67693951E+01
  0.13167327E+01 -0.67805865E+01
  0.13313631E+01 -0.67908220E+01
  0.13459935E+01 -0.68000814E+01
  0.13606238E+01 -0.68083357E+01
  0.13752542E+01 -0.68155550E+01
  0.13898845E+01 -0.68217123E+01
  0.14045149E+01 -0.68267849E+01
  0.14191453E+01 -0.68307532E+01
  0.14337756E+01 -0.68336010E+01
  0.14484060E+01 -0.68353152E+01
  0.14629695E+01 -0.68358876E+01
  0.14775330E+01 -0.68376198E+01
  0.14920966E+01 -0.68428638E+01
  0.15066601E+01 -0.68517452E+01
  0.15212236E+01 -0.68644251E+01
  0.15357871E+01 -0.68810442E+01
  0.15503507E+01 -0.69016724E+01
  0.15649142E+01 -0.69262792E+01
  0.15794777E+01 -0.69547330E+01
  0.15940412E+01 -0.69868278E+01
  0.16086048E+01 -0.70223270E+01
  0.16231683E+01 -0.70610074E+01
  0.16377318E+01 -0.71026899E+01
  0.16522953E+01 -0.71472480E+01
  0.16668589E+01 -0.71945936E+01
  0.16814224E+01 -0.72446514E+01
  0.16959859E+01 -0.72973327E+01
  0.17105494E+01 -0.73525201E+01
  0.17251130E+01 -0.74100671E+01
  0.17396765E+01 -0.74698097E+01
  0.17542400E+01 -0.75315834E+01
  0.17688035E+01 -0.75952356E+01
  0.17833671E+01 -0.76606290E+01
  0.17979306E+01 -0.77276351E+01
  0.18124941E+01 -0.77961218E+01
  0.18270576E+01 -0.78659431E+01
  0.18416212E+01 -0.79369364E+01
  0.18561847E+01 -0.80089268E+01
  0.18707482E+01 -0.80817374E+01
  0.18853117E+01 -0.81551979E+01
  0.18998753E+01 -0.82291475E+01
  0.19144388E+01 -0.83034301E+01
  0.19290023E+01 -0.83778856E+01
  0.19435658E+01 -0.84523430E+01
  0.19581294E+01 -0.85266183E+01
  0.19726929E+01 -0.86005214E+01
  0.19872564E+01 -0.86738677E+01
  0.20018199E+01 -0.87464883E+01
  0.20163835E+01 -0.88182332E+01
  0.20309470E+01 -0.88889626E+01
  0.20455105E+01 -0.89585281E+01
  0.20600740E+01 -0.90267516E+01
  0.20746376E+01 -0.90934080E+01
  0.20892011E+01 -0.91582197E+01
  0.21037646E+01 -0.92208636E+01
  0.21183281E+01 -0.92809896E+01
  0.21328917E+01 -0.93382448E+01
  0.21474552E+01 -0.93922939E+01
  0.21620187E+01 -0.94428315E+01
  0.21765822E+01 -0.94895838E+01
  0.21911458E+01 -0.95323002E+01
  0.22057093E+01 -0.95707403E+01
  0.22202728E+01 -0.96046607E+01
  0.22348363E+01 -0.96338100E+01
  0.22493999E+01 -0.96579387E+01
  0.22639634E+01 -0.96768263E+01
  0.22785269E+01 -0.96903180E+01
  0.22930904E+01 -0.96983578E+01
  0.23077806E+01 -0.97010060E+01
  0.23224708E+01 -0.96983956E+01
  0.23371609E+01 -0.96907562E+01
  0.23518511E+01 -0.96784070E+01
  0.23665412E+01 -0.96616944E+01
  0.23812314E+01 -0.96409713E+01
  0.23959216E+01 -0.96165816E+01
  0.24106117E+01 -0.95888485E+01
  0.24253019E+01 -0.95580657E+01
  0.24399921E+01 -0.95244939E+01
  0.24546822E+01 -0.94883628E+01
  0.24693724E+01 -0.94498784E+01
  0.24840626E+01 -0.94092326E+01
  0.24987527E+01 -0.93666086E+01
  0.25134429E+01 -0.93221813E+01
  0.25281331E+01 -0.92761100E+01
  0.25428232E+01 -0.92285313E+01
  0.25575134E+01 -0.91795558E+01
  0.25722035E+01 -0.91292730E+01
  0.25868937E+01 -0.90777625E+01
  0.26015839E+01 -0.90251045E+01
  0.26162740E+01 -0.89713822E+01
  0.26309642E+01 -0.89166739E+01
  0.26456544E+01 -0.88610376E+01
  0.26603445E+01 -0.88044998E+01
  0.26750347E+01 -0.87470572E+01
  0.26897249E+01 -0.86886959E+01
  0.27044150E+01 -0.86294205E+01
  0.27191052E+01 -0.85692786E+01
  0.27337954E+01 -0.85083659E+01
  0.27484855E+01 -0.84468031E+01
  0.27631757E+01 -0.83846942E+01
  0.27778658E+01 -0.83220848E+01
  0.27925560E+01 -0.82589440E+01
  0.28072462E+01 -0.81951833E+01
  0.28219363E+01 -0.81307085E+01
  0.28366265E+01 -0.80654801E+01
  0.28513167E+01 -0.79995529E+01
  0.28660068E+01 -0.79330716E+01
  0.28806970E+01 -0.78662198E+01
  0.28953872E+01 -0.77991458E+01
  0.29100773E+01 -0.77319007E+01
  0.29247675E+01 -0.76644202E+01
  0.29394576E+01 -0.75965633E+01
  0.29541478E+01 -0.75281887E+01
  0.29688380E+01 -0.74592332E+01
  0.29835281E+01 -0.73897510E+01
  0.29982183E+01 -0.73198942E+01
  0.30129085E+01 -0.72498433E+01
  0.30275986E+01 -0.71797237E+01
  0.30422888E+01 -0.71095531E+01
  0.30569790E+01 -0.70392501E+01
  0.30716691E+01 -0.69686982E+01
  0.30863593E+01 -0.68978331E+01
  0.31010495E+01 -0.68267060E+01
  0.31157396E+01 -0.67554873E+01
  0.31304298E+01 -0.66844110E+01
  0.31451199E+01 -0.66137022E+01
  0.31598101E+01 -0.65436889E+01
  0.31745003E+01 -0.65005102E+01
  0.31891904E+01 -0.65636672E+01
  0.32038806E+01 -0.66305770E+01
  0.32185708E+01 -0.66970029E+01
  0.32332609E+01 -0.67622381E+01
  0.32479511E+01 -0.68256706E+01
  0.32626413E+01 -0.68862012E+01
  0.32773314E+01 -0.69410005E+01
  0.32920216E+01 -0.69799687E+01
  0.33067118E+01 -0.69699937E+01
  0.33214019E+01 -0.69024242E+01
  0.33360921E+01 -0.68153830E+01
  0.33507822E+01 -0.67233525E+01
  0.33654724E+01 -0.66301938E+01
  0.33801626E+01 -0.65382119E+01
  0.33948527E+01 -0.64523356E+01
  0.34095429E+01 -0.63887699E+01
  0.34242331E+01 -0.63275107E+01
  0.34389232E+01 -0.62431751E+01
  0.34536134E+01 -0.61521190E+01
  0.34683036E+01 -0.60595585E+01
  0.34829937E+01 -0.59669638E+01
  0.34976839E+01 -0.58748985E+01
  0.35123740E+01 -0.57835851E+01
  0.35270642E+01 -0.56930756E+01
  0.35417544E+01 -0.56033509E+01
  0.35564445E+01 -0.55144060E+01
  0.35711347E+01 -0.54263127E+01
  0.35858249E+01 -0.53392433E+01
  0.36005150E+01 -0.52534487E+01
  0.36152052E+01 -0.51692038E+01
  0.36298954E+01 -0.50867471E+01
  0.36445855E+01 -0.50062410E+01
  0.36592757E+01 -0.49277702E+01
  0.36739659E+01 -0.48513734E+01
  0.36886560E+01 -0.47770891E+01
  0.37033462E+01 -0.47049919E+01
  0.37180363E+01 -0.46352008E+01
  0.37327265E+01 -0.45678613E+01
  0.37474167E+01 -0.45031162E+01
  0.37621068E+01 -0.44410873E+01
  0.37767970E+01 -0.43818825E+01
  0.37914872E+01 -0.43256246E+01
  0.38061773E+01 -0.42724849E+01
  0.38208675E+01 -0.42226931E+01
  0.38355577E+01 -0.41765108E+01
  0.38502478E+01 -0.41341722E+01
  0.38649380E+01 -0.40958148E+01
  0.38796281E+01 -0.40614329E+01
  0.38943183E+01 -0.40308861E+01
  0.39090085E+01 -0.40039725E+01
  0.39236986E+01 -0.39805488E+01
  0.39383888E+01 -0.39606406E+01
  0.39530790E+01 -0.39444848E+01
  0.39677691E+01 -0.39324778E+01
  0.39824593E+01 -0.39250518E+01
  0.39970897E+01 -0.39225360E+01
  
  0.00000000E+00 -0.39225357E+01
  0.14630364E-01 -0.39237297E+01
  0.29260727E-01 -0.39272642E+01
  0.43891091E-01 -0.39330145E+01
  0.58521454E-01 -0.39408257E+01
  0.73151818E-01 -0.39505670E+01
  0.87782182E-01 -0.39621657E+01
  0.10241255E+00 -0.39756038E+01
  0.11704291E+00 -0.39908845E+01
  0.13167327E+00 -0.40079979E+01
  0.14630364E+00 -0.40269088E+01
  0.16093400E+00 -0.40607798E+01
  0.17556436E+00 -0.41069618E+01
  0.19019473E+00 -0.41567526E+01
  0.20482509E+00 -0.42101488E+01
  0.21945545E+00 -0.42671753E+01
  0.23408582E+00 -0.43277942E+01
  0.24871618E+00 -0.43918374E+01
  0.26334654E+00 -0.44590146E+01
  0.27797691E+00 -0.45289939E+01
  0.29260727E+00 -0.46015094E+01
  0.30723764E+00 -0.46764299E+01
  0.32186800E+00 -0.47537523E+01
  0.33649836E+00 -0.48335284E+01
  0.35112873E+00 -0.49157750E+01
  0.36575909E+00 -0.50004178E+01
  0.38038945E+00 -0.50872960E+01
  0.39501982E+00 -0.51762173E+01
  0.40965018E+00 -0.52670235E+01
  0.42428054E+00 -0.53596255E+01
  0.43891091E+00 -0.54539893E+01
  0.45354127E+00 -0.55500842E+01
  0.46817163E+00 -0.56478275E+01
  0.48280200E+00 -0.57470520E+01
  0.49743236E+00 -0.58475068E+01
  0.51206273E+00 -0.59488654E+01
  0.52669309E+00 -0.60506801E+01
  0.54132345E+00 -0.61521120E+01
  0.55595382E+00 -0.62506033E+01
  0.57058418E+00 -0.63328903E+01
  0.58521454E+00 -0.63526425E+01
  0.59984491E+00 -0.63228810E+01
  0.61447527E+00 -0.62798026E+01
  0.62910563E+00 -0.62318799E+01
  0.64373600E+00 -0.61812824E+01
  0.65836636E+00 -0.61288211E+01
  0.67299673E+00 -0.60749066E+01
  0.68762709E+00 -0.60197918E+01
  0.70225745E+00 -0.59636370E+01
  0.71688782E+00 -0.59065285E+01
  0.73151818E+00 -0.58484973E+01
  0.74614854E+00 -0.57895488E+01
  0.76077891E+00 -0.57296980E+01
  0.77540927E+00 -0.57411952E+01
  0.79003963E+00 -0.57831050E+01
  0.80467000E+00 -0.58246749E+01
  0.81930036E+00 -0.58658858E+01
  0.83393072E+00 -0.59066384E+01
  0.84856109E+00 -0.59467791E+01
  0.86319145E+00 -0.59861485E+01
  0.87782182E+00 -0.60246322E+01
  0.89245218E+00 -0.60621923E+01
  0.90708254E+00 -0.60787547E+01
  0.92171291E+00 -0.60161409E+01
  0.93634327E+00 -0.60512568E+01
  0.95097363E+00 -0.60857418E+01
  0.96560400E+00 -0.61195967E+01
  0.98023436E+00 -0.61527612E+01
  0.99486472E+00 -0.61851472E+01
  0.10094951E+01 -0.62166804E+01
  0.10241255E+01 -0.62473262E+01
  0.10387558E+01 -0.62770893E+01
  0.10533862E+01 -0.63059919E+01
  0.10680165E+01 -0.63340440E+01
  0.10826469E+01 -0.63612261E+01
  0.10972773E+01 -0.63874935E+01
  0.11119076E+01 -0.64127982E+01
  0.11265380E+01 -0.64371136E+01
  0.11411684E+01 -0.64604450E+01
  0.11557987E+01 -0.64828181E+01
  0.11704291E+01 -0.65042534E+01
  0.11850595E+01 -0.65247430E+01
  0.11996898E+01 -0.65442442E+01
  0.12143202E+01 -0.65626946E+01
  0.12289505E+01 -0.65800409E+01
  0.12435809E+01 -0.65962646E+01
  0.12582113E+01 -0.66113919E+01
  0.12728416E+01 -0.66254823E+01
  0.12874720E+01 -0.66386026E+01
  0.13021024E+01 -0.66508007E+01
  0.13167327E+01 -0.66620894E+01
  0.13313631E+01 -0.66724472E+01
  0.13459935E+01 -0.66818303E+01
  0.13606238E+01 -0.66901896E+01
  0.13752542E+01 -0.66974829E+01
  0.13898845E+01 -0.67036806E+01
  0.14045149E+01 -0.67087650E+01
  0.14191453E+01 -0.67127265E+01
  0.14337756E+01 -0.67155597E+01
  0.14484060E+01 -0.67172612E+01
  0.14629695E+01 -0.67178286E+01
  0.14775330E+01 -0.67195731E+01
  0.14920966E+01 -0.67248472E+01
  0.15066601E+01 -0.67337590E+01
  0.15212236E+01 -0.67464479E+01
  0.15357871E+01 -0.67630355E+01
  0.15503507E+01 -0.67835798E+01
  0.15649142E+01 -0.68080469E+01
  0.15794777E+01 -0.68363068E+01
  0.15940412E+01 -0.68681577E+01
  0.16086048E+01 -0.69033666E+01
  0.16231683E+01 -0.69417144E+01
  0.16377318E+01 -0.69830295E+01
  0.16522953E+01 -0.70271993E+01
  0.16668589E+01 -0.70741583E+01
  0.16814224E+01 -0.71238583E+01
  0.16959859E+01 -0.71762333E+01
  0.17105494E+01 -0.72311758E+01
  0.17251130E+01 -0.72885305E+01
  0.17396765E+01 -0.73481090E+01
  0.17542400E+01 -0.74097149E+01
  0.17688035E+01 -0.74731681E+01
  0.17833671E+01 -0.75383162E+01
  0.17979306E+01 -0.76050308E+01
  0.18124941E+01 -0.76731921E+01
  0.18270576E+01 -0.77426714E+01
  0.18416212E+01 -0.78133225E+01
  0.18561847E+01 -0.78849843E+01
  0.18707482E+01 -0.79574928E+01
  0.18853117E+01 -0.80306935E+01
  0.18998753E+01 -0.81044446E+01
  0.19144388E+01 -0.81786084E+01
  0.19290023E+01 -0.82530336E+01
  0.19435658E+01 -0.83275407E+01
  0.19581294E+01 -0.84019194E+01
  0.19726929E+01 -0.84759441E+01
  0.19872564E+01 -0.85494011E+01
  0.20018199E+01 -0.86221141E+01
  0.20163835E+01 -0.86939540E+01
  0.20309470E+01 -0.87648253E+01
  0.20455105E+01 -0.88346308E+01
  0.20600740E+01 -0.89032284E+01
  0.20746376E+01 -0.89703996E+01
  0.20892011E+01 -0.90358437E+01
  0.21037646E+01 -0.90992013E+01
  0.21183281E+01 -0.91600961E+01
  0.21328917E+01 -0.92181757E+01
  0.21474552E+01 -0.92731363E+01
  0.21620187E+01 -0.93247193E+01
  0.21765822E+01 -0.93726877E+01
  0.21911458E+01 -0.94167921E+01
  0.22057093E+01 -0.94567464E+01
  0.22202728E+01 -0.94922231E+01
  0.22348363E+01 -0.95228707E+01
  0.22493999E+01 -0.95483456E+01
  0.22639634E+01 -0.95683507E+01
  0.22785269E+01 -0.95826732E+01
  0.22930904E+01 -0.95912184E+01
  0.23077806E+01 -0.95940328E+01
  0.23224708E+01 -0.95912689E+01
  0.23371609E+01 -0.95832096E+01
  0.23518511E+01 -0.95702521E+01
  0.23665412E+01 -0.95528232E+01
  0.23812314E+01 -0.95313381E+01
  0.23959216E+01 -0.95061780E+01
  0.24106117E+01 -0.94776831E+01
  0.24253019E+01 -0.94461565E+01
  0.24399921E+01 -0.94118716E+01
  0.24546822E+01 -0.93750769E+01
  0.24693724E+01 -0.93359992E+01
  0.24840626E+01 -0.92948439E+01
  0.24987527E+01 -0.92517946E+01
  0.25134429E+01 -0.92070120E+01
  0.25281331E+01 -0.91606346E+01
  0.25428232E+01 -0.91127807E+01
  0.25575134E+01 -0.90635526E+01
  0.25722035E+01 -0.90130447E+01
  0.25868937E+01 -0.89613487E+01
  0.26015839E+01 -0.89085566E+01
  0.26162740E+01 -0.88547542E+01
  0.26309642E+01 -0.88000102E+01
  0.26456544E+01 -0.87443638E+01
  0.26603445E+01 -0.86878207E+01
  0.26750347E+01 -0.86303643E+01
  0.26897249E+01 -0.85719786E+01
  0.27044150E+01 -0.85126777E+01
  0.27191052E+01 -0.84525244E+01
  0.27337954E+01 -0.83916268E+01
  0.27484855E+01 -0.83301096E+01
  0.27631757E+01 -0.82680707E+01
  0.27778658E+01 -0.82055427E+01
  0.27925560E+01 -0.81424819E+01
  0.28072462E+01 -0.80787924E+01
  0.28219363E+01 -0.80143796E+01
  0.28366265E+01 -0.79492090E+01
  0.28513167E+01 -0.78833401E+01
  0.28660068E+01 -0.78169173E+01
  0.28806970E+01 -0.77501177E+01
  0.28953872E+01 -0.76830803E+01
  0.29100773E+01 -0.76158497E+01
  0.29247675E+01 -0.75483649E+01
  0.29394576E+01 -0.74805000E+01
  0.29541478E+01 -0.74121378E+01
  0.29688380E+01 -0.73432389E+01
  0.29835281E+01 -0.72738711E+01
  0.29982183E+01 -0.72041821E+01
  0.30129085E+01 -0.71343319E+01
  0.30275986E+01 -0.70644179E+01
  0.30422888E+01 -0.69944363E+01
  0.30569790E+01 -0.69243007E+01
  0.30716691E+01 -0.68539135E+01
  0.30863593E+01 -0.67832539E+01
  0.31010495E+01 -0.67124444E+01
  0.31157396E+01 -0.66417799E+01
  0.31304298E+01 -0.65718030E+01
  0.31451199E+01 -0.65040832E+01
  0.31598101E+01 -0.64548647E+01
  0.31745003E+01 -0.64691611E+01
  0.31891904E+01 -0.64018681E+01
  0.32038806E+01 -0.63320029E+01
  0.32185708E+01 -0.62618980E+01
  0.32332609E+01 -0.61918058E+01
  0.32479511E+01 -0.61220278E+01
  0.32626413E+01 -0.60529957E+01
  0.32773314E+01 -0.59860836E+01
  0.32920216E+01 -0.59594824E+01
  0.33067118E+01 -0.60094402E+01
  0.33214019E+01 -0.60630316E+01
  0.33360921E+01 -0.61159139E+01
  0.33507822E+01 -0.61673688E+01
  0.33654724E+01 -0.62165911E+01
  0.33801626E+01 -0.62615651E+01
  0.33948527E+01 -0.62949942E+01
  0.34095429E+01 -0.62870019E+01
  0.34242331E+01 -0.62183458E+01
  0.34389232E+01 -0.61301674E+01
  0.34536134E+01 -0.60380104E+01
  0.34683036E+01 -0.59450479E+01
  0.34829937E+01 -0.58522885E+01
  0.34976839E+01 -0.57601562E+01
  0.35123740E+01 -0.56688178E+01
  0.35270642E+01 -0.55782976E+01
  0.35417544E+01 -0.54885627E+01
  0.35564445E+01 -0.53996022E+01
  0.35711347E+01 -0.53114872E+01
  0.35858249E+01 -0.52243916E+01
  0.36005150E+01 -0.51385681E+01
  0.36152052E+01 -0.50542927E+01
  0.36298954E+01 -0.49718029E+01
  0.36445855E+01 -0.48912596E+01
  0.36592757E+01 -0.48127460E+01
  0.36739659E+01 -0.47363005E+01
  0.36886560E+01 -0.46619635E+01
  0.37033462E+01 -0.45898130E+01
  0.37180363E+01 -0.45199717E+01
  0.37327265E+01 -0.44525866E+01
  0.37474167E+01 -0.43877991E+01
  0.37621068E+01 -0.43257271E+01
  0.37767970E+01 -0.42664762E+01
  0.37914872E+01 -0.42101746E+01
  0.38061773E+01 -0.41570154E+01
  0.38208675E+01 -0.41073012E+01
  0.38355577E+01 -0.40617874E+01
  0.38502478E+01 -0.40301601E+01
  0.38649380E+01 -0.40098364E+01
  0.38796281E+01 -0.39919346E+01
  0.38943183E+01 -0.39761258E+01
  0.39090085E+01 -0.39623609E+01
  0.39236986E+01 -0.39505907E+01
  0.39383888E+01 -0.39407836E+01
  0.39530790E+01 -0.39329666E+01
  0.39677691E+01 -0.39272355E+01
  0.39824593E+01 -0.39237216E+01
  0.39970897E+01 -0.39225357E+01
  
  0.00000000E+00 -0.38061221E+01
  0.14630364E-01 -0.38086881E+01
  0.29260727E-01 -0.38162106E+01
  0.43891091E-01 -0.38282488E+01
  0.58521454E-01 -0.38443028E+01
  0.73151818E-01 -0.38640171E+01
  0.87782182E-01 -0.38872813E+01
  0.10241255E+00 -0.39141943E+01
  0.11704291E+00 -0.39449379E+01
  0.13167327E+00 -0.39796384E+01
  0.14630364E+00 -0.40182911E+01
  0.16093400E+00 -0.40475699E+01
  0.17556436E+00 -0.40699481E+01
  0.19019473E+00 -0.40940394E+01
  0.20482509E+00 -0.41198595E+01
  0.21945545E+00 -0.41474106E+01
  0.23408582E+00 -0.41766478E+01
  0.24871618E+00 -0.42074652E+01
  0.26334654E+00 -0.42397125E+01
  0.27797691E+00 -0.42732306E+01
  0.29260727E+00 -0.43078868E+01
  0.30723764E+00 -0.43435931E+01
  0.32186800E+00 -0.43803005E+01
  0.33649836E+00 -0.44179784E+01
  0.35112873E+00 -0.44565931E+01
  0.36575909E+00 -0.44960980E+01
  0.38038945E+00 -0.45364378E+01
  0.39501982E+00 -0.45775595E+01
  0.40965018E+00 -0.46194197E+01
  0.42428054E+00 -0.46619829E+01
  0.43891091E+00 -0.47052112E+01
  0.45354127E+00 -0.47490560E+01
  0.46817163E+00 -0.47934567E+01
  0.48280200E+00 -0.48383465E+01
  0.49743236E+00 -0.48836589E+01
  0.51206273E+00 -0.49293290E+01
  0.52669309E+00 -0.49752880E+01
  0.54132345E+00 -0.50214528E+01
  0.55595382E+00 -0.50677204E+01
  0.57058418E+00 -0.51139759E+01
  0.58521454E+00 -0.51601172E+01
  0.59984491E+00 -0.52060824E+01
  0.61447527E+00 -0.52518642E+01
  0.62910563E+00 -0.52975021E+01
  0.64373600E+00 -0.53430530E+01
  0.65836636E+00 -0.53885520E+01
  0.67299673E+00 -0.54339795E+01
  0.68762709E+00 -0.54792489E+01
  0.70225745E+00 -0.55242231E+01
  0.71688782E+00 -0.55687537E+01
  0.73151818E+00 -0.56127264E+01
  0.74614854E+00 -0.56560952E+01
  0.76077891E+00 -0.56988901E+01
  0.77540927E+00 -0.56689930E+01
  0.79003963E+00 -0.56648947E+01
  0.80467000E+00 -0.57064181E+01
  0.81930036E+00 -0.57475779E+01
  0.83393072E+00 -0.57882841E+01
  0.84856109E+00 -0.58283895E+01
  0.86319145E+00 -0.58677323E+01
  0.87782182E+00 -0.59061878E+01
  0.89245218E+00 -0.59437073E+01
  0.90708254E+00 -0.59803265E+01
  0.92171291E+00 -0.60035575E+01
  0.93634327E+00 -0.59277283E+01
  0.95097363E+00 -0.58512842E+01
  0.96560400E+00 -0.57742590E+01
  0.98023436E+00 -0.56967343E+01
  0.99486472E+00 -0.56188394E+01
  0.10094951E+01 -0.55407172E+01
  0.10241255E+01 -0.54624752E+01
  0.10387558E+01 -0.53841523E+01
  0.10533862E+01 -0.53057240E+01
  0.10680165E+01 -0.52271469E+01
  0.10826469E+01 -0.51484198E+01
  0.10972773E+01 -0.50696275E+01
  0.11119076E+01 -0.49909408E+01
  0.11265380E+01 -0.49125743E+01
  0.11411684E+01 -0.48347238E+01
  0.11557987E+01 -0.47575230E+01
  0.11704291E+01 -0.46810444E+01
  0.11850595E+01 -0.46053466E+01
  0.11996898E+01 -0.45305417E+01
  0.12143202E+01 -0.44568432E+01
  0.12289505E+01 -0.43845675E+01
  0.12435809E+01 -0.43140865E+01
  0.12582113E+01 -0.42457573E+01
  0.12728416E+01 -0.41798691E+01
  0.12874720E+01 -0.41166349E+01
  0.13021024E+01 -0.40562306E+01
  0.13167327E+01 -0.39988588E+01
  0.13313631E+01 -0.39448000E+01
  0.13459935E+01 -0.38944285E+01
  0.13606238E+01 -0.38481910E+01
  0.13752542E+01 -0.38065702E+01
  0.13898845E+01 -0.37700580E+01
  0.14045149E+01 -0.37391508E+01
  0.14191453E+01 -0.37143527E+01
  0.14337756E+01 -0.36961646E+01
  0.14484060E+01 -0.36850360E+01
  0.14629695E+01 -0.36812874E+01
  0.14775330E+01 -0.36807179E+01
  0.14920966E+01 -0.36790307E+01
  0.15066601E+01 -0.36762807E+01
  0.15212236E+01 -0.36725339E+01
  0.15357871E+01 -0.36678427E+01
  0.15503507E+01 -0.36622316E+01
  0.15649142E+01 -0.36556983E+01
  0.15794777E+01 -0.36482281E+01
  0.15940412E+01 -0.36398118E+01
  0.16086048E+01 -0.36304557E+01
  0.16231683E+01 -0.36201775E+01
  0.16377318E+01 -0.36089920E+01
  0.16522953E+01 -0.35968942E+01
  0.16668589E+01 -0.35838531E+01
  0.16814224E+01 -0.35698194E+01
  0.16959859E+01 -0.35547463E+01
  0.17105494E+01 -0.35386120E+01
  0.17251130E+01 -0.35214322E+01
  0.17396765E+01 -0.35032564E+01
  0.17542400E+01 -0.34841498E+01
  0.17688035E+01 -0.34641706E+01
  0.17833671E+01 -0.34433563E+01
  0.17979306E+01 -0.34217258E+01
  0.18124941E+01 -0.33992955E+01
  0.18270576E+01 -0.33761009E+01
  0.18416212E+01 -0.33522081E+01
  0.18561847E+01 -0.33277077E+01
  0.18707482E+01 -0.33026923E+01
  0.18853117E+01 -0.32772277E+01
  0.18998753E+01 -0.32513337E+01
  0.19144388E+01 -0.32249859E+01
  0.19290023E+01 -0.31981394E+01
  0.19435658E+01 -0.31707638E+01
  0.19581294E+01 -0.31428734E+01
  0.19726929E+01 -0.31145383E+01
  0.19872564E+01 -0.30858703E+01
  0.20018199E+01 -0.30569937E+01
  0.20163835E+01 -0.30280144E+01
  0.20309470E+01 -0.29990054E+01
  0.20455105E+01 -0.29700146E+01
  0.20600740E+01 -0.29410920E+01
  0.20746376E+01 -0.29123197E+01
  0.20892011E+01 -0.28838296E+01
  0.21037646E+01 -0.28557970E+01
  0.21183281E+01 -0.28284146E+01
  0.21328917E+01 -0.28018576E+01
  0.21474552E+01 -0.27762590E+01
  0.21620187E+01 -0.27517072E+01
  0.21765822E+01 -0.27282690E+01
  0.21911458E+01 -0.27060285E+01
  0.22057093E+01 -0.26851275E+01
  0.22202728E+01 -0.26657902E+01
  0.22348363E+01 -0.26483246E+01
  0.22493999E+01 -0.26331032E+01
  0.22639634E+01 -0.26205350E+01
  0.22785269E+01 -0.26110429E+01
  0.22930904E+01 -0.26050497E+01
  0.23077806E+01 -0.26029665E+01
  0.23224708E+01 -0.26051798E+01
  0.23371609E+01 -0.26119984E+01
  0.23518511E+01 -0.26235810E+01
  0.23665412E+01 -0.26399181E+01
  0.23812314E+01 -0.26608532E+01
  0.23959216E+01 -0.26861467E+01
  0.24106117E+01 -0.27155469E+01
  0.24253019E+01 -0.27488370E+01
  0.24399921E+01 -0.27858484E+01
  0.24546822E+01 -0.28264454E+01
  0.24693724E+01 -0.28705009E+01
  0.24840626E+01 -0.29178770E+01
  0.24987527E+01 -0.29684233E+01
  0.25134429E+01 -0.30219880E+01
  0.25281331E+01 -0.30784359E+01
  0.25428232E+01 -0.31376571E+01
  0.25575134E+01 -0.31995587E+01
  0.25722035E+01 -0.32640399E+01
  0.25868937E+01 -0.33309624E+01
  0.26015839E+01 -0.34001287E+01
  0.26162740E+01 -0.34712839E+01
  0.26309642E+01 -0.35441414E+01
  0.26456544E+01 -0.36184265E+01
  0.26603445E+01 -0.36939200E+01
  0.26750347E+01 -0.37704847E+01
  0.26897249E+01 -0.38480657E+01
  0.27044150E+01 -0.39266626E+01
  0.27191052E+01 -0.40062868E+01
  0.27337954E+01 -0.40869212E+01
  0.27484855E+01 -0.41684946E+01
  0.27631757E+01 -0.42508803E+01
  0.27778658E+01 -0.43339136E+01
  0.27925560E+01 -0.44174180E+01
  0.28072462E+01 -0.45012288E+01
  0.28219363E+01 -0.45852045E+01
  0.28366265E+01 -0.46692282E+01
  0.28513167E+01 -0.47532012E+01
  0.28660068E+01 -0.48370390E+01
  0.28806970E+01 -0.49206724E+01
  0.28953872E+01 -0.50040539E+01
  0.29100773E+01 -0.50871615E+01
  0.29247675E+01 -0.51699960E+01
  0.29394576E+01 -0.52525652E+01
  0.29541478E+01 -0.53348616E+01
  0.29688380E+01 -0.54168402E+01
  0.29835281E+01 -0.54984089E+01
  0.29982183E+01 -0.55794371E+01
  0.30129085E+01 -0.56597817E+01
  0.30275986E+01 -0.57393207E+01
  0.30422888E+01 -0.58179787E+01
  0.30569790E+01 -0.58957351E+01
  0.30716691E+01 -0.59726069E+01
  0.30863593E+01 -0.60486127E+01
  0.31010495E+01 -0.61237250E+01
  0.31157396E+01 -0.61978080E+01
  0.31304298E+01 -0.62704652E+01
  0.31451199E+01 -0.63401593E+01
  0.31598101E+01 -0.63903300E+01
  0.31745003E+01 -0.63495854E+01
  0.31891904E+01 -0.62831585E+01
  0.32038806E+01 -0.62142961E+01
  0.32185708E+01 -0.61447826E+01
  0.32332609E+01 -0.60751745E+01
  0.32479511E+01 -0.60060098E+01
  0.32626413E+01 -0.59386335E+01
  0.32773314E+01 -0.59000507E+01
  0.32920216E+01 -0.59069274E+01
  0.33067118E+01 -0.58439674E+01
  0.33214019E+01 -0.57770252E+01
  0.33360921E+01 -0.57097535E+01
  0.33507822E+01 -0.56425802E+01
  0.33654724E+01 -0.55758297E+01
  0.33801626E+01 -0.55098374E+01
  0.33948527E+01 -0.54448599E+01
  0.34095429E+01 -0.53809830E+01
  0.34242331E+01 -0.53181050E+01
  0.34389232E+01 -0.52560144E+01
  0.34536134E+01 -0.51945241E+01
  0.34683036E+01 -0.51335942E+01
  0.34829937E+01 -0.50733812E+01
  0.34976839E+01 -0.50141882E+01
  0.35123740E+01 -0.49563433E+01
  0.35270642E+01 -0.49000623E+01
  0.35417544E+01 -0.48453647E+01
  0.35564445E+01 -0.47920827E+01
  0.35711347E+01 -0.47399604E+01
  0.35858249E+01 -0.46887897E+01
  0.36005150E+01 -0.46385175E+01
  0.36152052E+01 -0.45892742E+01
  0.36298954E+01 -0.45413167E+01
  0.36445855E+01 -0.44949196E+01
  0.36592757E+01 -0.44502710E+01
  0.36739659E+01 -0.44074228E+01
  0.36886560E+01 -0.43663152E+01
  0.37033462E+01 -0.43268509E+01
  0.37180363E+01 -0.42889761E+01
  0.37327265E+01 -0.42527226E+01
  0.37474167E+01 -0.42181964E+01
  0.37621068E+01 -0.41855228E+01
  0.37767970E+01 -0.41547813E+01
  0.37914872E+01 -0.41259671E+01
  0.38061773E+01 -0.40989977E+01
  0.38208675E+01 -0.40737330E+01
  0.38355577E+01 -0.40496568E+01
  0.38502478E+01 -0.40173567E+01
  0.38649380E+01 -0.39796302E+01
  0.38796281E+01 -0.39454284E+01
  0.38943183E+01 -0.39149770E+01
  0.39090085E+01 -0.38881110E+01
  0.39236986E+01 -0.38646877E+01
  0.39383888E+01 -0.38447212E+01
  0.39530790E+01 -0.38284421E+01
  0.39677691E+01 -0.38162699E+01
  0.39824593E+01 -0.38086971E+01
  0.39970897E+01 -0.38061221E+01
  
  0.00000000E+00 -0.38061218E+01
  0.14630364E-01 -0.38073520E+01
  0.29260727E-01 -0.38109777E+01
  0.43891091E-01 -0.38168358E+01
  0.58521454E-01 -0.38247358E+01
  0.73151818E-01 -0.38345299E+01
  0.87782182E-01 -0.38461456E+01
  0.10241255E+00 -0.38595758E+01
  0.11704291E+00 -0.38748385E+01
  0.13167327E+00 -0.38919357E+01
  0.14630364E+00 -0.39108346E+01
  0.16093400E+00 -0.39314810E+01
  0.17556436E+00 -0.39538293E+01
  0.19019473E+00 -0.39778649E+01
  0.20482509E+00 -0.40036008E+01
  0.21945545E+00 -0.40310492E+01
  0.23408582E+00 -0.40601845E+01
  0.24871618E+00 -0.40909191E+01
  0.26334654E+00 -0.41231100E+01
  0.27797691E+00 -0.41565924E+01
  0.29260727E+00 -0.41912219E+01
  0.30723764E+00 -0.42269017E+01
  0.32186800E+00 -0.42635812E+01
  0.33649836E+00 -0.43012332E+01
  0.35112873E+00 -0.43398265E+01
  0.36575909E+00 -0.43793115E+01
  0.38038945E+00 -0.44196254E+01
  0.39501982E+00 -0.44607085E+01
  0.40965018E+00 -0.45025167E+01
  0.42428054E+00 -0.45450213E+01
  0.43891091E+00 -0.45881973E+01
  0.45354127E+00 -0.46320064E+01
  0.46817163E+00 -0.46763887E+01
  0.48280200E+00 -0.47212668E+01
  0.49743236E+00 -0.47665583E+01
  0.51206273E+00 -0.48121850E+01
  0.52669309E+00 -0.48580720E+01
  0.54132345E+00 -0.49041397E+01
  0.55595382E+00 -0.49502990E+01
  0.57058418E+00 -0.49964560E+01
  0.58521454E+00 -0.50425255E+01
  0.59984491E+00 -0.50884510E+01
  0.61447527E+00 -0.51342183E+01
  0.62910563E+00 -0.51798524E+01
  0.64373600E+00 -0.52253943E+01
  0.65836636E+00 -0.52708656E+01
  0.67299673E+00 -0.53162395E+01
  0.68762709E+00 -0.53614321E+01
  0.70225745E+00 -0.54063179E+01
  0.71688782E+00 -0.54507635E+01
  0.73151818E+00 -0.54946671E+01
  0.74614854E+00 -0.55379867E+01
  0.76077891E+00 -0.55807472E+01
  0.77540927E+00 -0.56230218E+01
  0.79003963E+00 -0.56075132E+01
  0.80467000E+00 -0.55453441E+01
  0.81930036E+00 -0.54825422E+01
  0.83393072E+00 -0.54191135E+01
  0.84856109E+00 -0.53550194E+01
  0.86319145E+00 -0.52902109E+01
  0.87782182E+00 -0.52246730E+01
  0.89245218E+00 -0.51584573E+01
  0.90708254E+00 -0.50916842E+01
  0.92171291E+00 -0.50245171E+01
  0.93634327E+00 -0.49571214E+01
  0.95097363E+00 -0.48896318E+01
  0.96560400E+00 -0.48221398E+01
  0.98023436E+00 -0.47547052E+01
  0.99486472E+00 -0.46873767E+01
  0.10094951E+01 -0.46202087E+01
  0.10241255E+01 -0.45532658E+01
  0.10387558E+01 -0.44866183E+01
  0.10533862E+01 -0.44203379E+01
  0.10680165E+01 -0.43545028E+01
  0.10826469E+01 -0.42892106E+01
  0.10972773E+01 -0.42245917E+01
  0.11119076E+01 -0.41608101E+01
  0.11265380E+01 -0.40980487E+01
  0.11411684E+01 -0.40364861E+01
  0.11557987E+01 -0.39762783E+01
  0.11704291E+01 -0.39175587E+01
  0.11850595E+01 -0.38604579E+01
  0.11996898E+01 -0.38051336E+01
  0.12143202E+01 -0.37517919E+01
  0.12289505E+01 -0.37006876E+01
  0.12435809E+01 -0.36521019E+01
  0.12582113E+01 -0.36063098E+01
  0.12728416E+01 -0.35635523E+01
  0.12874720E+01 -0.35240241E+01
  0.13021024E+01 -0.34878757E+01
  0.13167327E+01 -0.34552170E+01
  0.13313631E+01 -0.34261136E+01
  0.13459935E+01 -0.34005736E+01
  0.13606238E+01 -0.33785348E+01
  0.13752542E+01 -0.33598671E+01
  0.13898845E+01 -0.33443962E+01
  0.14045149E+01 -0.33319427E+01
  0.14191453E+01 -0.33223602E+01
  0.14337756E+01 -0.33155547E+01
  0.14484060E+01 -0.33114809E+01
  0.14629695E+01 -0.33101237E+01
  0.14775330E+01 -0.33096673E+01
  0.14920966E+01 -0.33083108E+01
  0.15066601E+01 -0.33060822E+01
  0.15212236E+01 -0.33030002E+01
  0.15357871E+01 -0.32990505E+01
  0.15503507E+01 -0.32941797E+01
  0.15649142E+01 -0.32883134E+01
  0.15794777E+01 -0.32813920E+01
  0.15940412E+01 -0.32734070E+01
  0.16086048E+01 -0.32644184E+01
  0.16231683E+01 -0.32545417E+01
  0.16377318E+01 -0.32439070E+01
  0.16522953E+01 -0.32326084E+01
  0.16668589E+01 -0.32206657E+01
  0.16814224E+01 -0.32080164E+01
  0.16959859E+01 -0.31945428E+01
  0.17105494E+01 -0.31801221E+01
  0.17251130E+01 -0.31646772E+01
  0.17396765E+01 -0.31482066E+01
  0.17542400E+01 -0.31307823E+01
  0.17688035E+01 -0.31125197E+01
  0.17833671E+01 -0.30935355E+01
  0.17979306E+01 -0.30739152E+01
  0.18124941E+01 -0.30537040E+01
  0.18270576E+01 -0.30329229E+01
  0.18416212E+01 -0.30115978E+01
  0.18561847E+01 -0.29897854E+01
  0.18707482E+01 -0.29675802E+01
  0.18853117E+01 -0.29450974E+01
  0.18998753E+01 -0.29224422E+01
  0.19144388E+01 -0.28996783E+01
  0.19290023E+01 -0.28768157E+01
  0.19435658E+01 -0.28538219E+01
  0.19581294E+01 -0.28306559E+01
  0.19726929E+01 -0.28073088E+01
  0.19872564E+01 -0.27838334E+01
  0.20018199E+01 -0.27603513E+01
  0.20163835E+01 -0.27370315E+01
  0.20309470E+01 -0.27140531E+01
  0.20455105E+01 -0.26915654E+01
  0.20600740E+01 -0.26696632E+01
  0.20746376E+01 -0.26483888E+01
  0.20892011E+01 -0.26277574E+01
  0.21037646E+01 -0.26077976E+01
  0.21183281E+01 -0.25885889E+01
  0.21328917E+01 -0.25702797E+01
  0.21474552E+01 -0.25530795E+01
  0.21620187E+01 -0.25372249E+01
  0.21765822E+01 -0.25229326E+01
  0.21911458E+01 -0.25103544E+01
  0.22057093E+01 -0.24995512E+01
  0.22202728E+01 -0.24904931E+01
  0.22348363E+01 -0.24830866E+01
  0.22493999E+01 -0.24772148E+01
  0.22639634E+01 -0.24727728E+01
  0.22785269E+01 -0.24696817E+01
  0.22930904E+01 -0.24678782E+01
  0.23077806E+01 -0.24672947E+01
  0.23224708E+01 -0.24678531E+01
  0.23371609E+01 -0.24695100E+01
  0.23518511E+01 -0.24723061E+01
  0.23665412E+01 -0.24764023E+01
  0.23812314E+01 -0.24820719E+01
  0.23959216E+01 -0.24896513E+01
  0.24106117E+01 -0.24994774E+01
  0.24253019E+01 -0.25118345E+01
  0.24399921E+01 -0.25269222E+01
  0.24546822E+01 -0.25448454E+01
  0.24693724E+01 -0.25656281E+01
  0.24840626E+01 -0.25892425E+01
  0.24987527E+01 -0.26156488E+01
  0.25134429E+01 -0.26448301E+01
  0.25281331E+01 -0.26768108E+01
  0.25428232E+01 -0.27116505E+01
  0.25575134E+01 -0.27494121E+01
  0.25722035E+01 -0.27901179E+01
  0.25868937E+01 -0.28337080E+01
  0.26015839E+01 -0.28800211E+01
  0.26162740E+01 -0.29288081E+01
  0.26309642E+01 -0.29797743E+01
  0.26456544E+01 -0.30326388E+01
  0.26603445E+01 -0.30871885E+01
  0.26750347E+01 -0.31433091E+01
  0.26897249E+01 -0.32009816E+01
  0.27044150E+01 -0.32602497E+01
  0.27191052E+01 -0.33211689E+01
  0.27337954E+01 -0.33837560E+01
  0.27484855E+01 -0.34479564E+01
  0.27631757E+01 -0.35136341E+01
  0.27778658E+01 -0.35805855E+01
  0.27925560E+01 -0.36485694E+01
  0.28072462E+01 -0.37173410E+01
  0.28219363E+01 -0.37866837E+01
  0.28366265E+01 -0.38564318E+01
  0.28513167E+01 -0.39264821E+01
  0.28660068E+01 -0.39967945E+01
  0.28806970E+01 -0.40673813E+01
  0.28953872E+01 -0.41382857E+01
  0.29100773E+01 -0.42095532E+01
  0.29247675E+01 -0.42811998E+01
  0.29394576E+01 -0.43531865E+01
  0.29541478E+01 -0.44254074E+01
  0.29688380E+01 -0.44976971E+01
  0.29835281E+01 -0.45698569E+01
  0.29982183E+01 -0.46416929E+01
  0.30129085E+01 -0.47130527E+01
  0.30275986E+01 -0.47838487E+01
  0.30422888E+01 -0.48540598E+01
  0.30569790E+01 -0.49237116E+01
  0.30716691E+01 -0.49928439E+01
  0.30863593E+01 -0.50614783E+01
  0.31010495E+01 -0.51295993E+01
  0.31157396E+01 -0.51971541E+01
  0.31304298E+01 -0.52640696E+01
  0.31451199E+01 -0.53302774E+01
  0.31598101E+01 -0.53957326E+01
  0.31745003E+01 -0.54604196E+01
  0.31891904E+01 -0.55243382E+01
  0.32038806E+01 -0.55874777E+01
  0.32185708E+01 -0.56497825E+01
  0.32332609E+01 -0.57111088E+01
  0.32479511E+01 -0.57711069E+01
  0.32626413E+01 -0.58283872E+01
  0.32773314E+01 -0.58547307E+01
  0.32920216E+01 -0.57951528E+01
  0.33067118E+01 -0.57283601E+01
  0.33214019E+01 -0.56610505E+01
  0.33360921E+01 -0.55936859E+01
  0.33507822E+01 -0.55265029E+01
  0.33654724E+01 -0.54598062E+01
  0.33801626E+01 -0.53939199E+01
  0.33948527E+01 -0.53290730E+01
  0.34095429E+01 -0.52653145E+01
  0.34242331E+01 -0.52025126E+01
  0.34389232E+01 -0.51404432E+01
  0.34536134E+01 -0.50789252E+01
  0.34683036E+01 -0.50179403E+01
  0.34829937E+01 -0.49576737E+01
  0.34976839E+01 -0.48984536E+01
  0.35123740E+01 -0.48406162E+01
  0.35270642E+01 -0.47843659E+01
  0.35417544E+01 -0.47297000E+01
  0.35564445E+01 -0.46764311E+01
  0.35711347E+01 -0.46242953E+01
  0.35858249E+01 -0.45730897E+01
  0.36005150E+01 -0.45227758E+01
  0.36152052E+01 -0.44734998E+01
  0.36298954E+01 -0.44255264E+01
  0.36445855E+01 -0.43791244E+01
  0.36592757E+01 -0.43344669E+01
  0.36739659E+01 -0.42915915E+01
  0.36886560E+01 -0.42504319E+01
  0.37033462E+01 -0.42108982E+01
  0.37180363E+01 -0.41729561E+01
  0.37327265E+01 -0.41366623E+01
  0.37474167E+01 -0.41021392E+01
  0.37621068E+01 -0.40695087E+01
  0.37767970E+01 -0.40388300E+01
  0.37914872E+01 -0.40100775E+01
  0.38061773E+01 -0.39831674E+01
  0.38208675E+01 -0.39580169E+01
  0.38355577E+01 -0.39346006E+01
  0.38502478E+01 -0.39129729E+01
  0.38649380E+01 -0.38932422E+01
  0.38796281E+01 -0.38755117E+01
  0.38943183E+01 -0.38598266E+01
  0.39090085E+01 -0.38461598E+01
  0.39236986E+01 -0.38344460E+01
  0.39383888E+01 -0.38246396E+01
  0.39530790E+01 -0.38167668E+01
  0.39677691E+01 -0.38109437E+01
  0.39824593E+01 -0.38073432E+01
  0.39970897E+01 -0.38061218E+01
  
  0.00000000E+00  0.70456183E+01
  0.14630364E-01  0.70459124E+01
  0.29260727E-01  0.70468221E+01
  0.43891091E-01  0.70484188E+01
  0.58521454E-01  0.70507878E+01
  0.73151818E-01  0.70539930E+01
  0.87782182E-01  0.70580484E+01
  0.10241255E+00  0.70629060E+01
  0.11704291E+00  0.70684596E+01
  0.13167327E+00  0.70745605E+01
  0.14630364E+00  0.70810379E+01
  0.16093400E+00  0.70877204E+01
  0.17556436E+00  0.70944564E+01
  0.19019473E+00  0.71011326E+01
  0.20482509E+00  0.71076848E+01
  0.21945545E+00  0.71140953E+01
  0.23408582E+00  0.71203708E+01
  0.24871618E+00  0.71265035E+01
  0.26334654E+00  0.71324286E+01
  0.27797691E+00  0.71379975E+01
  0.29260727E+00  0.71429833E+01
  0.30723764E+00  0.71471199E+01
  0.32186800E+00  0.71501594E+01
  0.33649836E+00  0.71519178E+01
  0.35112873E+00  0.71522835E+01
  0.36575909E+00  0.71511801E+01
  0.38038945E+00  0.71485021E+01
  0.39501982E+00  0.71440582E+01
  0.40965018E+00  0.71375571E+01
  0.42428054E+00  0.71286479E+01
  0.43891091E+00  0.71169983E+01
  0.45354127E+00  0.71023692E+01
  0.46817163E+00  0.70846467E+01
  0.48280200E+00  0.70638168E+01
  0.49743236E+00  0.70398959E+01
  0.51206273E+00  0.70128625E+01
  0.52669309E+00  0.69826255E+01
  0.54132345E+00  0.69490482E+01
  0.55595382E+00  0.69120060E+01
  0.57058418E+00  0.68714399E+01
  0.58521454E+00  0.68273686E+01
  0.59984491E+00  0.67798505E+01
  0.61447527E+00  0.67289204E+01
  0.62910563E+00  0.66745434E+01
  0.64373600E+00  0.66166187E+01
  0.65836636E+00  0.65550354E+01
  0.67299673E+00  0.64897467E+01
  0.68762709E+00  0.64208165E+01
  0.70225745E+00  0.63484081E+01
  0.71688782E+00  0.62727170E+01
  0.73151818E+00  0.61938882E+01
  0.74614854E+00  0.61119669E+01
  0.76077891E+00  0.60269126E+01
  0.77540927E+00  0.59386703E+01
  0.79003963E+00  0.58472559E+01
  0.80467000E+00  0.57528061E+01
  0.81930036E+00  0.56555637E+01
  0.83393072E+00  0.55558102E+01
  0.84856109E+00  0.54537873E+01
  0.86319145E+00  0.53496554E+01
  0.87782182E+00  0.52435113E+01
  0.89245218E+00  0.51354522E+01
  0.90708254E+00  0.50256430E+01
  0.92171291E+00  0.49143439E+01
  0.93634327E+00  0.48018805E+01
  0.95097363E+00  0.46885754E+01
  0.96560400E+00  0.45746831E+01
  0.98023436E+00  0.44603674E+01
  0.99486472E+00  0.43457370E+01
  0.10094951E+01  0.42309162E+01
  0.10241255E+01  0.41161111E+01
  0.10387558E+01  0.40016307E+01
  0.10533862E+01  0.38878515E+01
  0.10680165E+01  0.37751459E+01
  0.10826469E+01  0.36638148E+01
  0.10972773E+01  0.35540599E+01
  0.11119076E+01  0.34460089E+01
  0.11265380E+01  0.33397721E+01
  0.11411684E+01  0.32354987E+01
  0.11557987E+01  0.31333996E+01
  0.11704291E+01  0.30337326E+01
  0.11850595E+01  0.29367634E+01
  0.11996898E+01  0.28427316E+01
  0.12143202E+01  0.27518415E+01
  0.12289505E+01  0.26642794E+01
  0.12435809E+01  0.25802427E+01
  0.12582113E+01  0.24999613E+01
  0.12728416E+01  0.24237004E+01
  0.12874720E+01  0.23517461E+01
  0.13021024E+01  0.22843875E+01
  0.13167327E+01  0.22219040E+01
  0.13313631E+01  0.21645608E+01
  0.13459935E+01  0.21126075E+01
  0.13606238E+01  0.20662732E+01
  0.13752542E+01  0.20257582E+01
  0.13898845E+01  0.19912265E+01
  0.14045149E+01  0.19628054E+01
  0.14191453E+01  0.19405920E+01
  0.14337756E+01  0.19246628E+01
  0.14484060E+01  0.19150780E+01
  0.14629695E+01  0.19118782E+01
  0.14775330E+01  0.19120953E+01
  0.14920966E+01  0.19127478E+01
  0.15066601E+01  0.19138380E+01
  0.15212236E+01  0.19153670E+01
  0.15357871E+01  0.19173316E+01
  0.15503507E+01  0.19197232E+01
  0.15649142E+01  0.19225281E+01
  0.15794777E+01  0.19257307E+01
  0.15940412E+01  0.19293170E+01
  0.16086048E+01  0.19332771E+01
  0.16231683E+01  0.19376066E+01
  0.16377318E+01  0.19423045E+01
  0.16522953E+01  0.19473699E+01
  0.16668589E+01  0.19527969E+01
  0.16814224E+01  0.19585712E+01
  0.16959859E+01  0.19646672E+01
  0.17105494E+01  0.19710482E+01
  0.17251130E+01  0.19776690E+01
  0.17396765E+01  0.19844802E+01
  0.17542400E+01  0.19914337E+01
  0.17688035E+01  0.19984872E+01
  0.17833671E+01  0.20056062E+01
  0.17979306E+01  0.20127625E+01
  0.18124941E+01  0.20199277E+01
  0.18270576E+01  0.20270655E+01
  0.18416212E+01  0.20341218E+01
  0.18561847E+01  0.20410208E+01
  0.18707482E+01  0.20476659E+01
  0.18853117E+01  0.20539493E+01
  0.18998753E+01  0.20597660E+01
  0.19144388E+01  0.20650285E+01
  0.19290023E+01  0.20696774E+01
  0.19435658E+01  0.20736822E+01
  0.19581294E+01  0.20770336E+01
  0.19726929E+01  0.20797294E+01
  0.19872564E+01  0.20817599E+01
  0.20018199E+01  0.20830993E+01
  0.20163835E+01  0.20837057E+01
  0.20309470E+01  0.20835302E+01
  0.20455105E+01  0.20825300E+01
  0.20600740E+01  0.20806815E+01
  0.20746376E+01  0.20779872E+01
  0.20892011E+01  0.20744754E+01
  0.21037646E+01  0.20701954E+01
  0.21183281E+01  0.20652104E+01
  0.21328917E+01  0.20595944E+01
  0.21474552E+01  0.20534322E+01
  0.21620187E+01  0.20468237E+01
  0.21765822E+01  0.20398895E+01
  0.21911458E+01  0.20327743E+01
  0.22057093E+01  0.20256471E+01
  0.22202728E+01  0.20187003E+01
  0.22348363E+01  0.20121470E+01
  0.22493999E+01  0.20062188E+01
  0.22639634E+01  0.20011627E+01
  0.22785269E+01  0.19972360E+01
  0.22930904E+01  0.19946980E+01
  0.23077806E+01  0.19937990E+01
  0.23224708E+01  0.19947897E+01
  0.23371609E+01  0.19979033E+01
  0.23518511E+01  0.20033367E+01
  0.23665412E+01  0.20112702E+01
  0.23812314E+01  0.20218703E+01
  0.23959216E+01  0.20352889E+01
  0.24106117E+01  0.20516565E+01
  0.24253019E+01  0.20710727E+01
  0.24399921E+01  0.20936002E+01
  0.24546822E+01  0.21192664E+01
  0.24693724E+01  0.21480751E+01
  0.24840626E+01  0.21800224E+01
  0.24987527E+01  0.22151098E+01
  0.25134429E+01  0.22533448E+01
  0.25281331E+01  0.22947294E+01
  0.25428232E+01  0.23392396E+01
  0.25575134E+01  0.23868092E+01
  0.25722035E+01  0.24373288E+01
  0.25868937E+01  0.24906639E+01
  0.26015839E+01  0.25466871E+01
  0.26162740E+01  0.26053096E+01
  0.26309642E+01  0.26664968E+01
  0.26456544E+01  0.27302570E+01
  0.26603445E+01  0.27966066E+01
  0.26750347E+01  0.28655265E+01
  0.26897249E+01  0.29369294E+01
  0.27044150E+01  0.30106531E+01
  0.27191052E+01  0.30864844E+01
  0.27337954E+01  0.31642024E+01
  0.27484855E+01  0.32436213E+01
  0.27631757E+01  0.33246157E+01
  0.27778658E+01  0.34071166E+01
  0.27925560E+01  0.34910860E+01
  0.28072462E+01  0.35764819E+01
  0.28219363E+01  0.36632328E+01
  0.28366265E+01  0.37512301E+01
  0.28513167E+01  0.38403388E+01
  0.28660068E+01  0.39304147E+01
  0.28806970E+01  0.40213174E+01
  0.28953872E+01  0.41129123E+01
  0.29100773E+01  0.42050627E+01
  0.29247675E+01  0.42976222E+01
  0.29394576E+01  0.43904364E+01
  0.29541478E+01  0.44833570E+01
  0.29688380E+01  0.45762621E+01
  0.29835281E+01  0.46690710E+01
  0.29982183E+01  0.47617413E+01
  0.30129085E+01  0.48542466E+01
  0.30275986E+01  0.49465413E+01
  0.30422888E+01  0.50385302E+01
  0.30569790E+01  0.51300575E+01
  0.30716691E+01  0.52209242E+01
  0.30863593E+01  0.53109264E+01
  0.31010495E+01  0.53998970E+01
  0.31157396E+01  0.54877312E+01
  0.31304298E+01  0.55743796E+01
  0.31451199E+01  0.56598134E+01
  0.31598101E+01  0.57439760E+01
  0.31745003E+01  0.58267475E+01
  0.31891904E+01  0.59079388E+01
  0.32038806E+01  0.59873228E+01
  0.32185708E+01  0.60646867E+01
  0.32332609E+01  0.61398823E+01
  0.32479511E+01  0.62128481E+01
  0.32626413E+01  0.62835920E+01
  0.32773314E+01  0.63521406E+01
  0.32920216E+01  0.64184812E+01
  0.33067118E+01  0.64825216E+01
  0.33214019E+01  0.65440888E+01
  0.33360921E+01  0.66029669E+01
  0.33507822E+01  0.66589546E+01
  0.33654724E+01  0.67119160E+01
  0.33801626E+01  0.67617991E+01
  0.33948527E+01  0.68086158E+01
  0.34095429E+01  0.68523939E+01
  0.34242331E+01  0.68931281E+01
  0.34389232E+01  0.69307562E+01
  0.34536134E+01  0.69651739E+01
  0.34683036E+01  0.69962825E+01
  0.34829937E+01  0.70240468E+01
  0.34976839E+01  0.70485344E+01
  0.35123740E+01  0.70699184E+01
  0.35270642E+01  0.70884381E+01
  0.35417544E+01  0.71043390E+01
  0.35564445E+01  0.71178166E+01
  0.35711347E+01  0.71289905E+01
  0.35858249E+01  0.71379186E+01
  0.36005150E+01  0.71446430E+01
  0.36152052E+01  0.71492430E+01
  0.36298954E+01  0.71518713E+01
  0.36445855E+01  0.71527545E+01
  0.36592757E+01  0.71521603E+01
  0.36739659E+01  0.71503470E+01
  0.36886560E+01  0.71475193E+01
  0.37033462E+01  0.71438105E+01
  0.37180363E+01  0.71392975E+01
  0.37327265E+01  0.71340389E+01
  0.37474167E+01  0.71281156E+01
  0.37621068E+01  0.71216554E+01
  0.37767970E+01  0.71148295E+01
  0.37914872E+01  0.71078241E+01
  0.38061773E+01  0.71008045E+01
  0.38208675E+01  0.70938884E+01
  0.38355577E+01  0.70871436E+01
  0.38502478E+01  0.70806102E+01
  0.38649380E+01  0.70743350E+01
  0.38796281E+01  0.70684014E+01
  0.38943183E+01  0.70629368E+01
  0.39090085E+01  0.70580938E+01
  0.39236986E+01  0.70540112E+01
  0.39383888E+01  0.70507742E+01
  0.39530790E+01  0.70483914E+01
  0.39677691E+01  0.70468011E+01
  0.39824593E+01  0.70459055E+01
  0.39970897E+01  0.70456183E+01
  
  0.00000000E+00  0.10088088E+02
  0.14630364E-01  0.10086629E+02
  0.29260727E-01  0.10082301E+02
  0.43891091E-01  0.10075236E+02
  0.58521454E-01  0.10065615E+02
  0.73151818E-01  0.10053617E+02
  0.87782182E-01  0.10039367E+02
  0.10241255E+00  0.10022887E+02
  0.11704291E+00  0.10004084E+02
  0.13167327E+00  0.99827612E+01
  0.14630364E+00  0.99586737E+01
  0.16093400E+00  0.99315892E+01
  0.17556436E+00  0.99013442E+01
  0.19019473E+00  0.98678689E+01
  0.20482509E+00  0.98311779E+01
  0.21945545E+00  0.97913332E+01
  0.23408582E+00  0.97484047E+01
  0.24871618E+00  0.97024457E+01
  0.26334654E+00  0.96534955E+01
  0.27797691E+00  0.96016011E+01
  0.29260727E+00  0.95468414E+01
  0.30723764E+00  0.94893341E+01
  0.32186800E+00  0.94292191E+01
  0.33649836E+00  0.93666231E+01
  0.35112873E+00  0.93016256E+01
  0.36575909E+00  0.92342430E+01
  0.38038945E+00  0.91644401E+01
  0.39501982E+00  0.90921642E+01
  0.40965018E+00  0.90173852E+01
  0.42428054E+00  0.89401216E+01
  0.43891091E+00  0.88604434E+01
  0.45354127E+00  0.87784514E+01
  0.46817163E+00  0.86942448E+01
  0.48280200E+00  0.86078932E+01
  0.49743236E+00  0.85194250E+01
  0.51206273E+00  0.84288359E+01
  0.52669309E+00  0.83361129E+01
  0.54132345E+00  0.82412633E+01
  0.55595382E+00  0.81443381E+01
  0.57058418E+00  0.80454405E+01
  0.58521454E+00  0.79447175E+01
  0.59984491E+00  0.78423377E+01
  0.61447527E+00  0.77384631E+01
  0.62910563E+00  0.76332260E+01
  0.64373600E+00  0.75267212E+01
  0.65836636E+00  0.74190153E+01
  0.67299673E+00  0.73101703E+01
  0.68762709E+00  0.72002685E+01
  0.70225745E+00  0.70894264E+01
  0.71688782E+00  0.69777889E+01
  0.73151818E+00  0.68655076E+01
  0.74614854E+00  0.67527163E+01
  0.76077891E+00  0.66395165E+01
  0.77540927E+00  0.65259851E+01
  0.79003963E+00  0.64121998E+01
  0.80467000E+00  0.62982668E+01
  0.81930036E+00  0.61843354E+01
  0.83393072E+00  0.60705845E+01
  0.84856109E+00  0.59571882E+01
  0.86319145E+00  0.58442751E+01
  0.87782182E+00  0.57319036E+01
  0.89245218E+00  0.56200666E+01
  0.90708254E+00  0.55087223E+01
  0.92171291E+00  0.53978344E+01
  0.93634327E+00  0.52874018E+01
  0.95097363E+00  0.51774629E+01
  0.96560400E+00  0.50680774E+01
  0.98023436E+00  0.49593009E+01
  0.99486472E+00  0.48511692E+01
  0.10094951E+01  0.47437026E+01
  0.10241255E+01  0.46369285E+01
  0.10387558E+01  0.45309080E+01
  0.10533862E+01  0.44257526E+01
  0.10680165E+01  0.43216210E+01
  0.10826469E+01  0.42186985E+01
  0.10972773E+01  0.41171666E+01
  0.11119076E+01  0.40171790E+01
  0.11265380E+01  0.39188539E+01
  0.11411684E+01  0.38222849E+01
  0.11557987E+01  0.37275673E+01
  0.11704291E+01  0.36348248E+01
  0.11850595E+01  0.35442274E+01
  0.11996898E+01  0.34559900E+01
  0.12143202E+01  0.33703549E+01
  0.12289505E+01  0.32875669E+01
  0.12435809E+01  0.32078539E+01
  0.12582113E+01  0.31314245E+01
  0.12728416E+01  0.30584835E+01
  0.12874720E+01  0.29892574E+01
  0.13021024E+01  0.29240173E+01
  0.13167327E+01  0.28630845E+01
  0.13313631E+01  0.28068151E+01
  0.13459935E+01  0.27555696E+01
  0.13606238E+01  0.27096791E+01
  0.13752542E+01  0.26694214E+01
  0.13898845E+01  0.26350155E+01
  0.14045149E+01  0.26066298E+01
  0.14191453E+01  0.25843975E+01
  0.14337756E+01  0.25684276E+01
  0.14484060E+01  0.25588069E+01
  0.14629695E+01  0.25555931E+01
  0.14775330E+01  0.25556268E+01
  0.14920966E+01  0.25557192E+01
  0.15066601E+01  0.25558495E+01
  0.15212236E+01  0.25559975E+01
  0.15357871E+01  0.25561559E+01
  0.15503507E+01  0.25563365E+01
  0.15649142E+01  0.25565628E+01
  0.15794777E+01  0.25568554E+01
  0.15940412E+01  0.25572134E+01
  0.16086048E+01  0.25576035E+01
  0.16231683E+01  0.25579626E+01
  0.16377318E+01  0.25582132E+01
  0.16522953E+01  0.25582858E+01
  0.16668589E+01  0.25581387E+01
  0.16814224E+01  0.25577644E+01
  0.16959859E+01  0.25571812E+01
  0.17105494E+01  0.25564110E+01
  0.17251130E+01  0.25554564E+01
  0.17396765E+01  0.25542839E+01
  0.17542400E+01  0.25528246E+01
  0.17688035E+01  0.25509880E+01
  0.17833671E+01  0.25486856E+01
  0.17979306E+01  0.25458507E+01
  0.18124941E+01  0.25424475E+01
  0.18270576E+01  0.25384643E+01
  0.18416212E+01  0.25338953E+01
  0.18561847E+01  0.25287210E+01
  0.18707482E+01  0.25228965E+01
  0.18853117E+01  0.25163532E+01
  0.18998753E+01  0.25090154E+01
  0.19144388E+01  0.25008213E+01
  0.19290023E+01  0.24917413E+01
  0.19435658E+01  0.24817847E+01
  0.19581294E+01  0.24709923E+01
  0.19726929E+01  0.24594203E+01
  0.19872564E+01  0.24471227E+01
  0.20018199E+01  0.24341417E+01
  0.20163835E+01  0.24205098E+01
  0.20309470E+01  0.24062613E+01
  0.20455105E+01  0.23914489E+01
  0.20600740E+01  0.23761555E+01
  0.20746376E+01  0.23604980E+01
  0.20892011E+01  0.23446210E+01
  0.21037646E+01  0.23286849E+01
  0.21183281E+01  0.23128540E+01
  0.21328917E+01  0.22972883E+01
  0.21474552E+01  0.22821422E+01
  0.21620187E+01  0.22675667E+01
  0.21765822E+01  0.22537135E+01
  0.21911458E+01  0.22407359E+01
  0.22057093E+01  0.22287873E+01
  0.22202728E+01  0.22180179E+01
  0.22348363E+01  0.22085698E+01
  0.22493999E+01  0.22005759E+01
  0.22639634E+01  0.21941602E+01
  0.22785269E+01  0.21894396E+01
  0.22930904E+01  0.21865268E+01
  0.23077806E+01  0.21855319E+01
  0.23224708E+01  0.21865824E+01
  0.23371609E+01  0.21898096E+01
  0.23518511E+01  0.21953289E+01
  0.23665412E+01  0.22032605E+01
  0.23812314E+01  0.22137299E+01
  0.23959216E+01  0.22268631E+01
  0.24106117E+01  0.22427788E+01
  0.24253019E+01  0.22615774E+01
  0.24399921E+01  0.22833337E+01
  0.24546822E+01  0.23080952E+01
  0.24693724E+01  0.23358899E+01
  0.24840626E+01  0.23667392E+01
  0.24987527E+01  0.24006680E+01
  0.25134429E+01  0.24377069E+01
  0.25281331E+01  0.24778807E+01
  0.25428232E+01  0.25211886E+01
  0.25575134E+01  0.25675866E+01
  0.25722035E+01  0.26169834E+01
  0.25868937E+01  0.26692555E+01
  0.26015839E+01  0.27242782E+01
  0.26162740E+01  0.27819582E+01
  0.26309642E+01  0.28422525E+01
  0.26456544E+01  0.29051612E+01
  0.26603445E+01  0.29706961E+01
  0.26750347E+01  0.30388383E+01
  0.26897249E+01  0.31095049E+01
  0.27044150E+01  0.31825411E+01
  0.27191052E+01  0.32577436E+01
  0.27337954E+01  0.33349054E+01
  0.27484855E+01  0.34138622E+01
  0.27631757E+01  0.34945207E+01
  0.27778658E+01  0.35768572E+01
  0.27925560E+01  0.36608898E+01
  0.28072462E+01  0.37466398E+01
  0.28219363E+01  0.38341002E+01
  0.28366265E+01  0.39232249E+01
  0.28513167E+01  0.40139401E+01
  0.28660068E+01  0.41061657E+01
  0.28806970E+01  0.41998337E+01
  0.28953872E+01  0.42948924E+01
  0.29100773E+01  0.43912952E+01
  0.29247675E+01  0.44889847E+01
  0.29394576E+01  0.45878843E+01
  0.29541478E+01  0.46879063E+01
  0.29688380E+01  0.47889722E+01
  0.29835281E+01  0.48910351E+01
  0.29982183E+01  0.49940868E+01
  0.30129085E+01  0.50981423E+01
  0.30275986E+01  0.52032055E+01
  0.30422888E+01  0.53092335E+01
  0.30569790E+01  0.54161174E+01
  0.30716691E+01  0.55236940E+01
  0.30863593E+01  0.56317823E+01
  0.31010495E+01  0.57402309E+01
  0.31157396E+01  0.58489485E+01
  0.31304298E+01  0.59579045E+01
  0.31451199E+01  0.60670956E+01
  0.31598101E+01  0.61764986E+01
  0.31745003E+01  0.62860323E+01
  0.31891904E+01  0.63955518E+01
  0.32038806E+01  0.65048800E+01
  0.32185708E+01  0.66138594E+01
  0.32332609E+01  0.67224002E+01
  0.32479511E+01  0.68304945E+01
  0.32626413E+01  0.69381882E+01
  0.32773314E+01  0.70455200E+01
  0.32920216E+01  0.71524580E+01
  0.33067118E+01  0.72588636E+01
  0.33214019E+01  0.73645042E+01
  0.33360921E+01  0.74691117E+01
  0.33507822E+01  0.75724602E+01
  0.33654724E+01  0.76744280E+01
  0.33801626E+01  0.77750141E+01
  0.33948527E+01  0.78743000E+01
  0.34095429E+01  0.79723734E+01
  0.34242331E+01  0.80692471E+01
  0.34389232E+01  0.81648102E+01
  0.34536134E+01  0.82588324E+01
  0.34683036E+01  0.83510208E+01
  0.34829937E+01  0.84411048E+01
  0.34976839E+01  0.85289158E+01
  0.35123740E+01  0.86144292E+01
  0.35270642E+01  0.86977556E+01
  0.35417544E+01  0.87790877E+01
  0.35564445E+01  0.88586240E+01
  0.35711347E+01  0.89364982E+01
  0.35858249E+01  0.90127350E+01
  0.36005150E+01  0.90872425E+01
  0.36152052E+01  0.91598351E+01
  0.36298954E+01  0.92302758E+01
  0.36445855E+01  0.92983221E+01
  0.36592757E+01  0.93637653E+01
  0.36739659E+01  0.94264559E+01
  0.36886560E+01  0.94863149E+01
  0.37033462E+01  0.95433306E+01
  0.37180363E+01  0.95975409E+01
  0.37327265E+01  0.96490055E+01
  0.37474167E+01  0.96977709E+01
  0.37621068E+01  0.97438379E+01
  0.37767970E+01  0.97871419E+01
  0.37914872E+01  0.98275562E+01
  0.38061773E+01  0.98649193E+01
  0.38208675E+01  0.98990823E+01
  0.38355577E+01  0.99299613E+01
  0.38502478E+01  0.99575767E+01
  0.38649380E+01  0.99820640E+01
  0.38796281E+01  0.10003649E+02
  0.38943183E+01  0.10022595E+02
  0.39090085E+01  0.10039133E+02
  0.39236986E+01  0.10053406E+02
  0.39383888E+01  0.10065428E+02
  0.39530790E+01  0.10075097E+02
  0.39677691E+01  0.10082225E+02
  0.39824593E+01  0.10086607E+02
  0.39970897E+01  0.10088088E+02
  
