1	0	-2.2591	2.2591	0	0	0
2	1	0.19099	0.19099	0.5	-0.86603	0
2	1	0.19099	0.19099	-0.5	0.86603	0
2	1	0.19099	0.19099	-1	0	0
2	1	0.19099	0.19099	1	0	0
2	1	0.19099	0.19099	-0.5	-0.86603	0
2	1	0.19099	0.19099	0.5	0.86603	0
3	1.7321	0.01482	0.01482	-1.5	0.86603	0
3	1.7321	0.01482	0.01482	1.5	-0.86603	0
3	1.7321	0.01482	0.01482	-6.1706e-09	-1.7321	0
3	1.7321	0.01482	0.01482	6.1706e-09	1.7321	0
3	1.7321	0.01482	0.01482	-1.5	-0.86603	0
3	1.7321	0.01482	0.01482	1.5	0.86603	0
4	2	-0.037248	0.037248	1	-1.7321	0
4	2	-0.037248	0.037248	-1	1.7321	0
4	2	-0.037248	0.037248	-2	0	0
4	2	-0.037248	0.037248	2	0	0
4	2	-0.037248	0.037248	-1	-1.7321	0
4	2	-0.037248	0.037248	1	1.7321	0
5	2.6458	-0.002554	0.002554	-2	1.7321	0
5	2.6458	-0.002554	0.002554	2	-1.7321	0
5	2.6458	-0.002554	0.002554	-2.5	0.86603	0
5	2.6458	-0.002554	0.002554	2.5	-0.86603	0
5	2.6458	-0.002554	0.002554	0.5	-2.5981	0
5	2.6458	-0.002554	0.002554	-0.5	2.5981	0
5	2.6458	-0.002554	0.002554	-0.5	-2.5981	0
5	2.6458	-0.002554	0.002554	0.5	2.5981	0
5	2.6458	-0.002554	0.002554	-2.5	-0.86603	0
5	2.6458	-0.002554	0.002554	2.5	0.86603	0
5	2.6458	-0.002554	0.002554	-2	-1.7321	0
5	2.6458	-0.002554	0.002554	2	1.7321	0
6	3	-0.00415	0.00415	1.5	-2.5981	0
6	3	-0.00415	0.00415	-1.5	2.5981	0
6	3	-0.00415	0.00415	-3	0	0
6	3	-0.00415	0.00415	3	0	0
6	3	-0.00415	0.00415	-1.5	-2.5981	0
6	3	-0.00415	0.00415	1.5	2.5981	0
7	3.4641	0.000335	0.000335	-3	1.7321	0
7	3.4641	0.000335	0.000335	3	-1.7321	0
7	3.4641	0.000335	0.000335	-1.2341e-08	-3.4641	0
7	3.4641	0.000335	0.000335	1.2341e-08	3.4641	0
7	3.4641	0.000335	0.000335	-3	-1.7321	0
7	3.4641	0.000335	0.000335	3	1.7321	0
8	3.6056	-0.000604	0.000604	2.5	-2.5981	0
8	3.6056	-0.000604	0.000604	-2.5	2.5981	0
8	3.6056	-0.000604	0.000604	-3.5	0.86603	0
8	3.6056	-0.000604	0.000604	3.5	-0.86603	0
8	3.6056	-0.000604	0.000604	1	-3.4641	0
8	3.6056	-0.000604	0.000604	-1	3.4641	0
8	3.6056	-0.000604	0.000604	-3.5	-0.86603	0
8	3.6056	-0.000604	0.000604	3.5	0.86603	0
8	3.6056	-0.000604	0.000604	-1	-3.4641	0
8	3.6056	-0.000604	0.000604	1	3.4641	0
8	3.6056	-0.000604	0.000604	-2.5	-2.5981	0
8	3.6056	-0.000604	0.000604	2.5	2.5981	0
9	4	0.000208	0.000208	2	-3.4641	0
9	4	0.000208	0.000208	-2	3.4641	0
9	4	0.000208	0.000208	-4	0	0
9	4	0.000208	0.000208	4	0	0
9	4	0.000208	0.000208	-2	-3.4641	0
9	4	0.000208	0.000208	2	3.4641	0
10	4.3589	0.000228	0.000228	-3.5	2.5981	0
10	4.3589	0.000228	0.000228	3.5	-2.5981	0
10	4.3589	0.000228	0.000228	-4	1.7321	0
10	4.3589	0.000228	0.000228	4	-1.7321	0
10	4.3589	0.000228	0.000228	0.5	-4.3301	0
10	4.3589	0.000228	0.000228	-0.5	4.3301	0
10	4.3589	0.000228	0.000228	-0.5	-4.3301	0
10	4.3589	0.000228	0.000228	0.5	4.3301	0
10	4.3589	0.000228	0.000228	-4	-1.7321	0
10	4.3589	0.000228	0.000228	4	1.7321	0
10	4.3589	0.000228	0.000228	-3.5	-2.5981	0
10	4.3589	0.000228	0.000228	3.5	2.5981	0
11	4.5826	1.4e-05	1.4e-05	3	-3.4641	0
11	4.5826	1.4e-05	1.4e-05	-3	3.4641	0
11	4.5826	1.4e-05	1.4e-05	1.5	-4.3301	0
11	4.5826	1.4e-05	1.4e-05	-1.5	4.3301	0
11	4.5826	1.4e-05	1.4e-05	-4.5	0.86603	0
11	4.5826	1.4e-05	1.4e-05	4.5	-0.86603	0
11	4.5826	1.4e-05	1.4e-05	-4.5	-0.86603	0
11	4.5826	1.4e-05	1.4e-05	4.5	0.86603	0
11	4.5826	1.4e-05	1.4e-05	-1.5	-4.3301	0
11	4.5826	1.4e-05	1.4e-05	1.5	4.3301	0
11	4.5826	1.4e-05	1.4e-05	-3	-3.4641	0
11	4.5826	1.4e-05	1.4e-05	3	3.4641	0
12	5	0.000139	0.000139	2.5	-4.3301	0
12	5	0.000139	0.000139	-2.5	4.3301	0
12	5	0.000139	0.000139	-5	0	0
12	5	0.000139	0.000139	5	0	0
12	5	0.000139	0.000139	-2.5	-4.3301	0
12	5	0.000139	0.000139	2.5	4.3301	0
13	5.1962	6.3e-05	6.3e-05	-4.5	2.5981	0
13	5.1962	6.3e-05	6.3e-05	4.5	-2.5981	0
13	5.1962	6.3e-05	6.3e-05	-1.8512e-08	-5.1962	0
13	5.1962	6.3e-05	6.3e-05	1.8512e-08	5.1962	0
13	5.1962	6.3e-05	6.3e-05	-4.5	-2.5981	0
13	5.1962	6.3e-05	6.3e-05	4.5	2.5981	0
14	5.2915	7.5e-05	7.5e-05	4	-3.4641	0
14	5.2915	7.5e-05	7.5e-05	-4	3.4641	0
14	5.2915	7.5e-05	7.5e-05	-5	1.7321	0
14	5.2915	7.5e-05	7.5e-05	5	-1.7321	0
14	5.2915	7.5e-05	7.5e-05	1	-5.1962	0
14	5.2915	7.5e-05	7.5e-05	-1	5.1962	0
14	5.2915	7.5e-05	7.5e-05	-1	-5.1962	0
14	5.2915	7.5e-05	7.5e-05	1	5.1962	0
14	5.2915	7.5e-05	7.5e-05	-5	-1.7321	0
14	5.2915	7.5e-05	7.5e-05	5	1.7321	0
14	5.2915	7.5e-05	7.5e-05	-4	-3.4641	0
14	5.2915	7.5e-05	7.5e-05	4	3.4641	0
15	5.5678	-6e-05	6e-05	-3.5	4.3301	0
15	5.5678	-6e-05	6e-05	3.5	-4.3301	0
15	5.5678	-6e-05	6e-05	2	-5.1962	0
15	5.5678	-6e-05	6e-05	-2	5.1962	0
15	5.5678	-6e-05	6e-05	-5.5	0.86603	0
15	5.5678	-6e-05	6e-05	5.5	-0.86603	0
15	5.5678	-6e-05	6e-05	-5.5	-0.86603	0
15	5.5678	-6e-05	6e-05	5.5	0.86603	0
15	5.5678	-6e-05	6e-05	-2	-5.1962	0
15	5.5678	-6e-05	6e-05	2	5.1962	0
15	5.5678	-6e-05	6e-05	-3.5	-4.3301	0
15	5.5678	-6e-05	6e-05	3.5	4.3301	0
16	6	3.1e-05	3.1e-05	3	-5.1962	0
16	6	3.1e-05	3.1e-05	-3	5.1962	0
16	6	3.1e-05	3.1e-05	-6	0	0
16	6	3.1e-05	3.1e-05	6	0	0
16	6	3.1e-05	3.1e-05	-3	-5.1962	0
16	6	3.1e-05	3.1e-05	3	5.1962	0
17	6.0828	-4.5e-05	4.5e-05	-5	3.4641	0
17	6.0828	-4.5e-05	4.5e-05	5	-3.4641	0
17	6.0828	-4.5e-05	4.5e-05	-5.5	2.5981	0
17	6.0828	-4.5e-05	4.5e-05	5.5	-2.5981	0
17	6.0828	-4.5e-05	4.5e-05	0.5	-6.0622	0
17	6.0828	-4.5e-05	4.5e-05	-0.5	6.0622	0
17	6.0828	-4.5e-05	4.5e-05	-0.5	-6.0622	0
17	6.0828	-4.5e-05	4.5e-05	0.5	6.0622	0
17	6.0828	-4.5e-05	4.5e-05	-5.5	-2.5981	0
17	6.0828	-4.5e-05	4.5e-05	5.5	2.5981	0
17	6.0828	-4.5e-05	4.5e-05	-5	-3.4641	0
17	6.0828	-4.5e-05	4.5e-05	5	3.4641	0
18	6.245	5.9e-05	5.9e-05	-4.5	4.3301	0
18	6.245	5.9e-05	5.9e-05	4.5	-4.3301	0
18	6.245	5.9e-05	5.9e-05	-6	1.7321	0
18	6.245	5.9e-05	5.9e-05	6	-1.7321	0
18	6.245	5.9e-05	5.9e-05	1.5	-6.0622	0
18	6.245	5.9e-05	5.9e-05	-1.5	6.0622	0
18	6.245	5.9e-05	5.9e-05	-6	-1.7321	0
18	6.245	5.9e-05	5.9e-05	6	1.7321	0
18	6.245	5.9e-05	5.9e-05	-1.5	-6.0622	0
18	6.245	5.9e-05	5.9e-05	1.5	6.0622	0
18	6.245	5.9e-05	5.9e-05	-4.5	-4.3301	0
18	6.245	5.9e-05	5.9e-05	4.5	4.3301	0
19	6.5574	1.3e-05	1.3e-05	-4	5.1962	0
19	6.5574	1.3e-05	1.3e-05	4	-5.1962	0
19	6.5574	1.3e-05	1.3e-05	2.5	-6.0622	0
19	6.5574	1.3e-05	1.3e-05	-2.5	6.0622	0
19	6.5574	1.3e-05	1.3e-05	-6.5	0.86603	0
19	6.5574	1.3e-05	1.3e-05	6.5	-0.86603	0
19	6.5574	1.3e-05	1.3e-05	-6.5	-0.86603	0
19	6.5574	1.3e-05	1.3e-05	6.5	0.86603	0
19	6.5574	1.3e-05	1.3e-05	-2.5	-6.0622	0
19	6.5574	1.3e-05	1.3e-05	2.5	6.0622	0
19	6.5574	1.3e-05	1.3e-05	-4	-5.1962	0
19	6.5574	1.3e-05	1.3e-05	4	5.1962	0
20	6.9282	-0.000108	0.000108	-6	3.4641	0
20	6.9282	-0.000108	0.000108	6	-3.4641	0
20	6.9282	-0.000108	0.000108	-2.4682e-08	-6.9282	0
20	6.9282	-0.000108	0.000108	2.4682e-08	6.9282	0
20	6.9282	-0.000108	0.000108	-6	-3.4641	0
20	6.9282	-0.000108	0.000108	6	3.4641	0
21	7	-7.5e-05	7.5e-05	-5.5	4.3301	0
21	7	-7.5e-05	7.5e-05	5.5	-4.3301	0
21	7	-7.5e-05	7.5e-05	-6.5	2.5981	0
21	7	-7.5e-05	7.5e-05	6.5	-2.5981	0
21	7	-7.5e-05	7.5e-05	1	-6.9282	0
21	7	-7.5e-05	7.5e-05	-1	6.9282	0
21	7	-7.5e-05	7.5e-05	-1	-6.9282	0
21	7	-7.5e-05	7.5e-05	1	6.9282	0
21	7	-7.5e-05	7.5e-05	-6.5	-2.5981	0
21	7	-7.5e-05	7.5e-05	6.5	2.5981	0
21	7	-7.5e-05	7.5e-05	-5.5	-4.3301	0
21	7	-7.5e-05	7.5e-05	5.5	4.3301	0
21	7	-5.6e-05	5.6e-05	3.5	-6.0622	0
21	7	-5.6e-05	5.6e-05	-3.5	6.0622	0
21	7	-5.6e-05	5.6e-05	-7	0	0
21	7	-5.6e-05	5.6e-05	7	0	0
21	7	-5.6e-05	5.6e-05	-3.5	-6.0622	0
21	7	-5.6e-05	5.6e-05	3.5	6.0622	0
22	7.2111	-2.4e-05	2.4e-05	-5	5.1962	0
22	7.2111	-2.4e-05	2.4e-05	5	-5.1962	0
22	7.2111	-2.4e-05	2.4e-05	-7	1.7321	0
22	7.2111	-2.4e-05	2.4e-05	7	-1.7321	0
22	7.2111	-2.4e-05	2.4e-05	2	-6.9282	0
22	7.2111	-2.4e-05	2.4e-05	-2	6.9282	0
22	7.2111	-2.4e-05	2.4e-05	-7	-1.7321	0
22	7.2111	-2.4e-05	2.4e-05	7	1.7321	0
22	7.2111	-2.4e-05	2.4e-05	-2	-6.9282	0
22	7.2111	-2.4e-05	2.4e-05	2	6.9282	0
22	7.2111	-2.4e-05	2.4e-05	-5	-5.1962	0
22	7.2111	-2.4e-05	2.4e-05	5	5.1962	0
23	7.5498	1.3e-05	1.3e-05	-4.5	6.0622	0
23	7.5498	1.3e-05	1.3e-05	4.5	-6.0622	0
23	7.5498	1.3e-05	1.3e-05	3	-6.9282	0
23	7.5498	1.3e-05	1.3e-05	-3	6.9282	0
23	7.5498	1.3e-05	1.3e-05	-7.5	0.86603	0
23	7.5498	1.3e-05	1.3e-05	7.5	-0.86603	0
23	7.5498	1.3e-05	1.3e-05	-7.5	-0.86603	0
23	7.5498	1.3e-05	1.3e-05	7.5	0.86603	0
23	7.5498	1.3e-05	1.3e-05	-3	-6.9282	0
23	7.5498	1.3e-05	1.3e-05	3	6.9282	0
23	7.5498	1.3e-05	1.3e-05	-4.5	-6.0622	0
23	7.5498	1.3e-05	1.3e-05	4.5	6.0622	0
24	7.8102	-2.5e-05	2.5e-05	-6.5	4.3301	0
24	7.8102	-2.5e-05	2.5e-05	6.5	-4.3301	0
24	7.8102	-2.5e-05	2.5e-05	7	-3.4641	0
24	7.8102	-2.5e-05	2.5e-05	-7	3.4641	0
24	7.8102	-2.5e-05	2.5e-05	0.5	-7.7942	0
24	7.8102	-2.5e-05	2.5e-05	-0.5	7.7942	0
24	7.8102	-2.5e-05	2.5e-05	-0.5	-7.7942	0
24	7.8102	-2.5e-05	2.5e-05	0.5	7.7942	0
24	7.8102	-2.5e-05	2.5e-05	-7	-3.4641	0
24	7.8102	-2.5e-05	2.5e-05	7	3.4641	0
24	7.8102	-2.5e-05	2.5e-05	-6.5	-4.3301	0
24	7.8102	-2.5e-05	2.5e-05	6.5	4.3301	0
25	7.9373	-1.7e-05	1.7e-05	-6	5.1962	0
25	7.9373	-1.7e-05	1.7e-05	6	-5.1962	0
25	7.9373	-1.7e-05	1.7e-05	-7.5	2.5981	0
25	7.9373	-1.7e-05	1.7e-05	7.5	-2.5981	0
25	7.9373	-1.7e-05	1.7e-05	1.5	-7.7942	0
25	7.9373	-1.7e-05	1.7e-05	-1.5	7.7942	0
25	7.9373	-1.7e-05	1.7e-05	-1.5	-7.7942	0
25	7.9373	-1.7e-05	1.7e-05	1.5	7.7942	0
25	7.9373	-1.7e-05	1.7e-05	-7.5	-2.5981	0
25	7.9373	-1.7e-05	1.7e-05	7.5	2.5981	0
25	7.9373	-1.7e-05	1.7e-05	-6	-5.1962	0
25	7.9373	-1.7e-05	1.7e-05	6	5.1962	0
26	8	-2e-05	2e-05	4	-6.9282	0
26	8	-2e-05	2e-05	-4	6.9282	0
26	8	-2e-05	2e-05	-8	0	0
26	8	-2e-05	2e-05	8	0	0
26	8	-2e-05	2e-05	-4	-6.9282	0
26	8	-2e-05	2e-05	4	6.9282	0
27	8.1854	-7e-05	7e-05	-5.5	6.0622	0
27	8.1854	-7e-05	7e-05	5.5	-6.0622	0
27	8.1854	-7e-05	7e-05	2.5	-7.7942	0
27	8.1854	-7e-05	7e-05	-2.5	7.7942	0
27	8.1854	-7e-05	7e-05	-8	1.7321	0
27	8.1854	-7e-05	7e-05	8	-1.7321	0
27	8.1854	-7e-05	7e-05	-8	-1.7321	0
27	8.1854	-7e-05	7e-05	8	1.7321	0
27	8.1854	-7e-05	7e-05	-2.5	-7.7942	0
27	8.1854	-7e-05	7e-05	2.5	7.7942	0
27	8.1854	-7e-05	7e-05	-5.5	-6.0622	0
27	8.1854	-7e-05	7e-05	5.5	6.0622	0
28	8.544	7e-06	7e-06	-5	6.9282	0
28	8.544	7e-06	7e-06	5	-6.9282	0
28	8.544	7e-06	7e-06	3.5	-7.7942	0
28	8.544	7e-06	7e-06	-3.5	7.7942	0
28	8.544	7e-06	7e-06	-8.5	0.86603	0
28	8.544	7e-06	7e-06	8.5	-0.86603	0
28	8.544	7e-06	7e-06	-8.5	-0.86603	0
28	8.544	7e-06	7e-06	8.5	0.86603	0
28	8.544	7e-06	7e-06	-3.5	-7.7942	0
28	8.544	7e-06	7e-06	3.5	7.7942	0
28	8.544	7e-06	7e-06	-5	-6.9282	0
28	8.544	7e-06	7e-06	5	6.9282	0
29	8.6603	-3.3e-05	3.3e-05	-7.5	4.3301	0
29	8.6603	-3.3e-05	3.3e-05	7.5	-4.3301	0
29	8.6603	-3.3e-05	3.3e-05	-3.0853e-08	-8.6603	0
29	8.6603	-3.3e-05	3.3e-05	3.0853e-08	8.6603	0
29	8.6603	-3.3e-05	3.3e-05	-7.5	-4.3301	0
29	8.6603	-3.3e-05	3.3e-05	7.5	4.3301	0
30	8.7178	-1.1e-05	1.1e-05	-7	5.1962	0
30	8.7178	-1.1e-05	1.1e-05	7	-5.1962	0
30	8.7178	-1.1e-05	1.1e-05	-8	3.4641	0
30	8.7178	-1.1e-05	1.1e-05	8	-3.4641	0
30	8.7178	-1.1e-05	1.1e-05	1	-8.6603	0
30	8.7178	-1.1e-05	1.1e-05	-1	8.6603	0
30	8.7178	-1.1e-05	1.1e-05	-1	-8.6603	0
30	8.7178	-1.1e-05	1.1e-05	1	8.6603	0
30	8.7178	-1.1e-05	1.1e-05	-8	-3.4641	0
30	8.7178	-1.1e-05	1.1e-05	8	3.4641	0
30	8.7178	-1.1e-05	1.1e-05	-7	-5.1962	0
30	8.7178	-1.1e-05	1.1e-05	7	5.1962	0
31	8.8882	-2.5e-05	2.5e-05	-6.5	6.0622	0
31	8.8882	-2.5e-05	2.5e-05	6.5	-6.0622	0
31	8.8882	-2.5e-05	2.5e-05	-8.5	2.5981	0
31	8.8882	-2.5e-05	2.5e-05	8.5	-2.5981	0
31	8.8882	-2.5e-05	2.5e-05	2	-8.6603	0
31	8.8882	-2.5e-05	2.5e-05	-2	8.6603	0
31	8.8882	-2.5e-05	2.5e-05	-2	-8.6603	0
31	8.8882	-2.5e-05	2.5e-05	2	8.6603	0
31	8.8882	-2.5e-05	2.5e-05	-8.5	-2.5981	0
31	8.8882	-2.5e-05	2.5e-05	8.5	2.5981	0
31	8.8882	-2.5e-05	2.5e-05	-6.5	-6.0622	0
31	8.8882	-2.5e-05	2.5e-05	6.5	6.0622	0
32	9	-5e-06	5e-06	4.5	-7.7942	0
32	9	-5e-06	5e-06	-4.5	7.7942	0
32	9	-5e-06	5e-06	-9	0	0
32	9	-5e-06	5e-06	9	0	0
32	9	-5e-06	5e-06	-4.5	-7.7942	0
32	9	-5e-06	5e-06	4.5	7.7942	0
33	9.1652	-1.4e-05	1.4e-05	6	-6.9282	0
33	9.1652	-1.4e-05	1.4e-05	-6	6.9282	0
33	9.1652	-1.4e-05	1.4e-05	3	-8.6603	0
33	9.1652	-1.4e-05	1.4e-05	-3	8.6603	0
33	9.1652	-1.4e-05	1.4e-05	-9	1.7321	0
33	9.1652	-1.4e-05	1.4e-05	9	-1.7321	0
33	9.1652	-1.4e-05	1.4e-05	-9	-1.7321	0
33	9.1652	-1.4e-05	1.4e-05	9	1.7321	0
33	9.1652	-1.4e-05	1.4e-05	-3	-8.6603	0
33	9.1652	-1.4e-05	1.4e-05	3	8.6603	0
33	9.1652	-1.4e-05	1.4e-05	-6	-6.9282	0
33	9.1652	-1.4e-05	1.4e-05	6	6.9282	0
34	9.5394	3.1e-05	3.1e-05	-8	5.1962	0
34	9.5394	3.1e-05	3.1e-05	8	-5.1962	0
34	9.5394	3.1e-05	3.1e-05	-8.5	4.3301	0
34	9.5394	3.1e-05	3.1e-05	8.5	-4.3301	0
34	9.5394	3.1e-05	3.1e-05	0.5	-9.5263	0
34	9.5394	3.1e-05	3.1e-05	-0.5	9.5263	0
34	9.5394	3.1e-05	3.1e-05	-0.5	-9.5263	0
34	9.5394	3.1e-05	3.1e-05	0.5	9.5263	0
34	9.5394	3.1e-05	3.1e-05	-8.5	-4.3301	0
34	9.5394	3.1e-05	3.1e-05	8.5	4.3301	0
34	9.5394	3.1e-05	3.1e-05	-8	-5.1962	0
34	9.5394	3.1e-05	3.1e-05	8	5.1962	0
34	9.5394	1.9e-05	1.9e-05	5.5	-7.7942	0
34	9.5394	1.9e-05	1.9e-05	-5.5	7.7942	0
34	9.5394	1.9e-05	1.9e-05	4	-8.6603	0
34	9.5394	1.9e-05	1.9e-05	-4	8.6603	0
34	9.5394	1.9e-05	1.9e-05	-9.5	0.86603	0
34	9.5394	1.9e-05	1.9e-05	9.5	-0.86603	0
34	9.5394	1.9e-05	1.9e-05	-9.5	-0.86603	0
34	9.5394	1.9e-05	1.9e-05	9.5	0.86603	0
34	9.5394	1.9e-05	1.9e-05	-4	-8.6603	0
34	9.5394	1.9e-05	1.9e-05	4	8.6603	0
34	9.5394	1.9e-05	1.9e-05	-5.5	-7.7942	0
34	9.5394	1.9e-05	1.9e-05	5.5	7.7942	0
35	9.6437	-2.8e-05	2.8e-05	-7.5	6.0622	0
35	9.6437	-2.8e-05	2.8e-05	7.5	-6.0622	0
35	9.6437	-2.8e-05	2.8e-05	-9	3.4641	0
35	9.6437	-2.8e-05	2.8e-05	9	-3.4641	0
35	9.6437	-2.8e-05	2.8e-05	1.5	-9.5263	0
35	9.6437	-2.8e-05	2.8e-05	-1.5	9.5263	0
35	9.6437	-2.8e-05	2.8e-05	-1.5	-9.5263	0
35	9.6437	-2.8e-05	2.8e-05	1.5	9.5263	0
35	9.6437	-2.8e-05	2.8e-05	-9	-3.4641	0
35	9.6437	-2.8e-05	2.8e-05	9	3.4641	0
35	9.6437	-2.8e-05	2.8e-05	-7.5	-6.0622	0
35	9.6437	-2.8e-05	2.8e-05	7.5	6.0622	0
36	9.8489	1.4e-05	1.4e-05	-7	6.9282	0
36	9.8489	1.4e-05	1.4e-05	7	-6.9282	0
36	9.8489	1.4e-05	1.4e-05	-9.5	2.5981	0
36	9.8489	1.4e-05	1.4e-05	9.5	-2.5981	0
36	9.8489	1.4e-05	1.4e-05	2.5	-9.5263	0
36	9.8489	1.4e-05	1.4e-05	-2.5	9.5263	0
36	9.8489	1.4e-05	1.4e-05	-9.5	-2.5981	0
36	9.8489	1.4e-05	1.4e-05	9.5	2.5981	0
36	9.8489	1.4e-05	1.4e-05	-2.5	-9.5263	0
36	9.8489	1.4e-05	1.4e-05	2.5	9.5263	0
36	9.8489	1.4e-05	1.4e-05	-7	-6.9282	0
36	9.8489	1.4e-05	1.4e-05	7	6.9282	0
37	10	5e-06	5e-06	5	-8.6603	0
37	10	5e-06	5e-06	-5	8.6603	0
37	10	5e-06	5e-06	-10	0	0
37	10	5e-06	5e-06	10	0	0
37	10	5e-06	5e-06	-5	-8.6603	0
37	10	5e-06	5e-06	5	8.6603	0
38	10.149	-1.1e-05	1.1e-05	-6.5	7.7942	0
38	10.149	-1.1e-05	1.1e-05	6.5	-7.7942	0
38	10.149	-1.1e-05	1.1e-05	3.5	-9.5263	0
38	10.149	-1.1e-05	1.1e-05	-3.5	9.5263	0
38	10.149	-1.1e-05	1.1e-05	-10	1.7321	0
38	10.149	-1.1e-05	1.1e-05	10	-1.7321	0
38	10.149	-1.1e-05	1.1e-05	-10	-1.7321	0
38	10.149	-1.1e-05	1.1e-05	10	1.7321	0
38	10.149	-1.1e-05	1.1e-05	-3.5	-9.5263	0
38	10.149	-1.1e-05	1.1e-05	3.5	9.5263	0
38	10.149	-1.1e-05	1.1e-05	-6.5	-7.7942	0
38	10.149	-1.1e-05	1.1e-05	6.5	7.7942	0
39	10.392	5.3e-05	5.3e-05	-9	5.1962	0
39	10.392	5.3e-05	5.3e-05	9	-5.1962	0
39	10.392	5.3e-05	5.3e-05	-3.7024e-08	-10.392	0
39	10.392	5.3e-05	5.3e-05	3.7024e-08	10.392	0
39	10.392	5.3e-05	5.3e-05	-9	-5.1962	0
39	10.392	5.3e-05	5.3e-05	9	5.1962	0
40	10.44	3.5e-05	3.5e-05	-8.5	6.0622	0
40	10.44	3.5e-05	3.5e-05	8.5	-6.0622	0
40	10.44	3.5e-05	3.5e-05	-9.5	4.3301	0
40	10.44	3.5e-05	3.5e-05	9.5	-4.3301	0
40	10.44	3.5e-05	3.5e-05	1	-10.392	0
40	10.44	3.5e-05	3.5e-05	-1	10.392	0
40	10.44	3.5e-05	3.5e-05	-1	-10.392	0
40	10.44	3.5e-05	3.5e-05	1	10.392	0
40	10.44	3.5e-05	3.5e-05	-9.5	-4.3301	0
40	10.44	3.5e-05	3.5e-05	9.5	4.3301	0
40	10.44	3.5e-05	3.5e-05	-8.5	-6.0622	0
40	10.44	3.5e-05	3.5e-05	8.5	6.0622	0
41	10.536	-2.6e-05	2.6e-05	-6	8.6603	0
41	10.536	-2.6e-05	2.6e-05	6	-8.6603	0
41	10.536	-2.6e-05	2.6e-05	4.5	-9.5263	0
41	10.536	-2.6e-05	2.6e-05	-4.5	9.5263	0
41	10.536	-2.6e-05	2.6e-05	-10.5	0.86603	0
41	10.536	-2.6e-05	2.6e-05	10.5	-0.86603	0
41	10.536	-2.6e-05	2.6e-05	-10.5	-0.86603	0
41	10.536	-2.6e-05	2.6e-05	10.5	0.86603	0
41	10.536	-2.6e-05	2.6e-05	-4.5	-9.5263	0
41	10.536	-2.6e-05	2.6e-05	4.5	9.5263	0
41	10.536	-2.6e-05	2.6e-05	-6	-8.6603	0
41	10.536	-2.6e-05	2.6e-05	6	8.6603	0
42	10.583	5e-06	5e-06	8	-6.9282	0
42	10.583	5e-06	5e-06	-8	6.9282	0
42	10.583	5e-06	5e-06	-10	3.4641	0
42	10.583	5e-06	5e-06	10	-3.4641	0
42	10.583	5e-06	5e-06	2	-10.392	0
42	10.583	5e-06	5e-06	-2	10.392	0
42	10.583	5e-06	5e-06	-2	-10.392	0
42	10.583	5e-06	5e-06	2	10.392	0
42	10.583	5e-06	5e-06	-10	-3.4641	0
42	10.583	5e-06	5e-06	10	3.4641	0
42	10.583	5e-06	5e-06	-8	-6.9282	0
42	10.583	5e-06	5e-06	8	6.9282	0
43	10.817	2.6e-05	2.6e-05	-7.5	7.7942	0
43	10.817	2.6e-05	2.6e-05	7.5	-7.7942	0
43	10.817	2.6e-05	2.6e-05	-10.5	2.5981	0
43	10.817	2.6e-05	2.6e-05	10.5	-2.5981	0
43	10.817	2.6e-05	2.6e-05	3	-10.392	0
43	10.817	2.6e-05	2.6e-05	-3	10.392	0
43	10.817	2.6e-05	2.6e-05	-10.5	-2.5981	0
43	10.817	2.6e-05	2.6e-05	10.5	2.5981	0
43	10.817	2.6e-05	2.6e-05	-3	-10.392	0
43	10.817	2.6e-05	2.6e-05	3	10.392	0
43	10.817	2.6e-05	2.6e-05	-7.5	-7.7942	0
43	10.817	2.6e-05	2.6e-05	7.5	7.7942	0
44	11	1e-05	1e-05	5.5	-9.5263	0
44	11	1e-05	1e-05	-5.5	9.5263	0
44	11	1e-05	1e-05	-11	0	0
44	11	1e-05	1e-05	11	0	0
44	11	1e-05	1e-05	-5.5	-9.5263	0
44	11	1e-05	1e-05	5.5	9.5263	0
45	11.136	-8e-06	8e-06	-7	8.6603	0
45	11.136	-8e-06	8e-06	7	-8.6603	0
45	11.136	-8e-06	8e-06	4	-10.392	0
45	11.136	-8e-06	8e-06	-4	10.392	0
45	11.136	-8e-06	8e-06	-11	1.7321	0
45	11.136	-8e-06	8e-06	11	-1.7321	0
45	11.136	-8e-06	8e-06	-11	-1.7321	0
45	11.136	-8e-06	8e-06	11	1.7321	0
45	11.136	-8e-06	8e-06	-4	-10.392	0
45	11.136	-8e-06	8e-06	4	10.392	0
45	11.136	-8e-06	8e-06	-7	-8.6603	0
45	11.136	-8e-06	8e-06	7	8.6603	0
46	11.269	2.2e-05	2.2e-05	-9.5	6.0622	0
46	11.269	2.2e-05	2.2e-05	9.5	-6.0622	0
46	11.269	2.2e-05	2.2e-05	-10	5.1962	0
46	11.269	2.2e-05	2.2e-05	10	-5.1962	0
46	11.269	2.2e-05	2.2e-05	0.5	-11.258	0
46	11.269	2.2e-05	2.2e-05	-0.5	11.258	0
46	11.269	2.2e-05	2.2e-05	-0.5	-11.258	0
46	11.269	2.2e-05	2.2e-05	0.5	11.258	0
46	11.269	2.2e-05	2.2e-05	-10	-5.1962	0
46	11.269	2.2e-05	2.2e-05	10	5.1962	0
46	11.269	2.2e-05	2.2e-05	-9.5	-6.0622	0
46	11.269	2.2e-05	2.2e-05	9.5	6.0622	0
47	11.358	-1.5e-05	1.5e-05	-9	6.9282	0
47	11.358	-1.5e-05	1.5e-05	9	-6.9282	0
47	11.358	-1.5e-05	1.5e-05	-10.5	4.3301	0
47	11.358	-1.5e-05	1.5e-05	10.5	-4.3301	0
47	11.358	-1.5e-05	1.5e-05	1.5	-11.258	0
47	11.358	-1.5e-05	1.5e-05	-1.5	11.258	0
47	11.358	-1.5e-05	1.5e-05	-1.5	-11.258	0
47	11.358	-1.5e-05	1.5e-05	1.5	11.258	0
47	11.358	-1.5e-05	1.5e-05	-10.5	-4.3301	0
47	11.358	-1.5e-05	1.5e-05	10.5	4.3301	0
47	11.358	-1.5e-05	1.5e-05	-9	-6.9282	0
47	11.358	-1.5e-05	1.5e-05	9	6.9282	0
48	11.533	-1.1e-05	1.1e-05	-8.5	7.7942	0
48	11.533	-1.1e-05	1.1e-05	8.5	-7.7942	0
48	11.533	-1.1e-05	1.1e-05	-11	3.4641	0
48	11.533	-1.1e-05	1.1e-05	11	-3.4641	0
48	11.533	-1.1e-05	1.1e-05	2.5	-11.258	0
48	11.533	-1.1e-05	1.1e-05	-2.5	11.258	0
48	11.533	-1.1e-05	1.1e-05	-2.5	-11.258	0
48	11.533	-1.1e-05	1.1e-05	2.5	11.258	0
48	11.533	-1.1e-05	1.1e-05	-11	-3.4641	0
48	11.533	-1.1e-05	1.1e-05	11	3.4641	0
48	11.533	-1.1e-05	1.1e-05	-8.5	-7.7942	0
48	11.533	-1.1e-05	1.1e-05	8.5	7.7942	0
48	11.533	-7e-06	7e-06	-6.5	9.5263	0
48	11.533	-7e-06	7e-06	6.5	-9.5263	0
48	11.533	-7e-06	7e-06	5	-10.392	0
48	11.533	-7e-06	7e-06	-5	10.392	0
48	11.533	-7e-06	7e-06	-11.5	0.86603	0
48	11.533	-7e-06	7e-06	11.5	-0.86603	0
48	11.533	-7e-06	7e-06	-11.5	-0.86603	0
48	11.533	-7e-06	7e-06	11.5	0.86603	0
48	11.533	-7e-06	7e-06	-5	-10.392	0
48	11.533	-7e-06	7e-06	5	10.392	0
48	11.533	-7e-06	7e-06	-6.5	-9.5263	0
48	11.533	-7e-06	7e-06	6.5	9.5263	0
49	11.79	-3.1e-05	3.1e-05	-8	8.6603	0
49	11.79	-3.1e-05	3.1e-05	8	-8.6603	0
49	11.79	-3.1e-05	3.1e-05	3.5	-11.258	0
49	11.79	-3.1e-05	3.1e-05	-3.5	11.258	0
49	11.79	-3.1e-05	3.1e-05	-11.5	2.5981	0
49	11.79	-3.1e-05	3.1e-05	11.5	-2.5981	0
49	11.79	-3.1e-05	3.1e-05	-11.5	-2.5981	0
49	11.79	-3.1e-05	3.1e-05	11.5	2.5981	0
49	11.79	-3.1e-05	3.1e-05	-3.5	-11.258	0
49	11.79	-3.1e-05	3.1e-05	3.5	11.258	0
49	11.79	-3.1e-05	3.1e-05	-8	-8.6603	0
49	11.79	-3.1e-05	3.1e-05	8	8.6603	0
50	12	1.2e-05	1.2e-05	6	-10.392	0
50	12	1.2e-05	1.2e-05	-6	10.392	0
50	12	1.2e-05	1.2e-05	-12	0	0
50	12	1.2e-05	1.2e-05	12	0	0
50	12	1.2e-05	1.2e-05	-6	-10.392	0
50	12	1.2e-05	1.2e-05	6	10.392	0
51	12.124	-1.6e-05	1.6e-05	-10.5	6.0622	0
51	12.124	-1.6e-05	1.6e-05	10.5	-6.0622	0
51	12.124	-1.6e-05	1.6e-05	-4.3194e-08	-12.124	0
51	12.124	-1.6e-05	1.6e-05	4.3194e-08	12.124	0
51	12.124	-1.6e-05	1.6e-05	-10.5	-6.0622	0
51	12.124	-1.6e-05	1.6e-05	10.5	6.0622	0
51	12.124	-2e-06	2e-06	-7.5	9.5263	0
51	12.124	-2e-06	2e-06	7.5	-9.5263	0
51	12.124	-2e-06	2e-06	4.5	-11.258	0
51	12.124	-2e-06	2e-06	-4.5	11.258	0
51	12.124	-2e-06	2e-06	-12	1.7321	0
51	12.124	-2e-06	2e-06	12	-1.7321	0
51	12.124	-2e-06	2e-06	-12	-1.7321	0
51	12.124	-2e-06	2e-06	12	1.7321	0
51	12.124	-2e-06	2e-06	-4.5	-11.258	0
51	12.124	-2e-06	2e-06	4.5	11.258	0
51	12.124	-2e-06	2e-06	-7.5	-9.5263	0
51	12.124	-2e-06	2e-06	7.5	9.5263	0
52	12.166	-1.8e-05	1.8e-05	-10	6.9282	0
52	12.166	-1.8e-05	1.8e-05	10	-6.9282	0
52	12.166	-1.8e-05	1.8e-05	-11	5.1962	0
52	12.166	-1.8e-05	1.8e-05	11	-5.1962	0
52	12.166	-1.8e-05	1.8e-05	1	-12.124	0
52	12.166	-1.8e-05	1.8e-05	-1	12.124	0
52	12.166	-1.8e-05	1.8e-05	-1	-12.124	0
52	12.166	-1.8e-05	1.8e-05	1	12.124	0
52	12.166	-1.8e-05	1.8e-05	-11	-5.1962	0
52	12.166	-1.8e-05	1.8e-05	11	5.1962	0
52	12.166	-1.8e-05	1.8e-05	-10	-6.9282	0
52	12.166	-1.8e-05	1.8e-05	10	6.9282	0
53	12.288	-5e-06	5e-06	9.5	-7.7942	0
53	12.288	-5e-06	5e-06	-9.5	7.7942	0
53	12.288	-5e-06	5e-06	-11.5	4.3301	0
53	12.288	-5e-06	5e-06	11.5	-4.3301	0
53	12.288	-5e-06	5e-06	2	-12.124	0
53	12.288	-5e-06	5e-06	-2	12.124	0
53	12.288	-5e-06	5e-06	-2	-12.124	0
53	12.288	-5e-06	5e-06	2	12.124	0
53	12.288	-5e-06	5e-06	-11.5	-4.3301	0
53	12.288	-5e-06	5e-06	11.5	4.3301	0
53	12.288	-5e-06	5e-06	-9.5	-7.7942	0
53	12.288	-5e-06	5e-06	9.5	7.7942	0
54	12.49	2.5e-05	2.5e-05	-9	8.6603	0
54	12.49	2.5e-05	2.5e-05	9	-8.6603	0
54	12.49	2.5e-05	2.5e-05	-12	3.4641	0
54	12.49	2.5e-05	2.5e-05	12	-3.4641	0
54	12.49	2.5e-05	2.5e-05	3	-12.124	0
54	12.49	2.5e-05	2.5e-05	-3	12.124	0
54	12.49	2.5e-05	2.5e-05	-12	-3.4641	0
54	12.49	2.5e-05	2.5e-05	12	3.4641	0
54	12.49	2.5e-05	2.5e-05	-3	-12.124	0
54	12.49	2.5e-05	2.5e-05	3	12.124	0
54	12.49	2.5e-05	2.5e-05	-9	-8.6603	0
54	12.49	2.5e-05	2.5e-05	9	8.6603	0
55	12.53	1.9e-05	1.9e-05	-7	10.392	0
55	12.53	1.9e-05	1.9e-05	7	-10.392	0
55	12.53	1.9e-05	1.9e-05	5.5	-11.258	0
55	12.53	1.9e-05	1.9e-05	-5.5	11.258	0
55	12.53	1.9e-05	1.9e-05	-12.5	0.86603	0
55	12.53	1.9e-05	1.9e-05	12.5	-0.86603	0
55	12.53	1.9e-05	1.9e-05	-12.5	-0.86603	0
55	12.53	1.9e-05	1.9e-05	12.5	0.86603	0
55	12.53	1.9e-05	1.9e-05	-5.5	-11.258	0
55	12.53	1.9e-05	1.9e-05	5.5	11.258	0
55	12.53	1.9e-05	1.9e-05	-7	-10.392	0
55	12.53	1.9e-05	1.9e-05	7	10.392	0
56	12.767	1.2e-05	1.2e-05	-8.5	9.5263	0
56	12.767	1.2e-05	1.2e-05	8.5	-9.5263	0
56	12.767	1.2e-05	1.2e-05	4	-12.124	0
56	12.767	1.2e-05	1.2e-05	-4	12.124	0
56	12.767	1.2e-05	1.2e-05	-12.5	2.5981	0
56	12.767	1.2e-05	1.2e-05	12.5	-2.5981	0
56	12.767	1.2e-05	1.2e-05	-12.5	-2.5981	0
56	12.767	1.2e-05	1.2e-05	12.5	2.5981	0
56	12.767	1.2e-05	1.2e-05	-4	-12.124	0
56	12.767	1.2e-05	1.2e-05	4	12.124	0
56	12.767	1.2e-05	1.2e-05	-8.5	-9.5263	0
56	12.767	1.2e-05	1.2e-05	8.5	9.5263	0
57	13	-2.1e-05	2.1e-05	-11	6.9282	0
57	13	-2.1e-05	2.1e-05	11	-6.9282	0
57	13	-2.1e-05	2.1e-05	-11.5	6.0622	0
57	13	-2.1e-05	2.1e-05	11.5	-6.0622	0
57	13	-2.1e-05	2.1e-05	0.5	-12.99	0
57	13	-2.1e-05	2.1e-05	-0.5	12.99	0
57	13	-2.1e-05	2.1e-05	-0.5	-12.99	0
57	13	-2.1e-05	2.1e-05	0.5	12.99	0
57	13	-2.1e-05	2.1e-05	-11.5	-6.0622	0
57	13	-2.1e-05	2.1e-05	11.5	6.0622	0
57	13	-2.1e-05	2.1e-05	-11	-6.9282	0
57	13	-2.1e-05	2.1e-05	11	6.9282	0
57	13	-3e-06	3e-06	6.5	-11.258	0
57	13	-3e-06	3e-06	-6.5	11.258	0
57	13	-3e-06	3e-06	-13	0	0
57	13	-3e-06	3e-06	13	0	0
57	13	-3e-06	3e-06	-6.5	-11.258	0
57	13	-3e-06	3e-06	6.5	11.258	0
58	13.077	2.2e-05	2.2e-05	10.5	-7.7942	0
58	13.077	2.2e-05	2.2e-05	-10.5	7.7942	0
58	13.077	2.2e-05	2.2e-05	-12	5.1962	0
58	13.077	2.2e-05	2.2e-05	12	-5.1962	0
58	13.077	2.2e-05	2.2e-05	1.5	-12.99	0
58	13.077	2.2e-05	2.2e-05	-1.5	12.99	0
58	13.077	2.2e-05	2.2e-05	-1.5	-12.99	0
58	13.077	2.2e-05	2.2e-05	1.5	12.99	0
58	13.077	2.2e-05	2.2e-05	-12	-5.1962	0
58	13.077	2.2e-05	2.2e-05	12	5.1962	0
58	13.077	2.2e-05	2.2e-05	-10.5	-7.7942	0
58	13.077	2.2e-05	2.2e-05	10.5	7.7942	0
59	13.115	3.2e-05	3.2e-05	-8	10.392	0
59	13.115	3.2e-05	3.2e-05	8	-10.392	0
59	13.115	3.2e-05	3.2e-05	5	-12.124	0
59	13.115	3.2e-05	3.2e-05	-5	12.124	0
59	13.115	3.2e-05	3.2e-05	-13	1.7321	0
59	13.115	3.2e-05	3.2e-05	13	-1.7321	0
59	13.115	3.2e-05	3.2e-05	-13	-1.7321	0
59	13.115	3.2e-05	3.2e-05	13	1.7321	0
59	13.115	3.2e-05	3.2e-05	-5	-12.124	0
59	13.115	3.2e-05	3.2e-05	5	12.124	0
59	13.115	3.2e-05	3.2e-05	-8	-10.392	0
59	13.115	3.2e-05	3.2e-05	8	10.392	0
60	13.229	-1.9e-05	1.9e-05	-10	8.6603	0
60	13.229	-1.9e-05	1.9e-05	10	-8.6603	0
60	13.229	-1.9e-05	1.9e-05	-12.5	4.3301	0
60	13.229	-1.9e-05	1.9e-05	12.5	-4.3301	0
60	13.229	-1.9e-05	1.9e-05	2.5	-12.99	0
60	13.229	-1.9e-05	1.9e-05	-2.5	12.99	0
60	13.229	-1.9e-05	1.9e-05	-2.5	-12.99	0
60	13.229	-1.9e-05	1.9e-05	2.5	12.99	0
60	13.229	-1.9e-05	1.9e-05	-12.5	-4.3301	0
60	13.229	-1.9e-05	1.9e-05	12.5	4.3301	0
60	13.229	-1.9e-05	1.9e-05	-10	-8.6603	0
60	13.229	-1.9e-05	1.9e-05	10	8.6603	0
61	13.454	-1.3e-05	1.3e-05	-9.5	9.5263	0
61	13.454	-1.3e-05	1.3e-05	9.5	-9.5263	0
61	13.454	-1.3e-05	1.3e-05	-13	3.4641	0
61	13.454	-1.3e-05	1.3e-05	13	-3.4641	0
61	13.454	-1.3e-05	1.3e-05	3.5	-12.99	0
61	13.454	-1.3e-05	1.3e-05	-3.5	12.99	0
61	13.454	-1.3e-05	1.3e-05	-13	-3.4641	0
61	13.454	-1.3e-05	1.3e-05	13	3.4641	0
61	13.454	-1.3e-05	1.3e-05	-3.5	-12.99	0
61	13.454	-1.3e-05	1.3e-05	3.5	12.99	0
61	13.454	-1.3e-05	1.3e-05	-9.5	-9.5263	0
61	13.454	-1.3e-05	1.3e-05	9.5	9.5263	0
62	13.528	-2e-06	2e-06	-7.5	11.258	0
62	13.528	-2e-06	2e-06	7.5	-11.258	0
62	13.528	-2e-06	2e-06	6	-12.124	0
62	13.528	-2e-06	2e-06	-6	12.124	0
62	13.528	-2e-06	2e-06	-13.5	0.86603	0
62	13.528	-2e-06	2e-06	13.5	-0.86603	0
62	13.528	-2e-06	2e-06	-13.5	-0.86603	0
62	13.528	-2e-06	2e-06	13.5	0.86603	0
62	13.528	-2e-06	2e-06	-6	-12.124	0
62	13.528	-2e-06	2e-06	6	12.124	0
62	13.528	-2e-06	2e-06	-7.5	-11.258	0
62	13.528	-2e-06	2e-06	7.5	11.258	0
63	13.748	-5e-06	5e-06	-9	10.392	0
63	13.748	-5e-06	5e-06	9	-10.392	0
63	13.748	-5e-06	5e-06	4.5	-12.99	0
63	13.748	-5e-06	5e-06	-4.5	12.99	0
63	13.748	-5e-06	5e-06	-13.5	2.5981	0
63	13.748	-5e-06	5e-06	13.5	-2.5981	0
63	13.748	-5e-06	5e-06	-13.5	-2.5981	0
63	13.748	-5e-06	5e-06	13.5	2.5981	0
63	13.748	-5e-06	5e-06	-4.5	-12.99	0
63	13.748	-5e-06	5e-06	4.5	12.99	0
63	13.748	-5e-06	5e-06	-9	-10.392	0
63	13.748	-5e-06	5e-06	9	10.392	0
64	13.856	1.4e-05	1.4e-05	-12	6.9282	0
64	13.856	1.4e-05	1.4e-05	12	-6.9282	0
64	13.856	1.4e-05	1.4e-05	-4.9365e-08	-13.856	0
64	13.856	1.4e-05	1.4e-05	4.9365e-08	13.856	0
64	13.856	1.4e-05	1.4e-05	-12	-6.9282	0
64	13.856	1.4e-05	1.4e-05	12	6.9282	0
65	13.892	1.8e-05	1.8e-05	-11.5	7.7942	0
65	13.892	1.8e-05	1.8e-05	11.5	-7.7942	0
65	13.892	1.8e-05	1.8e-05	-12.5	6.0622	0
65	13.892	1.8e-05	1.8e-05	12.5	-6.0622	0
65	13.892	1.8e-05	1.8e-05	1	-13.856	0
65	13.892	1.8e-05	1.8e-05	-1	13.856	0
65	13.892	1.8e-05	1.8e-05	-1	-13.856	0
65	13.892	1.8e-05	1.8e-05	1	13.856	0
65	13.892	1.8e-05	1.8e-05	-12.5	-6.0622	0
65	13.892	1.8e-05	1.8e-05	12.5	6.0622	0
65	13.892	1.8e-05	1.8e-05	-11.5	-7.7942	0
65	13.892	1.8e-05	1.8e-05	11.5	7.7942	0
66	14	-2.1e-05	2.1e-05	7	-12.124	0
66	14	-2.1e-05	2.1e-05	-7	12.124	0
66	14	-2.1e-05	2.1e-05	-14	0	0
66	14	-2.1e-05	2.1e-05	14	0	0
66	14	-2.1e-05	2.1e-05	-7	-12.124	0
66	14	-2.1e-05	2.1e-05	7	12.124	0
66	14	-1.6e-05	1.6e-05	-11	8.6603	0
66	14	-1.6e-05	1.6e-05	11	-8.6603	0
66	14	-1.6e-05	1.6e-05	-13	5.1962	0
66	14	-1.6e-05	1.6e-05	13	-5.1962	0
66	14	-1.6e-05	1.6e-05	2	-13.856	0
66	14	-1.6e-05	1.6e-05	-2	13.856	0
66	14	-1.6e-05	1.6e-05	-2	-13.856	0
66	14	-1.6e-05	1.6e-05	2	13.856	0
66	14	-1.6e-05	1.6e-05	-13	-5.1962	0
66	14	-1.6e-05	1.6e-05	13	5.1962	0
66	14	-1.6e-05	1.6e-05	-11	-8.6603	0
66	14	-1.6e-05	1.6e-05	11	8.6603	0
67	14.107	2.6e-05	2.6e-05	-8.5	11.258	0
67	14.107	2.6e-05	2.6e-05	8.5	-11.258	0
67	14.107	2.6e-05	2.6e-05	5.5	-12.99	0
67	14.107	2.6e-05	2.6e-05	-5.5	12.99	0
67	14.107	2.6e-05	2.6e-05	-14	1.7321	0
67	14.107	2.6e-05	2.6e-05	14	-1.7321	0
67	14.107	2.6e-05	2.6e-05	-14	-1.7321	0
67	14.107	2.6e-05	2.6e-05	14	1.7321	0
67	14.107	2.6e-05	2.6e-05	-5.5	-12.99	0
67	14.107	2.6e-05	2.6e-05	5.5	12.99	0
67	14.107	2.6e-05	2.6e-05	-8.5	-11.258	0
67	14.107	2.6e-05	2.6e-05	8.5	11.258	0
68	14.177	2e-06	2e-06	-10.5	9.5263	0
68	14.177	2e-06	2e-06	10.5	-9.5263	0
68	14.177	2e-06	2e-06	-13.5	4.3301	0
68	14.177	2e-06	2e-06	13.5	-4.3301	0
68	14.177	2e-06	2e-06	3	-13.856	0
68	14.177	2e-06	2e-06	-3	13.856	0
68	14.177	2e-06	2e-06	-3	-13.856	0
68	14.177	2e-06	2e-06	3	13.856	0
68	14.177	2e-06	2e-06	-13.5	-4.3301	0
68	14.177	2e-06	2e-06	13.5	4.3301	0
68	14.177	2e-06	2e-06	-10.5	-9.5263	0
68	14.177	2e-06	2e-06	10.5	9.5263	0
69	14.422	-1e-06	1e-06	-10	10.392	0
69	14.422	-1e-06	1e-06	10	-10.392	0
69	14.422	-1e-06	1e-06	-14	3.4641	0
69	14.422	-1e-06	1e-06	14	-3.4641	0
69	14.422	-1e-06	1e-06	4	-13.856	0
69	14.422	-1e-06	1e-06	-4	13.856	0
69	14.422	-1e-06	1e-06	-14	-3.4641	0
69	14.422	-1e-06	1e-06	14	3.4641	0
69	14.422	-1e-06	1e-06	-4	-13.856	0
69	14.422	-1e-06	1e-06	4	13.856	0
69	14.422	-1e-06	1e-06	-10	-10.392	0
69	14.422	-1e-06	1e-06	10	10.392	0
70	14.526	-1e-06	1e-06	-8	12.124	0
70	14.526	-1e-06	1e-06	8	-12.124	0
70	14.526	-1e-06	1e-06	6.5	-12.99	0
70	14.526	-1e-06	1e-06	-6.5	12.99	0
70	14.526	-1e-06	1e-06	-14.5	0.86603	0
70	14.526	-1e-06	1e-06	14.5	-0.86603	0
70	14.526	-1e-06	1e-06	-14.5	-0.86603	0
70	14.526	-1e-06	1e-06	14.5	0.86603	0
70	14.526	-1e-06	1e-06	-6.5	-12.99	0
70	14.526	-1e-06	1e-06	6.5	12.99	0
70	14.526	-1e-06	1e-06	-8	-12.124	0
70	14.526	-1e-06	1e-06	8	12.124	0
71	14.731	6e-06	6e-06	-12.5	7.7942	0
71	14.731	6e-06	6e-06	12.5	-7.7942	0
71	14.731	6e-06	6e-06	13	-6.9282	0
71	14.731	6e-06	6e-06	-13	6.9282	0
71	14.731	6e-06	6e-06	0.5	-14.722	0
71	14.731	6e-06	6e-06	-0.5	14.722	0
71	14.731	6e-06	6e-06	-0.5	-14.722	0
71	14.731	6e-06	6e-06	0.5	14.722	0
71	14.731	6e-06	6e-06	-13	-6.9282	0
71	14.731	6e-06	6e-06	13	6.9282	0
71	14.731	6e-06	6e-06	-12.5	-7.7942	0
71	14.731	6e-06	6e-06	12.5	7.7942	0
71	14.731	4e-06	4e-06	-9.5	11.258	0
71	14.731	4e-06	4e-06	9.5	-11.258	0
71	14.731	4e-06	4e-06	5	-13.856	0
71	14.731	4e-06	4e-06	-5	13.856	0
71	14.731	4e-06	4e-06	-14.5	2.5981	0
71	14.731	4e-06	4e-06	14.5	-2.5981	0
71	14.731	4e-06	4e-06	-14.5	-2.5981	0
71	14.731	4e-06	4e-06	14.5	2.5981	0
71	14.731	4e-06	4e-06	-5	-13.856	0
71	14.731	4e-06	4e-06	5	13.856	0
71	14.731	4e-06	4e-06	-9.5	-11.258	0
71	14.731	4e-06	4e-06	9.5	11.258	0
72	14.799	2e-06	2e-06	-12	8.6603	0
72	14.799	2e-06	2e-06	12	-8.6603	0
72	14.799	2e-06	2e-06	-13.5	6.0622	0
72	14.799	2e-06	2e-06	13.5	-6.0622	0
72	14.799	2e-06	2e-06	1.5	-14.722	0
72	14.799	2e-06	2e-06	-1.5	14.722	0
72	14.799	2e-06	2e-06	-1.5	-14.722	0
72	14.799	2e-06	2e-06	1.5	14.722	0
72	14.799	2e-06	2e-06	-13.5	-6.0622	0
72	14.799	2e-06	2e-06	13.5	6.0622	0
72	14.799	2e-06	2e-06	-12	-8.6603	0
72	14.799	2e-06	2e-06	12	8.6603	0
73	14.933	1.5e-05	1.5e-05	-11.5	9.5263	0
73	14.933	1.5e-05	1.5e-05	11.5	-9.5263	0
73	14.933	1.5e-05	1.5e-05	-14	5.1962	0
73	14.933	1.5e-05	1.5e-05	14	-5.1962	0
73	14.933	1.5e-05	1.5e-05	2.5	-14.722	0
73	14.933	1.5e-05	1.5e-05	-2.5	14.722	0
73	14.933	1.5e-05	1.5e-05	-2.5	-14.722	0
73	14.933	1.5e-05	1.5e-05	2.5	14.722	0
73	14.933	1.5e-05	1.5e-05	-14	-5.1962	0
73	14.933	1.5e-05	1.5e-05	14	5.1962	0
73	14.933	1.5e-05	1.5e-05	-11.5	-9.5263	0
73	14.933	1.5e-05	1.5e-05	11.5	9.5263	0
74	15	-4.4e-05	4.4e-05	7.5	-12.99	0
74	15	-4.4e-05	4.4e-05	-7.5	12.99	0
74	15	-4.4e-05	4.4e-05	-15	0	0
74	15	-4.4e-05	4.4e-05	15	0	0
74	15	-4.4e-05	4.4e-05	-7.5	-12.99	0
74	15	-4.4e-05	4.4e-05	7.5	12.99	0
75	15.1	7e-06	7e-06	-9	12.124	0
75	15.1	7e-06	7e-06	9	-12.124	0
75	15.1	7e-06	7e-06	6	-13.856	0
75	15.1	7e-06	7e-06	-6	13.856	0
75	15.1	7e-06	7e-06	-15	1.7321	0
75	15.1	7e-06	7e-06	15	-1.7321	0
75	15.1	7e-06	7e-06	-15	-1.7321	0
75	15.1	7e-06	7e-06	15	1.7321	0
75	15.1	7e-06	7e-06	-6	-13.856	0
75	15.1	7e-06	7e-06	6	13.856	0
75	15.1	7e-06	7e-06	-9	-12.124	0
75	15.1	7e-06	7e-06	9	12.124	0
76	15.133	3e-05	3e-05	-11	10.392	0
76	15.133	3e-05	3e-05	11	-10.392	0
76	15.133	3e-05	3e-05	-14.5	4.3301	0
76	15.133	3e-05	3e-05	14.5	-4.3301	0
76	15.133	3e-05	3e-05	3.5	-14.722	0
76	15.133	3e-05	3e-05	-3.5	14.722	0
76	15.133	3e-05	3e-05	-14.5	-4.3301	0
76	15.133	3e-05	3e-05	14.5	4.3301	0
76	15.133	3e-05	3e-05	-3.5	-14.722	0
76	15.133	3e-05	3e-05	3.5	14.722	0
76	15.133	3e-05	3e-05	-11	-10.392	0
76	15.133	3e-05	3e-05	11	10.392	0
77	15.395	-1.2e-05	1.2e-05	-10.5	11.258	0
77	15.395	-1.2e-05	1.2e-05	10.5	-11.258	0
77	15.395	-1.2e-05	1.2e-05	4.5	-14.722	0
77	15.395	-1.2e-05	1.2e-05	-4.5	14.722	0
77	15.395	-1.2e-05	1.2e-05	-15	3.4641	0
77	15.395	-1.2e-05	1.2e-05	15	-3.4641	0
77	15.395	-1.2e-05	1.2e-05	-15	-3.4641	0
77	15.395	-1.2e-05	1.2e-05	15	3.4641	0
77	15.395	-1.2e-05	1.2e-05	-4.5	-14.722	0
77	15.395	-1.2e-05	1.2e-05	4.5	14.722	0
77	15.395	-1.2e-05	1.2e-05	-10.5	-11.258	0
77	15.395	-1.2e-05	1.2e-05	10.5	11.258	0
78	15.524	1.5e-05	1.5e-05	-8.5	12.99	0
78	15.524	1.5e-05	1.5e-05	8.5	-12.99	0
78	15.524	1.5e-05	1.5e-05	7	-13.856	0
78	15.524	1.5e-05	1.5e-05	-7	13.856	0
78	15.524	1.5e-05	1.5e-05	-15.5	0.86603	0
78	15.524	1.5e-05	1.5e-05	15.5	-0.86603	0
78	15.524	1.5e-05	1.5e-05	-15.5	-0.86603	0
78	15.524	1.5e-05	1.5e-05	15.5	0.86603	0
78	15.524	1.5e-05	1.5e-05	-7	-13.856	0
78	15.524	1.5e-05	1.5e-05	7	13.856	0
78	15.524	1.5e-05	1.5e-05	-8.5	-12.99	0
78	15.524	1.5e-05	1.5e-05	8.5	12.99	0
79	15.588	-2.8e-05	2.8e-05	-13.5	7.7942	0
79	15.588	-2.8e-05	2.8e-05	13.5	-7.7942	0
79	15.588	-2.8e-05	2.8e-05	-5.5535e-08	-15.588	0
79	15.588	-2.8e-05	2.8e-05	5.5535e-08	15.588	0
79	15.588	-2.8e-05	2.8e-05	-13.5	-7.7942	0
79	15.588	-2.8e-05	2.8e-05	13.5	7.7942	0
80	15.62	-2.4e-05	2.4e-05	-13	8.6603	0
80	15.62	-2.4e-05	2.4e-05	13	-8.6603	0
80	15.62	-2.4e-05	2.4e-05	14	-6.9282	0
80	15.62	-2.4e-05	2.4e-05	-14	6.9282	0
80	15.62	-2.4e-05	2.4e-05	1	-15.588	0
80	15.62	-2.4e-05	2.4e-05	-1	15.588	0
80	15.62	-2.4e-05	2.4e-05	-1	-15.588	0
80	15.62	-2.4e-05	2.4e-05	1	15.588	0
80	15.62	-2.4e-05	2.4e-05	-14	-6.9282	0
80	15.62	-2.4e-05	2.4e-05	14	6.9282	0
80	15.62	-2.4e-05	2.4e-05	-13	-8.6603	0
80	15.62	-2.4e-05	2.4e-05	13	8.6603	0
81	15.716	1.3e-05	1.3e-05	-10	12.124	0
81	15.716	1.3e-05	1.3e-05	10	-12.124	0
81	15.716	1.3e-05	1.3e-05	5.5	-14.722	0
81	15.716	1.3e-05	1.3e-05	-5.5	14.722	0
81	15.716	1.3e-05	1.3e-05	-15.5	2.5981	0
81	15.716	1.3e-05	1.3e-05	15.5	-2.5981	0
81	15.716	1.3e-05	1.3e-05	-15.5	-2.5981	0
81	15.716	1.3e-05	1.3e-05	15.5	2.5981	0
81	15.716	1.3e-05	1.3e-05	-5.5	-14.722	0
81	15.716	1.3e-05	1.3e-05	5.5	14.722	0
81	15.716	1.3e-05	1.3e-05	-10	-12.124	0
81	15.716	1.3e-05	1.3e-05	10	12.124	0
81	15.716	4e-06	4e-06	-12.5	9.5263	0
81	15.716	4e-06	4e-06	12.5	-9.5263	0
81	15.716	4e-06	4e-06	-14.5	6.0622	0
81	15.716	4e-06	4e-06	14.5	-6.0622	0
81	15.716	4e-06	4e-06	2	-15.588	0
81	15.716	4e-06	4e-06	-2	15.588	0
81	15.716	4e-06	4e-06	-2	-15.588	0
81	15.716	4e-06	4e-06	2	15.588	0
81	15.716	4e-06	4e-06	-14.5	-6.0622	0
81	15.716	4e-06	4e-06	14.5	6.0622	0
81	15.716	4e-06	4e-06	-12.5	-9.5263	0
81	15.716	4e-06	4e-06	12.5	9.5263	0
82	15.875	4e-06	4e-06	-12	10.392	0
82	15.875	4e-06	4e-06	12	-10.392	0
82	15.875	4e-06	4e-06	-15	5.1962	0
82	15.875	4e-06	4e-06	15	-5.1962	0
82	15.875	4e-06	4e-06	3	-15.588	0
82	15.875	4e-06	4e-06	-3	15.588	0
82	15.875	4e-06	4e-06	-3	-15.588	0
82	15.875	4e-06	4e-06	3	15.588	0
82	15.875	4e-06	4e-06	-15	-5.1962	0
82	15.875	4e-06	4e-06	15	5.1962	0
82	15.875	4e-06	4e-06	-12	-10.392	0
82	15.875	4e-06	4e-06	12	10.392	0
83	16	9e-06	9e-06	8	-13.856	0
83	16	9e-06	9e-06	-8	13.856	0
83	16	9e-06	9e-06	-16	0	0
83	16	9e-06	9e-06	16	0	0
83	16	9e-06	9e-06	-8	-13.856	0
83	16	9e-06	9e-06	8	13.856	0
84	16.093	2.2e-05	2.2e-05	-9.5	12.99	0
84	16.093	2.2e-05	2.2e-05	9.5	-12.99	0
84	16.093	2.2e-05	2.2e-05	6.5	-14.722	0
84	16.093	2.2e-05	2.2e-05	-6.5	14.722	0
84	16.093	2.2e-05	2.2e-05	-16	1.7321	0
84	16.093	2.2e-05	2.2e-05	16	-1.7321	0
84	16.093	2.2e-05	2.2e-05	-16	-1.7321	0
84	16.093	2.2e-05	2.2e-05	16	1.7321	0
84	16.093	2.2e-05	2.2e-05	-6.5	-14.722	0
84	16.093	2.2e-05	2.2e-05	6.5	14.722	0
84	16.093	2.2e-05	2.2e-05	-9.5	-12.99	0
84	16.093	2.2e-05	2.2e-05	9.5	12.99	0
84	16.093	1.8e-05	1.8e-05	-11.5	11.258	0
84	16.093	1.8e-05	1.8e-05	11.5	-11.258	0
84	16.093	1.8e-05	1.8e-05	-15.5	4.3301	0
84	16.093	1.8e-05	1.8e-05	15.5	-4.3301	0
84	16.093	1.8e-05	1.8e-05	4	-15.588	0
84	16.093	1.8e-05	1.8e-05	-4	15.588	0
84	16.093	1.8e-05	1.8e-05	-15.5	-4.3301	0
84	16.093	1.8e-05	1.8e-05	15.5	4.3301	0
84	16.093	1.8e-05	1.8e-05	-4	-15.588	0
84	16.093	1.8e-05	1.8e-05	4	15.588	0
84	16.093	1.8e-05	1.8e-05	-11.5	-11.258	0
84	16.093	1.8e-05	1.8e-05	11.5	11.258	0
85	16.371	8e-06	8e-06	-11	12.124	0
85	16.371	8e-06	8e-06	11	-12.124	0
85	16.371	8e-06	8e-06	5	-15.588	0
85	16.371	8e-06	8e-06	-5	15.588	0
85	16.371	8e-06	8e-06	16	-3.4641	0
85	16.371	8e-06	8e-06	-16	3.4641	0
85	16.371	8e-06	8e-06	-16	-3.4641	0
85	16.371	8e-06	8e-06	16	3.4641	0
85	16.371	8e-06	8e-06	-5	-15.588	0
85	16.371	8e-06	8e-06	5	15.588	0
85	16.371	8e-06	8e-06	-11	-12.124	0
85	16.371	8e-06	8e-06	11	12.124	0
86	16.462	1e-05	1e-05	-14	8.6603	0
86	16.462	1e-05	1e-05	14	-8.6603	0
86	16.462	1e-05	1e-05	-14.5	7.7942	0
86	16.462	1e-05	1e-05	14.5	-7.7942	0
86	16.462	1e-05	1e-05	0.5	-16.454	0
86	16.462	1e-05	1e-05	-0.5	16.454	0
86	16.462	1e-05	1e-05	-0.5	-16.454	0
86	16.462	1e-05	1e-05	0.5	16.454	0
86	16.462	1e-05	1e-05	-14.5	-7.7942	0
86	16.462	1e-05	1e-05	14.5	7.7942	0
86	16.462	1e-05	1e-05	-14	-8.6603	0
86	16.462	1e-05	1e-05	14	8.6603	0
87	16.523	-1.8e-05	1.8e-05	-9	13.856	0
87	16.523	-1.8e-05	1.8e-05	9	-13.856	0
87	16.523	-1.8e-05	1.8e-05	7.5	-14.722	0
87	16.523	-1.8e-05	1.8e-05	-7.5	14.722	0
87	16.523	-1.8e-05	1.8e-05	-16.5	0.86603	0
87	16.523	-1.8e-05	1.8e-05	16.5	-0.86603	0
87	16.523	-1.8e-05	1.8e-05	-16.5	-0.86603	0
87	16.523	-1.8e-05	1.8e-05	16.5	0.86603	0
87	16.523	-1.8e-05	1.8e-05	-7.5	-14.722	0
87	16.523	-1.8e-05	1.8e-05	7.5	14.722	0
87	16.523	-1.8e-05	1.8e-05	-9	-13.856	0
87	16.523	-1.8e-05	1.8e-05	9	13.856	0
87	16.523	-9e-06	9e-06	-13.5	9.5263	0
87	16.523	-9e-06	9e-06	13.5	-9.5263	0
87	16.523	-9e-06	9e-06	-15	6.9282	0
87	16.523	-9e-06	9e-06	15	-6.9282	0
87	16.523	-9e-06	9e-06	1.5	-16.454	0
87	16.523	-9e-06	9e-06	-1.5	16.454	0
87	16.523	-9e-06	9e-06	-1.5	-16.454	0
87	16.523	-9e-06	9e-06	1.5	16.454	0
87	16.523	-9e-06	9e-06	-15	-6.9282	0
87	16.523	-9e-06	9e-06	15	6.9282	0
87	16.523	-9e-06	9e-06	-13.5	-9.5263	0
87	16.523	-9e-06	9e-06	13.5	9.5263	0
88	16.643	-6e-06	6e-06	-13	10.392	0
88	16.643	-6e-06	6e-06	13	-10.392	0
88	16.643	-6e-06	6e-06	-15.5	6.0622	0
88	16.643	-6e-06	6e-06	15.5	-6.0622	0
88	16.643	-6e-06	6e-06	2.5	-16.454	0
88	16.643	-6e-06	6e-06	-2.5	16.454	0
88	16.643	-6e-06	6e-06	-2.5	-16.454	0
88	16.643	-6e-06	6e-06	2.5	16.454	0
88	16.643	-6e-06	6e-06	-15.5	-6.0622	0
88	16.643	-6e-06	6e-06	15.5	6.0622	0
88	16.643	-6e-06	6e-06	-13	-10.392	0
88	16.643	-6e-06	6e-06	13	10.392	0
89	16.703	4.1e-05	4.1e-05	-10.5	12.99	0
89	16.703	4.1e-05	4.1e-05	10.5	-12.99	0
89	16.703	4.1e-05	4.1e-05	6	-15.588	0
89	16.703	4.1e-05	4.1e-05	-6	15.588	0
89	16.703	4.1e-05	4.1e-05	-16.5	2.5981	0
89	16.703	4.1e-05	4.1e-05	16.5	-2.5981	0
89	16.703	4.1e-05	4.1e-05	-16.5	-2.5981	0
89	16.703	4.1e-05	4.1e-05	16.5	2.5981	0
89	16.703	4.1e-05	4.1e-05	-6	-15.588	0
89	16.703	4.1e-05	4.1e-05	6	15.588	0
89	16.703	4.1e-05	4.1e-05	-10.5	-12.99	0
89	16.703	4.1e-05	4.1e-05	10.5	12.99	0
90	16.823	-3e-06	3e-06	-12.5	11.258	0
90	16.823	-3e-06	3e-06	12.5	-11.258	0
90	16.823	-3e-06	3e-06	-16	5.1962	0
90	16.823	-3e-06	3e-06	16	-5.1962	0
90	16.823	-3e-06	3e-06	3.5	-16.454	0
90	16.823	-3e-06	3e-06	-3.5	16.454	0
90	16.823	-3e-06	3e-06	-3.5	-16.454	0
90	16.823	-3e-06	3e-06	3.5	16.454	0
90	16.823	-3e-06	3e-06	-16	-5.1962	0
90	16.823	-3e-06	3e-06	16	5.1962	0
90	16.823	-3e-06	3e-06	-12.5	-11.258	0
90	16.823	-3e-06	3e-06	12.5	11.258	0
91	17	-1.3e-05	1.3e-05	8.5	-14.722	0
91	17	-1.3e-05	1.3e-05	-8.5	14.722	0
91	17	-1.3e-05	1.3e-05	-17	0	0
91	17	-1.3e-05	1.3e-05	17	0	0
91	17	-1.3e-05	1.3e-05	-8.5	-14.722	0
91	17	-1.3e-05	1.3e-05	8.5	14.722	0
92	17.059	1.9e-05	1.9e-05	-12	12.124	0
92	17.059	1.9e-05	1.9e-05	12	-12.124	0
92	17.059	1.9e-05	1.9e-05	-16.5	4.3301	0
92	17.059	1.9e-05	1.9e-05	16.5	-4.3301	0
92	17.059	1.9e-05	1.9e-05	4.5	-16.454	0
92	17.059	1.9e-05	1.9e-05	-4.5	16.454	0
92	17.059	1.9e-05	1.9e-05	-16.5	-4.3301	0
92	17.059	1.9e-05	1.9e-05	16.5	4.3301	0
92	17.059	1.9e-05	1.9e-05	-4.5	-16.454	0
92	17.059	1.9e-05	1.9e-05	4.5	16.454	0
92	17.059	1.9e-05	1.9e-05	-12	-12.124	0
92	17.059	1.9e-05	1.9e-05	12	12.124	0
93	17.088	1.2e-05	1.2e-05	-10	13.856	0
93	17.088	1.2e-05	1.2e-05	10	-13.856	0
93	17.088	1.2e-05	1.2e-05	7	-15.588	0
93	17.088	1.2e-05	1.2e-05	-7	15.588	0
93	17.088	1.2e-05	1.2e-05	-17	1.7321	0
93	17.088	1.2e-05	1.2e-05	17	-1.7321	0
93	17.088	1.2e-05	1.2e-05	-17	-1.7321	0
93	17.088	1.2e-05	1.2e-05	17	1.7321	0
93	17.088	1.2e-05	1.2e-05	-7	-15.588	0
93	17.088	1.2e-05	1.2e-05	7	15.588	0
93	17.088	1.2e-05	1.2e-05	-10	-13.856	0
93	17.088	1.2e-05	1.2e-05	10	13.856	0
94	17.321	2.1e-05	2.1e-05	-15	8.6603	0
94	17.321	2.1e-05	2.1e-05	15	-8.6603	0
94	17.321	2.1e-05	2.1e-05	-6.1706e-08	-17.321	0
94	17.321	2.1e-05	2.1e-05	6.1706e-08	17.321	0
94	17.321	2.1e-05	2.1e-05	-15	-8.6603	0
94	17.321	2.1e-05	2.1e-05	15	8.6603	0
95	17.349	2.1e-05	2.1e-05	-11.5	12.99	0
95	17.349	2.1e-05	2.1e-05	11.5	-12.99	0
95	17.349	2.1e-05	2.1e-05	5.5	-16.454	0
95	17.349	2.1e-05	2.1e-05	-5.5	16.454	0
95	17.349	2.1e-05	2.1e-05	-17	3.4641	0
95	17.349	2.1e-05	2.1e-05	17	-3.4641	0
95	17.349	2.1e-05	2.1e-05	-17	-3.4641	0
95	17.349	2.1e-05	2.1e-05	17	3.4641	0
95	17.349	2.1e-05	2.1e-05	-5.5	-16.454	0
95	17.349	2.1e-05	2.1e-05	5.5	16.454	0
95	17.349	2.1e-05	2.1e-05	-11.5	-12.99	0
95	17.349	2.1e-05	2.1e-05	11.5	12.99	0
95	17.349	1e-05	1e-05	-14.5	9.5263	0
95	17.349	1e-05	1e-05	14.5	-9.5263	0
95	17.349	1e-05	1e-05	-15.5	7.7942	0
95	17.349	1e-05	1e-05	15.5	-7.7942	0
95	17.349	1e-05	1e-05	1	-17.321	0
95	17.349	1e-05	1e-05	-1	17.321	0
95	17.349	1e-05	1e-05	-1	-17.321	0
95	17.349	1e-05	1e-05	1	17.321	0
95	17.349	1e-05	1e-05	-15.5	-7.7942	0
95	17.349	1e-05	1e-05	15.5	7.7942	0
95	17.349	1e-05	1e-05	-14.5	-9.5263	0
95	17.349	1e-05	1e-05	14.5	9.5263	0
96	17.436	2.3e-05	2.3e-05	-14	10.392	0
96	17.436	2.3e-05	2.3e-05	14	-10.392	0
96	17.436	2.3e-05	2.3e-05	-16	6.9282	0
96	17.436	2.3e-05	2.3e-05	16	-6.9282	0
96	17.436	2.3e-05	2.3e-05	2	-17.321	0
96	17.436	2.3e-05	2.3e-05	-2	17.321	0
96	17.436	2.3e-05	2.3e-05	-2	-17.321	0
96	17.436	2.3e-05	2.3e-05	2	17.321	0
96	17.436	2.3e-05	2.3e-05	-16	-6.9282	0
96	17.436	2.3e-05	2.3e-05	16	6.9282	0
96	17.436	2.3e-05	2.3e-05	-14	-10.392	0
96	17.436	2.3e-05	2.3e-05	14	10.392	0
97	17.521	-6e-06	6e-06	-9.5	14.722	0
97	17.521	-6e-06	6e-06	9.5	-14.722	0
97	17.521	-6e-06	6e-06	8	-15.588	0
97	17.521	-6e-06	6e-06	-8	15.588	0
97	17.521	-6e-06	6e-06	-17.5	0.86603	0
97	17.521	-6e-06	6e-06	17.5	-0.86603	0
97	17.521	-6e-06	6e-06	-17.5	-0.86603	0
97	17.521	-6e-06	6e-06	17.5	0.86603	0
97	17.521	-6e-06	6e-06	-8	-15.588	0
97	17.521	-6e-06	6e-06	8	15.588	0
97	17.521	-6e-06	6e-06	-9.5	-14.722	0
97	17.521	-6e-06	6e-06	9.5	14.722	0
98	17.578	1e-06	1e-06	-13.5	11.258	0
98	17.578	1e-06	1e-06	13.5	-11.258	0
98	17.578	1e-06	1e-06	-16.5	6.0622	0
98	17.578	1e-06	1e-06	16.5	-6.0622	0
98	17.578	1e-06	1e-06	3	-17.321	0
98	17.578	1e-06	1e-06	-3	17.321	0
98	17.578	1e-06	1e-06	-3	-17.321	0
98	17.578	1e-06	1e-06	3	17.321	0
98	17.578	1e-06	1e-06	-16.5	-6.0622	0
98	17.578	1e-06	1e-06	16.5	6.0622	0
98	17.578	1e-06	1e-06	-13.5	-11.258	0
98	17.578	1e-06	1e-06	13.5	11.258	0
99	17.692	-1.8e-05	1.8e-05	-11	13.856	0
99	17.692	-1.8e-05	1.8e-05	11	-13.856	0
99	17.692	-1.8e-05	1.8e-05	6.5	-16.454	0
99	17.692	-1.8e-05	1.8e-05	-6.5	16.454	0
99	17.692	-1.8e-05	1.8e-05	-17.5	2.5981	0
99	17.692	-1.8e-05	1.8e-05	17.5	-2.5981	0
99	17.692	-1.8e-05	1.8e-05	-17.5	-2.5981	0
99	17.692	-1.8e-05	1.8e-05	17.5	2.5981	0
99	17.692	-1.8e-05	1.8e-05	-6.5	-16.454	0
99	17.692	-1.8e-05	1.8e-05	6.5	16.454	0
99	17.692	-1.8e-05	1.8e-05	-11	-13.856	0
99	17.692	-1.8e-05	1.8e-05	11	13.856	0
100	17.776	-1e-05	1e-05	-13	12.124	0
100	17.776	-1e-05	1e-05	13	-12.124	0
100	17.776	-1e-05	1e-05	-17	5.1962	0
100	17.776	-1e-05	1e-05	17	-5.1962	0
100	17.776	-1e-05	1e-05	4	-17.321	0
100	17.776	-1e-05	1e-05	-4	17.321	0
100	17.776	-1e-05	1e-05	-4	-17.321	0
100	17.776	-1e-05	1e-05	4	17.321	0
100	17.776	-1e-05	1e-05	-17	-5.1962	0
100	17.776	-1e-05	1e-05	17	5.1962	0
100	17.776	-1e-05	1e-05	-13	-12.124	0
100	17.776	-1e-05	1e-05	13	12.124	0
101	18	5e-06	5e-06	9	-15.588	0
101	18	5e-06	5e-06	-9	15.588	0
101	18	5e-06	5e-06	-18	0	0
101	18	5e-06	5e-06	18	0	0
101	18	5e-06	5e-06	-9	-15.588	0
101	18	5e-06	5e-06	9	15.588	0
102	18.028	-1.1e-05	1.1e-05	-12.5	12.99	0
102	18.028	-1.1e-05	1.1e-05	12.5	-12.99	0
102	18.028	-1.1e-05	1.1e-05	-17.5	4.3301	0
102	18.028	-1.1e-05	1.1e-05	17.5	-4.3301	0
102	18.028	-1.1e-05	1.1e-05	5	-17.321	0
102	18.028	-1.1e-05	1.1e-05	-5	17.321	0
102	18.028	-1.1e-05	1.1e-05	-17.5	-4.3301	0
102	18.028	-1.1e-05	1.1e-05	17.5	4.3301	0
102	18.028	-1.1e-05	1.1e-05	-5	-17.321	0
102	18.028	-1.1e-05	1.1e-05	5	17.321	0
102	18.028	-1.1e-05	1.1e-05	-12.5	-12.99	0
102	18.028	-1.1e-05	1.1e-05	12.5	12.99	0
103	18.083	-9e-06	9e-06	-10.5	14.722	0
103	18.083	-9e-06	9e-06	10.5	-14.722	0
103	18.083	-9e-06	9e-06	7.5	-16.454	0
103	18.083	-9e-06	9e-06	-7.5	16.454	0
103	18.083	-9e-06	9e-06	-18	1.7321	0
103	18.083	-9e-06	9e-06	18	-1.7321	0
103	18.083	-9e-06	9e-06	-18	-1.7321	0
103	18.083	-9e-06	9e-06	18	1.7321	0
103	18.083	-9e-06	9e-06	-7.5	-16.454	0
103	18.083	-9e-06	9e-06	7.5	16.454	0
103	18.083	-9e-06	9e-06	-10.5	-14.722	0
103	18.083	-9e-06	9e-06	10.5	14.722	0
104	18.193	-1.6e-05	1.6e-05	-15.5	9.5263	0
104	18.193	-1.6e-05	1.6e-05	15.5	-9.5263	0
104	18.193	-1.6e-05	1.6e-05	-16	8.6603	0
104	18.193	-1.6e-05	1.6e-05	16	-8.6603	0
104	18.193	-1.6e-05	1.6e-05	0.5	-18.187	0
104	18.193	-1.6e-05	1.6e-05	-0.5	18.187	0
104	18.193	-1.6e-05	1.6e-05	-0.5	-18.187	0
104	18.193	-1.6e-05	1.6e-05	0.5	18.187	0
104	18.193	-1.6e-05	1.6e-05	-16	-8.6603	0
104	18.193	-1.6e-05	1.6e-05	16	8.6603	0
104	18.193	-1.6e-05	1.6e-05	-15.5	-9.5263	0
104	18.193	-1.6e-05	1.6e-05	15.5	9.5263	0
105	18.248	1e-06	1e-06	-15	10.392	0
105	18.248	1e-06	1e-06	15	-10.392	0
105	18.248	1e-06	1e-06	-16.5	7.7942	0
105	18.248	1e-06	1e-06	16.5	-7.7942	0
105	18.248	1e-06	1e-06	1.5	-18.187	0
105	18.248	1e-06	1e-06	-1.5	18.187	0
105	18.248	1e-06	1e-06	-1.5	-18.187	0
105	18.248	1e-06	1e-06	1.5	18.187	0
105	18.248	1e-06	1e-06	-16.5	-7.7942	0
105	18.248	1e-06	1e-06	16.5	7.7942	0
105	18.248	1e-06	1e-06	-15	-10.392	0
105	18.248	1e-06	1e-06	15	10.392	0
106	18.33	9e-06	9e-06	-12	13.856	0
106	18.33	9e-06	9e-06	12	-13.856	0
106	18.33	9e-06	9e-06	6	-17.321	0
106	18.33	9e-06	9e-06	-6	17.321	0
106	18.33	9e-06	9e-06	18	-3.4641	0
106	18.33	9e-06	9e-06	-18	3.4641	0
106	18.33	9e-06	9e-06	-18	-3.4641	0
106	18.33	9e-06	9e-06	18	3.4641	0
106	18.33	9e-06	9e-06	-6	-17.321	0
106	18.33	9e-06	9e-06	6	17.321	0
106	18.33	9e-06	9e-06	-12	-13.856	0
106	18.33	9e-06	9e-06	12	13.856	0
107	18.358	1e-06	1e-06	-14.5	11.258	0
107	18.358	1e-06	1e-06	14.5	-11.258	0
107	18.358	1e-06	1e-06	-17	6.9282	0
107	18.358	1e-06	1e-06	17	-6.9282	0
107	18.358	1e-06	1e-06	2.5	-18.187	0
107	18.358	1e-06	1e-06	-2.5	18.187	0
107	18.358	1e-06	1e-06	-2.5	-18.187	0
107	18.358	1e-06	1e-06	2.5	18.187	0
107	18.358	1e-06	1e-06	-17	-6.9282	0
107	18.358	1e-06	1e-06	17	6.9282	0
107	18.358	1e-06	1e-06	-14.5	-11.258	0
107	18.358	1e-06	1e-06	14.5	11.258	0
108	18.52	2.3e-05	2.3e-05	-14	12.124	0
108	18.52	2.3e-05	2.3e-05	14	-12.124	0
108	18.52	2.3e-05	2.3e-05	-17.5	6.0622	0
108	18.52	2.3e-05	2.3e-05	17.5	-6.0622	0
108	18.52	2.3e-05	2.3e-05	3.5	-18.187	0
108	18.52	2.3e-05	2.3e-05	-3.5	18.187	0
108	18.52	2.3e-05	2.3e-05	-3.5	-18.187	0
108	18.52	2.3e-05	2.3e-05	3.5	18.187	0
108	18.52	2.3e-05	2.3e-05	-17.5	-6.0622	0
108	18.52	2.3e-05	2.3e-05	17.5	6.0622	0
108	18.52	2.3e-05	2.3e-05	-14	-12.124	0
108	18.52	2.3e-05	2.3e-05	14	12.124	0
108	18.52	1.1e-05	1.1e-05	-10	15.588	0
108	18.52	1.1e-05	1.1e-05	10	-15.588	0
108	18.52	1.1e-05	1.1e-05	8.5	-16.454	0
108	18.52	1.1e-05	1.1e-05	-8.5	16.454	0
108	18.52	1.1e-05	1.1e-05	-18.5	0.86603	0
108	18.52	1.1e-05	1.1e-05	18.5	-0.86603	0
108	18.52	1.1e-05	1.1e-05	-18.5	-0.86603	0
108	18.52	1.1e-05	1.1e-05	18.5	0.86603	0
108	18.52	1.1e-05	1.1e-05	-8.5	-16.454	0
108	18.52	1.1e-05	1.1e-05	8.5	16.454	0
108	18.52	1.1e-05	1.1e-05	-10	-15.588	0
108	18.52	1.1e-05	1.1e-05	10	15.588	0
109	18.682	-2.4e-05	2.4e-05	-11.5	14.722	0
109	18.682	-2.4e-05	2.4e-05	11.5	-14.722	0
109	18.682	-2.4e-05	2.4e-05	7	-17.321	0
109	18.682	-2.4e-05	2.4e-05	-7	17.321	0
109	18.682	-2.4e-05	2.4e-05	-18.5	2.5981	0
109	18.682	-2.4e-05	2.4e-05	18.5	-2.5981	0
109	18.682	-2.4e-05	2.4e-05	-18.5	-2.5981	0
109	18.682	-2.4e-05	2.4e-05	18.5	2.5981	0
109	18.682	-2.4e-05	2.4e-05	-7	-17.321	0
109	18.682	-2.4e-05	2.4e-05	7	17.321	0
109	18.682	-2.4e-05	2.4e-05	-11.5	-14.722	0
109	18.682	-2.4e-05	2.4e-05	11.5	14.722	0
110	18.735	4e-06	4e-06	-13.5	12.99	0
110	18.735	4e-06	4e-06	13.5	-12.99	0
110	18.735	4e-06	4e-06	-18	5.1962	0
110	18.735	4e-06	4e-06	18	-5.1962	0
110	18.735	4e-06	4e-06	4.5	-18.187	0
110	18.735	4e-06	4e-06	-4.5	18.187	0
110	18.735	4e-06	4e-06	-18	-5.1962	0
110	18.735	4e-06	4e-06	18	5.1962	0
110	18.735	4e-06	4e-06	-4.5	-18.187	0
110	18.735	4e-06	4e-06	4.5	18.187	0
110	18.735	4e-06	4e-06	-13.5	-12.99	0
110	18.735	4e-06	4e-06	13.5	12.99	0
111	19	-1e-05	1e-05	-13	13.856	0
111	19	-1e-05	1e-05	13	-13.856	0
111	19	-1e-05	1e-05	-18.5	4.3301	0
111	19	-1e-05	1e-05	18.5	-4.3301	0
111	19	-1e-05	1e-05	5.5	-18.187	0
111	19	-1e-05	1e-05	-5.5	18.187	0
111	19	-1e-05	1e-05	-18.5	-4.3301	0
111	19	-1e-05	1e-05	18.5	4.3301	0
111	19	-1e-05	1e-05	-5.5	-18.187	0
111	19	-1e-05	1e-05	5.5	18.187	0
111	19	-1e-05	1e-05	-13	-13.856	0
111	19	-1e-05	1e-05	13	13.856	0
111	19	1e-06	1e-06	9.5	-16.454	0
111	19	1e-06	1e-06	-9.5	16.454	0
111	19	1e-06	1e-06	-19	0	0
111	19	1e-06	1e-06	19	0	0
111	19	1e-06	1e-06	-9.5	-16.454	0
111	19	1e-06	1e-06	9.5	16.454	0
112	19.053	0	0	-16.5	9.5263	0
112	19.053	0	0	16.5	-9.5263	0
112	19.053	0	0	-6.7877e-08	-19.053	0
112	19.053	0	0	6.7877e-08	19.053	0
112	19.053	0	0	-16.5	-9.5263	0
112	19.053	0	0	16.5	9.5263	0
113	19.079	-6e-06	6e-06	-16	10.392	0
113	19.079	-6e-06	6e-06	16	-10.392	0
113	19.079	-6e-06	6e-06	-11	15.588	0
113	19.079	-6e-06	6e-06	11	-15.588	0
113	19.079	-6e-06	6e-06	-17	8.6603	0
113	19.079	-6e-06	6e-06	17	-8.6603	0
113	19.079	-6e-06	6e-06	8	-17.321	0
113	19.079	-6e-06	6e-06	-8	17.321	0
113	19.079	-6e-06	6e-06	-19	1.7321	0
113	19.079	-6e-06	6e-06	19	-1.7321	0
113	19.079	-6e-06	6e-06	1	-19.053	0
113	19.079	-6e-06	6e-06	-1	19.053	0
113	19.079	-6e-06	6e-06	-19	-1.7321	0
113	19.079	-6e-06	6e-06	19	1.7321	0
113	19.079	-6e-06	6e-06	-1	-19.053	0
113	19.079	-6e-06	6e-06	1	19.053	0
113	19.079	-6e-06	6e-06	-17	-8.6603	0
113	19.079	-6e-06	6e-06	17	8.6603	0
113	19.079	-6e-06	6e-06	-8	-17.321	0
113	19.079	-6e-06	6e-06	8	17.321	0
113	19.079	-6e-06	6e-06	-16	-10.392	0
113	19.079	-6e-06	6e-06	16	10.392	0
113	19.079	-6e-06	6e-06	-11	-15.588	0
113	19.079	-6e-06	6e-06	11	15.588	0
114	19.157	4e-06	4e-06	-15.5	11.258	0
114	19.157	4e-06	4e-06	15.5	-11.258	0
114	19.157	4e-06	4e-06	-17.5	7.7942	0
114	19.157	4e-06	4e-06	17.5	-7.7942	0
114	19.157	4e-06	4e-06	2	-19.053	0
114	19.157	4e-06	4e-06	-2	19.053	0
114	19.157	4e-06	4e-06	-2	-19.053	0
114	19.157	4e-06	4e-06	2	19.053	0
114	19.157	4e-06	4e-06	-17.5	-7.7942	0
114	19.157	4e-06	4e-06	17.5	7.7942	0
114	19.157	4e-06	4e-06	-15.5	-11.258	0
114	19.157	4e-06	4e-06	15.5	11.258	0
115	19.287	8e-06	8e-06	-15	12.124	0
115	19.287	8e-06	8e-06	15	-12.124	0
115	19.287	8e-06	8e-06	-18	6.9282	0
115	19.287	8e-06	8e-06	18	-6.9282	0
115	19.287	8e-06	8e-06	3	-19.053	0
115	19.287	8e-06	8e-06	-3	19.053	0
115	19.287	8e-06	8e-06	-3	-19.053	0
115	19.287	8e-06	8e-06	3	19.053	0
115	19.287	8e-06	8e-06	-18	-6.9282	0
115	19.287	8e-06	8e-06	18	6.9282	0
115	19.287	8e-06	8e-06	-15	-12.124	0
115	19.287	8e-06	8e-06	15	12.124	0
116	19.313	3e-06	3e-06	-12.5	14.722	0
116	19.313	3e-06	3e-06	12.5	-14.722	0
116	19.313	3e-06	3e-06	6.5	-18.187	0
116	19.313	3e-06	3e-06	-6.5	18.187	0
116	19.313	3e-06	3e-06	19	-3.4641	0
116	19.313	3e-06	3e-06	-19	3.4641	0
116	19.313	3e-06	3e-06	-19	-3.4641	0
116	19.313	3e-06	3e-06	19	3.4641	0
116	19.313	3e-06	3e-06	-6.5	-18.187	0
116	19.313	3e-06	3e-06	6.5	18.187	0
116	19.313	3e-06	3e-06	-12.5	-14.722	0
116	19.313	3e-06	3e-06	12.5	14.722	0
117	19.468	7e-06	7e-06	-14.5	12.99	0
117	19.468	7e-06	7e-06	14.5	-12.99	0
117	19.468	7e-06	7e-06	-18.5	6.0622	0
117	19.468	7e-06	7e-06	18.5	-6.0622	0
117	19.468	7e-06	7e-06	4	-19.053	0
117	19.468	7e-06	7e-06	-4	19.053	0
117	19.468	7e-06	7e-06	-4	-19.053	0
117	19.468	7e-06	7e-06	4	19.053	0
117	19.468	7e-06	7e-06	-18.5	-6.0622	0
117	19.468	7e-06	7e-06	18.5	6.0622	0
117	19.468	7e-06	7e-06	-14.5	-12.99	0
117	19.468	7e-06	7e-06	14.5	12.99	0
118	19.519	1.7e-05	1.7e-05	-10.5	16.454	0
118	19.519	1.7e-05	1.7e-05	10.5	-16.454	0
118	19.519	1.7e-05	1.7e-05	9	-17.321	0
118	19.519	1.7e-05	1.7e-05	-9	17.321	0
118	19.519	1.7e-05	1.7e-05	-19.5	0.86603	0
118	19.519	1.7e-05	1.7e-05	19.5	-0.86603	0
118	19.519	1.7e-05	1.7e-05	-19.5	-0.86603	0
118	19.519	1.7e-05	1.7e-05	19.5	0.86603	0
118	19.519	1.7e-05	1.7e-05	-9	-17.321	0
118	19.519	1.7e-05	1.7e-05	9	17.321	0
118	19.519	1.7e-05	1.7e-05	-10.5	-16.454	0
118	19.519	1.7e-05	1.7e-05	10.5	16.454	0
119	19.672	5e-06	5e-06	-12	15.588	0
119	19.672	5e-06	5e-06	12	-15.588	0
119	19.672	5e-06	5e-06	7.5	-18.187	0
119	19.672	5e-06	5e-06	-7.5	18.187	0
119	19.672	5e-06	5e-06	-19.5	2.5981	0
119	19.672	5e-06	5e-06	19.5	-2.5981	0
119	19.672	5e-06	5e-06	-19.5	-2.5981	0
119	19.672	5e-06	5e-06	19.5	2.5981	0
119	19.672	5e-06	5e-06	-7.5	-18.187	0
119	19.672	5e-06	5e-06	7.5	18.187	0
119	19.672	5e-06	5e-06	-12	-15.588	0
119	19.672	5e-06	5e-06	12	15.588	0
120	19.698	8e-06	8e-06	-14	13.856	0
120	19.698	8e-06	8e-06	14	-13.856	0
120	19.698	8e-06	8e-06	-19	5.1962	0
120	19.698	8e-06	8e-06	19	-5.1962	0
120	19.698	8e-06	8e-06	5	-19.053	0
120	19.698	8e-06	8e-06	-5	19.053	0
120	19.698	8e-06	8e-06	-19	-5.1962	0
120	19.698	8e-06	8e-06	19	5.1962	0
120	19.698	8e-06	8e-06	-5	-19.053	0
120	19.698	8e-06	8e-06	5	19.053	0
120	19.698	8e-06	8e-06	-14	-13.856	0
120	19.698	8e-06	8e-06	14	13.856	0
121	19.925	8e-06	8e-06	-17	10.392	0
121	19.925	8e-06	8e-06	17	-10.392	0
121	19.925	8e-06	8e-06	-17.5	9.5263	0
121	19.925	8e-06	8e-06	17.5	-9.5263	0
121	19.925	8e-06	8e-06	0.5	-19.919	0
121	19.925	8e-06	8e-06	-0.5	19.919	0
121	19.925	8e-06	8e-06	-0.5	-19.919	0
121	19.925	8e-06	8e-06	0.5	19.919	0
121	19.925	8e-06	8e-06	-17.5	-9.5263	0
121	19.925	8e-06	8e-06	17.5	9.5263	0
121	19.925	8e-06	8e-06	-17	-10.392	0
121	19.925	8e-06	8e-06	17	10.392	0
122	19.975	-3e-06	3e-06	-13.5	14.722	0
122	19.975	-3e-06	3e-06	13.5	-14.722	0
122	19.975	-3e-06	3e-06	-16.5	11.258	0
122	19.975	-3e-06	3e-06	16.5	-11.258	0
122	19.975	-3e-06	3e-06	-18	8.6603	0
122	19.975	-3e-06	3e-06	18	-8.6603	0
122	19.975	-3e-06	3e-06	6	-19.053	0
122	19.975	-3e-06	3e-06	-6	19.053	0
122	19.975	-3e-06	3e-06	-19.5	4.3301	0
122	19.975	-3e-06	3e-06	19.5	-4.3301	0
122	19.975	-3e-06	3e-06	1.5	-19.919	0
122	19.975	-3e-06	3e-06	-1.5	19.919	0
122	19.975	-3e-06	3e-06	-1.5	-19.919	0
122	19.975	-3e-06	3e-06	1.5	19.919	0
122	19.975	-3e-06	3e-06	-19.5	-4.3301	0
122	19.975	-3e-06	3e-06	19.5	4.3301	0
122	19.975	-3e-06	3e-06	-6	-19.053	0
122	19.975	-3e-06	3e-06	6	19.053	0
122	19.975	-3e-06	3e-06	-18	-8.6603	0
122	19.975	-3e-06	3e-06	18	8.6603	0
122	19.975	-3e-06	3e-06	-16.5	-11.258	0
122	19.975	-3e-06	3e-06	16.5	11.258	0
122	19.975	-3e-06	3e-06	-13.5	-14.722	0
122	19.975	-3e-06	3e-06	13.5	14.722	0
123	20	1e-05	1e-05	10	-17.321	0
123	20	1e-05	1e-05	-10	17.321	0
123	20	1e-05	1e-05	-20	0	0
123	20	1e-05	1e-05	20	0	0
123	20	1e-05	1e-05	-10	-17.321	0
123	20	1e-05	1e-05	10	17.321	0
124	20.075	1.8e-05	1.8e-05	-16	12.124	0
124	20.075	1.8e-05	1.8e-05	16	-12.124	0
124	20.075	1.8e-05	1.8e-05	-18.5	7.7942	0
124	20.075	1.8e-05	1.8e-05	18.5	-7.7942	0
124	20.075	1.8e-05	1.8e-05	2.5	-19.919	0
124	20.075	1.8e-05	1.8e-05	-2.5	19.919	0
124	20.075	1.8e-05	1.8e-05	-2.5	-19.919	0
124	20.075	1.8e-05	1.8e-05	2.5	19.919	0
124	20.075	1.8e-05	1.8e-05	-18.5	-7.7942	0
124	20.075	1.8e-05	1.8e-05	18.5	7.7942	0
124	20.075	1.8e-05	1.8e-05	-16	-12.124	0
124	20.075	1.8e-05	1.8e-05	16	12.124	0
124	20.075	1e-06	1e-06	-11.5	16.454	0
124	20.075	1e-06	1e-06	11.5	-16.454	0
124	20.075	1e-06	1e-06	8.5	-18.187	0
124	20.075	1e-06	1e-06	-8.5	18.187	0
124	20.075	1e-06	1e-06	-20	1.7321	0
124	20.075	1e-06	1e-06	20	-1.7321	0
124	20.075	1e-06	1e-06	-20	-1.7321	0
124	20.075	1e-06	1e-06	20	1.7321	0
124	20.075	1e-06	1e-06	-8.5	-18.187	0
124	20.075	1e-06	1e-06	8.5	18.187	0
124	20.075	1e-06	1e-06	-11.5	-16.454	0
124	20.075	1e-06	1e-06	11.5	16.454	0
125	20.224	-1.1e-05	1.1e-05	-15.5	12.99	0
125	20.224	-1.1e-05	1.1e-05	15.5	-12.99	0
125	20.224	-1.1e-05	1.1e-05	-19	6.9282	0
125	20.224	-1.1e-05	1.1e-05	19	-6.9282	0
125	20.224	-1.1e-05	1.1e-05	3.5	-19.919	0
125	20.224	-1.1e-05	1.1e-05	-3.5	19.919	0
125	20.224	-1.1e-05	1.1e-05	-3.5	-19.919	0
125	20.224	-1.1e-05	1.1e-05	3.5	19.919	0
125	20.224	-1.1e-05	1.1e-05	-19	-6.9282	0
125	20.224	-1.1e-05	1.1e-05	19	6.9282	0
125	20.224	-1.1e-05	1.1e-05	-15.5	-12.99	0
125	20.224	-1.1e-05	1.1e-05	15.5	12.99	0
126	20.298	3e-06	3e-06	-13	15.588	0
126	20.298	3e-06	3e-06	13	-15.588	0
126	20.298	3e-06	3e-06	7	-19.053	0
126	20.298	3e-06	3e-06	-7	19.053	0
126	20.298	3e-06	3e-06	-20	3.4641	0
126	20.298	3e-06	3e-06	20	-3.4641	0
126	20.298	3e-06	3e-06	-20	-3.4641	0
126	20.298	3e-06	3e-06	20	3.4641	0
126	20.298	3e-06	3e-06	-7	-19.053	0
126	20.298	3e-06	3e-06	7	19.053	0
126	20.298	3e-06	3e-06	-13	-15.588	0
126	20.298	3e-06	3e-06	13	15.588	0
127	20.421	1.8e-05	1.8e-05	-15	13.856	0
127	20.421	1.8e-05	1.8e-05	15	-13.856	0
127	20.421	1.8e-05	1.8e-05	-19.5	6.0622	0
127	20.421	1.8e-05	1.8e-05	19.5	-6.0622	0
127	20.421	1.8e-05	1.8e-05	4.5	-19.919	0
127	20.421	1.8e-05	1.8e-05	-4.5	19.919	0
127	20.421	1.8e-05	1.8e-05	-4.5	-19.919	0
127	20.421	1.8e-05	1.8e-05	4.5	19.919	0
127	20.421	1.8e-05	1.8e-05	-19.5	-6.0622	0
127	20.421	1.8e-05	1.8e-05	19.5	6.0622	0
127	20.421	1.8e-05	1.8e-05	-15	-13.856	0
127	20.421	1.8e-05	1.8e-05	15	13.856	0
128	20.518	1.3e-05	1.3e-05	-11	17.321	0
128	20.518	1.3e-05	1.3e-05	11	-17.321	0
128	20.518	1.3e-05	1.3e-05	9.5	-18.187	0
128	20.518	1.3e-05	1.3e-05	-9.5	18.187	0
128	20.518	1.3e-05	1.3e-05	-20.5	0.86603	0
128	20.518	1.3e-05	1.3e-05	20.5	-0.86603	0
128	20.518	1.3e-05	1.3e-05	-20.5	-0.86603	0
128	20.518	1.3e-05	1.3e-05	20.5	0.86603	0
128	20.518	1.3e-05	1.3e-05	-9.5	-18.187	0
128	20.518	1.3e-05	1.3e-05	9.5	18.187	0
128	20.518	1.3e-05	1.3e-05	-11	-17.321	0
128	20.518	1.3e-05	1.3e-05	11	17.321	0
129	20.664	-7e-06	7e-06	-14.5	14.722	0
129	20.664	-7e-06	7e-06	14.5	-14.722	0
129	20.664	-7e-06	7e-06	-20	5.1962	0
129	20.664	-7e-06	7e-06	20	-5.1962	0
129	20.664	-7e-06	7e-06	5.5	-19.919	0
129	20.664	-7e-06	7e-06	-5.5	19.919	0
129	20.664	-7e-06	7e-06	-20	-5.1962	0
129	20.664	-7e-06	7e-06	20	5.1962	0
129	20.664	-7e-06	7e-06	-5.5	-19.919	0
129	20.664	-7e-06	7e-06	5.5	19.919	0
129	20.664	-7e-06	7e-06	-14.5	-14.722	0
129	20.664	-7e-06	7e-06	14.5	14.722	0
129	20.664	2e-06	2e-06	-12.5	16.454	0
129	20.664	2e-06	2e-06	12.5	-16.454	0
129	20.664	2e-06	2e-06	8	-19.053	0
129	20.664	2e-06	2e-06	-8	19.053	0
129	20.664	2e-06	2e-06	-20.5	2.5981	0
129	20.664	2e-06	2e-06	20.5	-2.5981	0
129	20.664	2e-06	2e-06	-20.5	-2.5981	0
129	20.664	2e-06	2e-06	20.5	2.5981	0
129	20.664	2e-06	2e-06	-8	-19.053	0
129	20.664	2e-06	2e-06	8	19.053	0
129	20.664	2e-06	2e-06	-12.5	-16.454	0
129	20.664	2e-06	2e-06	12.5	16.454	0
130	20.785	-6e-06	6e-06	-18	10.392	0
130	20.785	-6e-06	6e-06	18	-10.392	0
130	20.785	-6e-06	6e-06	-7.4047e-08	-20.785	0
130	20.785	-6e-06	6e-06	7.4047e-08	20.785	0
130	20.785	-6e-06	6e-06	-18	-10.392	0
130	20.785	-6e-06	6e-06	18	10.392	0
131	20.809	-1.8e-05	1.8e-05	-17.5	11.258	0
131	20.809	-1.8e-05	1.8e-05	17.5	-11.258	0
131	20.809	-1.8e-05	1.8e-05	-18.5	9.5263	0
131	20.809	-1.8e-05	1.8e-05	18.5	-9.5263	0
131	20.809	-1.8e-05	1.8e-05	1	-20.785	0
131	20.809	-1.8e-05	1.8e-05	-1	20.785	0
131	20.809	-1.8e-05	1.8e-05	-1	-20.785	0
131	20.809	-1.8e-05	1.8e-05	1	20.785	0
131	20.809	-1.8e-05	1.8e-05	-18.5	-9.5263	0
131	20.809	-1.8e-05	1.8e-05	18.5	9.5263	0
131	20.809	-1.8e-05	1.8e-05	-17.5	-11.258	0
131	20.809	-1.8e-05	1.8e-05	17.5	11.258	0
132	20.881	-1.1e-05	1.1e-05	-17	12.124	0
132	20.881	-1.1e-05	1.1e-05	17	-12.124	0
132	20.881	-1.1e-05	1.1e-05	-19	8.6603	0
132	20.881	-1.1e-05	1.1e-05	19	-8.6603	0
132	20.881	-1.1e-05	1.1e-05	2	-20.785	0
132	20.881	-1.1e-05	1.1e-05	-2	20.785	0
132	20.881	-1.1e-05	1.1e-05	-2	-20.785	0
132	20.881	-1.1e-05	1.1e-05	2	20.785	0
132	20.881	-1.1e-05	1.1e-05	-19	-8.6603	0
132	20.881	-1.1e-05	1.1e-05	19	8.6603	0
132	20.881	-1.1e-05	1.1e-05	-17	-12.124	0
132	20.881	-1.1e-05	1.1e-05	17	12.124	0
133	20.952	9e-06	9e-06	-14	15.588	0
133	20.952	9e-06	9e-06	14	-15.588	0
133	20.952	9e-06	9e-06	6.5	-19.919	0
133	20.952	9e-06	9e-06	-6.5	19.919	0
133	20.952	9e-06	9e-06	-20.5	4.3301	0
133	20.952	9e-06	9e-06	20.5	-4.3301	0
133	20.952	9e-06	9e-06	-20.5	-4.3301	0
133	20.952	9e-06	9e-06	20.5	4.3301	0
133	20.952	9e-06	9e-06	-6.5	-19.919	0
133	20.952	9e-06	9e-06	6.5	19.919	0
133	20.952	9e-06	9e-06	-14	-15.588	0
133	20.952	9e-06	9e-06	14	15.588	0
134	21	2.7e-05	2.7e-05	10.5	-18.187	0
134	21	2.7e-05	2.7e-05	-10.5	18.187	0
134	21	2.7e-05	2.7e-05	-21	0	0
134	21	2.7e-05	2.7e-05	21	0	0
134	21	2.7e-05	2.7e-05	-10.5	-18.187	0
134	21	2.7e-05	2.7e-05	10.5	18.187	0
134	21	8e-06	8e-06	-16.5	12.99	0
134	21	8e-06	8e-06	16.5	-12.99	0
134	21	8e-06	8e-06	-19.5	7.7942	0
134	21	8e-06	8e-06	19.5	-7.7942	0
134	21	8e-06	8e-06	3	-20.785	0
134	21	8e-06	8e-06	-3	20.785	0
134	21	8e-06	8e-06	-3	-20.785	0
134	21	8e-06	8e-06	3	20.785	0
134	21	8e-06	8e-06	-19.5	-7.7942	0
134	21	8e-06	8e-06	19.5	7.7942	0
134	21	8e-06	8e-06	-16.5	-12.99	0
134	21	8e-06	8e-06	16.5	12.99	0
135	21.071	-6e-06	6e-06	-12	17.321	0
135	21.071	-6e-06	6e-06	12	-17.321	0
135	21.071	-6e-06	6e-06	-21	1.7321	0
135	21.071	-6e-06	6e-06	21	-1.7321	0
135	21.071	-6e-06	6e-06	-9	-19.053	0
135	21.071	-6e-06	6e-06	9	19.053	0
136	21.166	1.6e-05	1.6e-05	-16	13.856	0
136	21.166	1.6e-05	1.6e-05	16	-13.856	0
136	21.166	1.6e-05	1.6e-05	-20	6.9282	0
136	21.166	1.6e-05	1.6e-05	20	-6.9282	0
136	21.166	1.6e-05	1.6e-05	4	-20.785	0
136	21.166	1.6e-05	1.6e-05	-4	20.785	0
136	21.166	1.6e-05	1.6e-05	-4	-20.785	0
136	21.166	1.6e-05	1.6e-05	4	20.785	0
136	21.166	1.6e-05	1.6e-05	-20	-6.9282	0
136	21.166	1.6e-05	1.6e-05	20	6.9282	0
136	21.166	1.6e-05	1.6e-05	-16	-13.856	0
136	21.166	1.6e-05	1.6e-05	16	13.856	0
137	21.284	-1.9e-05	1.9e-05	-13.5	16.454	0
137	21.284	-1.9e-05	1.9e-05	13.5	-16.454	0
137	21.284	-1.9e-05	1.9e-05	-21	3.4641	0
137	21.284	-1.9e-05	1.9e-05	21	-3.4641	0
137	21.284	-1.9e-05	1.9e-05	-7.5	-19.919	0
137	21.284	-1.9e-05	1.9e-05	7.5	19.919	0
138	21.378	-3e-06	3e-06	-15.5	14.722	0
138	21.378	-3e-06	3e-06	15.5	-14.722	0
138	21.378	-3e-06	3e-06	-20.5	6.0622	0
138	21.378	-3e-06	3e-06	20.5	-6.0622	0
138	21.378	-3e-06	3e-06	5	-20.785	0
138	21.378	-3e-06	3e-06	-5	20.785	0
138	21.378	-3e-06	3e-06	-20.5	-6.0622	0
138	21.378	-3e-06	3e-06	20.5	6.0622	0
138	21.378	-3e-06	3e-06	-5	-20.785	0
138	21.378	-3e-06	3e-06	5	20.785	0
138	21.378	-3e-06	3e-06	-15.5	-14.722	0
138	21.378	-3e-06	3e-06	15.5	14.722	0
139	21.633	-2.2e-05	2.2e-05	-15	15.588	0
139	21.633	-2.2e-05	2.2e-05	15	-15.588	0
139	21.633	-2.2e-05	2.2e-05	-21	5.1962	0
139	21.633	-2.2e-05	2.2e-05	21	-5.1962	0
139	21.633	-2.2e-05	2.2e-05	-6	-20.785	0
139	21.633	-2.2e-05	2.2e-05	6	20.785	0
140	21.656	6e-06	6e-06	-18.5	11.258	0
140	21.656	6e-06	6e-06	18.5	-11.258	0
140	21.656	6e-06	6e-06	-19	10.392	0
140	21.656	6e-06	6e-06	19	-10.392	0
140	21.656	6e-06	6e-06	0.5	-21.651	0
140	21.656	6e-06	6e-06	-0.5	21.651	0
140	21.656	6e-06	6e-06	-0.5	-21.651	0
140	21.656	6e-06	6e-06	0.5	21.651	0
140	21.656	6e-06	6e-06	-19	-10.392	0
140	21.656	6e-06	6e-06	19	10.392	0
140	21.656	6e-06	6e-06	-18.5	-11.258	0
140	21.656	6e-06	6e-06	18.5	11.258	0
141	21.703	-3e-06	3e-06	-18	12.124	0
141	21.703	-3e-06	3e-06	18	-12.124	0
141	21.703	-3e-06	3e-06	-19.5	9.5263	0
141	21.703	-3e-06	3e-06	19.5	-9.5263	0
141	21.703	-3e-06	3e-06	1.5	-21.651	0
141	21.703	-3e-06	3e-06	-1.5	21.651	0
141	21.703	-3e-06	3e-06	-1.5	-21.651	0
141	21.703	-3e-06	3e-06	1.5	21.651	0
141	21.703	-3e-06	3e-06	-19.5	-9.5263	0
141	21.703	-3e-06	3e-06	19.5	9.5263	0
141	21.703	-3e-06	3e-06	-18	-12.124	0
141	21.703	-3e-06	3e-06	18	12.124	0
142	21.794	-1e-05	1e-05	-17.5	12.99	0
142	21.794	-1e-05	1e-05	17.5	-12.99	0
142	21.794	-1e-05	1e-05	-20	8.6603	0
142	21.794	-1e-05	1e-05	20	-8.6603	0
142	21.794	-1e-05	1e-05	2.5	-21.651	0
142	21.794	-1e-05	1e-05	-2.5	21.651	0
142	21.794	-1e-05	1e-05	-2.5	-21.651	0
142	21.794	-1e-05	1e-05	2.5	21.651	0
142	21.794	-1e-05	1e-05	-20	-8.6603	0
142	21.794	-1e-05	1e-05	20	8.6603	0
142	21.794	-1e-05	1e-05	-17.5	-12.99	0
142	21.794	-1e-05	1e-05	17.5	12.99	0
143	21.932	-1.1e-05	1.1e-05	-17	13.856	0
143	21.932	-1.1e-05	1.1e-05	17	-13.856	0
143	21.932	-1.1e-05	1.1e-05	-20.5	7.7942	0
143	21.932	-1.1e-05	1.1e-05	20.5	-7.7942	0
143	21.932	-1.1e-05	1.1e-05	3.5	-21.651	0
143	21.932	-1.1e-05	1.1e-05	-3.5	21.651	0
143	21.932	-1.1e-05	1.1e-05	-3.5	-21.651	0
143	21.932	-1.1e-05	1.1e-05	3.5	21.651	0
143	21.932	-1.1e-05	1.1e-05	-20.5	-7.7942	0
143	21.932	-1.1e-05	1.1e-05	20.5	7.7942	0
143	21.932	-1.1e-05	1.1e-05	-17	-13.856	0
143	21.932	-1.1e-05	1.1e-05	17	13.856	0
144	22.113	1e-06	1e-06	-16.5	14.722	0
144	22.113	1e-06	1e-06	16.5	-14.722	0
144	22.113	1e-06	1e-06	-21	6.9282	0
144	22.113	1e-06	1e-06	21	-6.9282	0
144	22.113	1e-06	1e-06	-4.5	-21.651	0
144	22.113	1e-06	1e-06	4.5	21.651	0
145	22.517	5e-06	5e-06	-19.5	11.258	0
145	22.517	5e-06	5e-06	19.5	-11.258	0
145	22.517	5e-06	5e-06	-8.0218e-08	-22.517	0
145	22.517	5e-06	5e-06	8.0218e-08	22.517	0
145	22.517	5e-06	5e-06	-19.5	-11.258	0
145	22.517	5e-06	5e-06	19.5	11.258	0
146	22.539	1.2e-05	1.2e-05	-19	12.124	0
146	22.539	1.2e-05	1.2e-05	19	-12.124	0
146	22.539	1.2e-05	1.2e-05	-20	10.392	0
146	22.539	1.2e-05	1.2e-05	20	-10.392	0
146	22.539	1.2e-05	1.2e-05	1	-22.517	0
146	22.539	1.2e-05	1.2e-05	-1	22.517	0
146	22.539	1.2e-05	1.2e-05	-1	-22.517	0
146	22.539	1.2e-05	1.2e-05	1	22.517	0
146	22.539	1.2e-05	1.2e-05	-20	-10.392	0
146	22.539	1.2e-05	1.2e-05	20	10.392	0
146	22.539	1.2e-05	1.2e-05	-19	-12.124	0
146	22.539	1.2e-05	1.2e-05	19	12.124	0
147	22.605	7e-06	7e-06	-18.5	12.99	0
147	22.605	7e-06	7e-06	18.5	-12.99	0
147	22.605	7e-06	7e-06	-20.5	9.5263	0
147	22.605	7e-06	7e-06	20.5	-9.5263	0
147	22.605	7e-06	7e-06	2	-22.517	0
147	22.605	7e-06	7e-06	-2	22.517	0
147	22.605	7e-06	7e-06	-2	-22.517	0
147	22.605	7e-06	7e-06	2	22.517	0
147	22.605	7e-06	7e-06	-20.5	-9.5263	0
147	22.605	7e-06	7e-06	20.5	9.5263	0
147	22.605	7e-06	7e-06	-18.5	-12.99	0
147	22.605	7e-06	7e-06	18.5	12.99	0
148	22.716	0	0	-18	13.856	0
148	22.716	0	0	18	-13.856	0
148	22.716	0	0	-21	8.6603	0
148	22.716	0	0	21	-8.6603	0
148	22.716	0	0	-3	-22.517	0
148	22.716	0	0	3	22.517	0
149	23.388	-5e-06	5e-06	-20	12.124	0
149	23.388	-5e-06	5e-06	20	-12.124	0
149	23.388	-5e-06	5e-06	-20.5	11.258	0
149	23.388	-5e-06	5e-06	20.5	-11.258	0
149	23.388	-5e-06	5e-06	0.5	-23.383	0
149	23.388	-5e-06	5e-06	-0.5	23.383	0
149	23.388	-5e-06	5e-06	-0.5	-23.383	0
149	23.388	-5e-06	5e-06	0.5	23.383	0
149	23.388	-5e-06	5e-06	-20.5	-11.258	0
149	23.388	-5e-06	5e-06	20.5	11.258	0
149	23.388	-5e-06	5e-06	-20	-12.124	0
149	23.388	-5e-06	5e-06	20	12.124	0
150	23.431	-7e-06	7e-06	-19.5	12.99	0
150	23.431	-7e-06	7e-06	19.5	-12.99	0
150	23.431	-7e-06	7e-06	-21	10.392	0
150	23.431	-7e-06	7e-06	21	-10.392	0
150	23.431	-7e-06	7e-06	-1.5	-23.383	0
150	23.431	-7e-06	7e-06	1.5	23.383	0
151	24.249	0	0	0	0	0
